0A1 10  0  0  0.01  0  0 .1  0  3 .1  0  0  0  0  0  0 .5  0  1  0  0  0  0 .1
0A2  0  0  0.01  0  0  0  0  8  0  0  0  0  0 .1 .1  0  0  0  0  0  0  0 .1  0
0A3  0  0  0.01  0  0  0.01  0  0  0  0  0  0  0  0  0  0  0  0  0  0  0  0  0
0A4  0  0 .1 .1  0  0  0  0  0  0  0  0  0  0  0  0  0  0  0  0  0  0  0  0  0
0A5 38  0  0  0  0  0  0  0  0  0  0  0  0 
0C1  7  0  4  0  0  0  0 .1 .5  2  0  0  0  0  0  0  0 .5  0  1  0  0  0  0  1
0C2  0  0  0  0  0  0  0  0  4  0  0  0  0  0  1 .1  0  0  0  0  0  0  0 .5  0
0C3  0  0  0  0  0  0  0  0  0 .1  0  0  0  0  0  0  0  0  0  0  0  0  0  0 .1
0C4  0  0 .1 .1  0  0  0  0  0  0  0  0  0  0  0  0  0  0  0  0  0  0  0  0  0
0C5 37  0  0  0  0  0  0  0  0  0  0  0  0 
0E1 12  0  1  0  0  0  0.01  0  3 .1  0  0  0  0  0  0 .5  0  1  0  0  0  0 .5
0E2  0  0  0  0  0  0  0  0  7  0  0  0  0  0  0  0  0  0  0  0  0  0  0  1  0
0E3  0  0  0 .1  0  0  0  0  0  0  0  0  0  0  0  0  0  0  0  0  0  0  0  0  0
0E4 .5  0.01  1  0  0  0  0  0  0  0  0  0  0  0  0  0  0  0  0.01  0  0  0  0
0E5 38  0  0  0  0  0  0  0  0  0  0  0  0 
0G1 12  0  0  0  0  0  0 .1  0 .5.01  0  0  0  0  0  0  0  0 12  0  0  0  0  0
0G2  0  0  0  0  0  0  0  0  4  0  0  0  0  0.01 .1  0  0  0  0  0  0  0  2  0
0G3  0  0  0  0  0  0  0  0  0  0  0  0  0  0  0  0  0  0  0  0  0  0  0  0  0
0G4  0  0 .1  0  0  0  0  0  0  0  0  0  0  0  0  0  0  0  0  0.01  0  0  0  0
0G5 38  0  0  0  0  0  0  0  0  0  0  0  0 
0I1  3  0  1  0  0  0  0 .5  0  1 .1  0  0  0  0  0  0  0  0 20  0  0  0  0  0
0I2  0  0  0  0  0  0  0  0  6  0  0  0  0  0  0.01  0  0  0  0  0  0  0 .5  0
0I3  0  0  0  0  0  0  0  0  0  0  0  0  0  0  0  0  0  0  0  0  0  0  0  0  0
0I4  0  0.01  0  0  0  0  0  0  0  0  0  0  0  0  0  0  0  0  0  0  0  0  0  0
0I5 37  0  0  0  0  0  0  0  0  0  0  0  0 
2I1  8  0 .5  0  0  0  0 .1  1  2.01  0  0  0  0  0  0  0  0 17  0  0  0  0 .1
2I2  0  0  0  0  0  0  0  0  1  0  0  0  0  0  0 .1  0  0  0  0  0  0  0 .5  0
2I3  0  0  0  0  0  0  0  0  0  0  0  0  0  0  0  0  0  0  0  0  0  0  0  0  0
2I4  0  0.01  0  0  0  0  0  0  0  0  0  0  0  0  0  0  0  0  0  0  0  0  0  0
2I5 36  0  0  0  0  0  0  0  0  0  0  0  0 
2G1  1  0  1  0  0  0  0 .5  0  2.01  0  0  0  0  0  0  0  0 12  0  0  0  0  0
2G2  0  0  0  0  0  0  0  0  4  0  0  0  0  0  0 .1  0  0  0  0  0  0  0 .1  0
2G3  0  0  0  0  0  0  0  0  0  0  0  0  0  0  0  0  0  0  0  0  0  0  0  0  0
2G4  0.01.01 .5  0  0  0  0  0  0  0  0  0  0  0  0  0  0  0  0  0  0  0  0  0
2G5 38  0  0  0  0  0  0  0  0  0  0  0  0 
2E1 14  0  2  0  0  0  0 .1 10  0.01  0  0  0  0  0  0  1  0  6  0  0  0  0.01
2E2  0  0  0  0  0  0  0  0  5  0  0  0  0  0  0  0  0  0  0  0  0  0  0  1  0
2E3  0  0  0  0  0  0  0  0  0  0  0  0  0  0  0  0  0  0  0  0  0  0  0  0  0
2E4  0  0 .1 .1  0  0  0  0  0  0  0  0  0  0  0  0  0  0  0  0  0  0  0  0  0
2E5 38  0  0  0  0  0  0  0  0  0  0  0  0 
2C1 15  0 .5  0  0  0  0 .5  0  1 .1  0  0  0  0  0  0  0  0  5  0  0  0  0.01
2C2  0  0  0  0  0  0  0  0 .5  0  0  0  0  0.01  0  0  0  0  0  0  0  0  1  0
2C3  0  0  0  0  0  0  0  0  0  0  0  0  0  0  0  0  0  0  0  0  0  0  0  0.01
2C4  0  0.01  0  0  0  0  0  0  0  0.01  0  0  0  0  0  0  0  0  0  0  0  0  0
2C5 39  0  0  0  0  0  0  0  0  0  0  0  0 
2A1  5  0  5  0  0  0  0  1  0 .5 .1  0  0  0  0  0  0 .5  0 12  0  0  0  0  0
2A2  0  0  0  0  0  0  0  0  1  0  0  0  0  0  0  0  0  0  0  0  0  0  0  2  0
2A3  0  0  0 .1  0  0  0  0  0  0  0  0  0  0  0  0  0  0  0  0  0  0  0  0  0
2A4  0  0  0  0  0  0  0  0  0  0  0  0  0  0  0  0  0  0  0  0 .1  0  0  0  0
2A5 38  0  0  0  0  0  0  0  0  0  0  0  0 
4A1  5  0  2  0  0  0  0 .1  0  2.01  0  0  0  0  0  0 .5  0  2  0  0  0  0 .5
4A2  0  0  0  0  0  0  0  0  4  0  0  0  0  0  0  0  0.01  0  0  0  0  0 .5  0
4A3  0  0  0  0  0  0  0  0  0  0  0  0  0  0  0  0  0  0  0  0  0  0  0  0  0
4A4  0  0.01.01  0  0  0  0  0  0  0  0  0  0  0  0  0  0  0  0  0  0  0  0  0
4A5 41  0  0  0  0  0  0  0  0  0  0  0  0 
4C1  8  0  3  0  0  0  0 .5 12  0.01  0  0  0  0  0  0 .1  0  6  0  0  0  0  0
4C2  0  0  0  0  0  0  0  0  1  0  0  0  0  0  0  0  0.01  0  0  0  0  0 .5  0
4C3  0  0  0  0  0  0  0  0  0  0  0  0  0  0  0  0  0  0  0  0  0  0  0  0  0
4C4  0  0.01  0  0  0  0  0  0  0  0  0  0  0  0  0  0  0  0  0  0  0  0  0  0
4C5 38  0  0  0  0  0  0  0  0  0  0  0  0 
4E1  3  0  0  0  0  0  0 .5  3 .5 .1  0  0  0  0  0  0 .5  0 15  0  0  0  0  0
4E2  0  0  0  0  0  0  0  0  2  0  0  0  0  0 .1  0  0  0  0  0  0  0  0 .5  0
4E3  0  0  0 .1  0  0  0  0  0  0  0  0  0  0  0  0  0  0  0  0  0  0  0  0  0
4E4  0  0  0  0  0  0  0  0  0  0  0  0  0  0  0  0  0  0  0  0  0  0  0  0  0
4E5 38  0  0  0  0  0  0  0  0  0  0  0  0 
4G1 10  0  2  0  0  0  0  1  3  0  0  0  0  0  0  0  0  0  0 20  0  0  0  0  0
4G2  0  0  0  0  0  0  0  0  1  0  0  0  0  0  0 .1  0  0  0  0  0  0  0  1  0
4G3  0  0  0  0  0  0  0  0  0  0  0  0  0  0  0  0  0  0  0  0  0  0  0  0  0
4G4  0  0  0  0  0  0  0  0  0  0  0  0  0  0  0  0  0  0  0  0  0  0  0  0  0
4G5 39  0  0  0  0  0  0  0  0  0  0  0  0 
4I1  7  0  2  0  0  0  0  1  0  0.01  0  0  0  0  0  0 .5  0 10  0  0  0  0  0
4I2  0  0  0  0  0  0  0  0  2  0  0  0  0  0  0 .1  0  0  0  0  0  0  0  1  0
4I3  0  0  0  0  0  0  0  0  0  0  0  0  0  0  0  0  0  0  0  0  0  0  0  0  0
4I4  0  0  0  0  0  0  0  0  0  0  0.01  0  0  0  0  0  0  0  0  0  0  0  0  0
4I5 39  0  0  0  0  0  0  0  0  0  0  0  0 
6I1  5  0  1  0  0  0  0  1 .5  0.01  0  0  0  0  0  0 .1  0 15  0  0  0  0  0
6I2  0  0  0  0  0  0  0  0  4  0  0  0  0  0  0  0  0  0  0  0  0  0  0  2  0
6I3  0  0  0  0  0  0  0  0  0  0  0  0  0  0  0  0  0  0  0  0  0  0  0  0  0
6I4  0.01  0  0  0  0  0  0  0  0  0  0  0  0  0  0  0  0  0  0  0  0  0  0  0
6I5 42  0  0  0  0  0  0  0  0  0  0  0  0 
6G1  5  0  1  0  0  0  0  2  4 .1.01  0  0  0  0  0  0  0  0  8  0  0  0  0  0
6G2  0  0  0  0  0  0  0  0  1  0  0  0  0  0  0  0  0  0  0  0  0  0  0  2  0
6G3  0  0  0  0  0  0  0  0  0  0  0  0  0  0  0  0  0  0  0  0  0  0  0  0  0
6G4  0  0.01  0  0  0  0  0  0  0  0  0  0  0  0  0  0  0  0  0  0  0  0  0  0
6G5 39  0  0  0  0  0  0  0  0  0  0  0  0 
6E1  3  0  4  0  0  0  0  1  1 .1 .1  0  0  0  0  0  0 .5  0  3  0  0  0  0 .5
6E2  0  0  0  0  0  0  0  0  1  0  0  0  0  0  0  0  0  0  0  0  0  0  0  2  0
6E3  0  0  0  0  0  0  0  0  0  0  0  0  0  0  0  0  0  0  0  0  0  0  0  0  0
6E4  0  0.01  0  0  0  0  0  0  0  0  0  0  0  0  0  0  0  0  0  0  0  0  0  0
6E5 39  0  0  0  0  0  0  0  0  0  0  0  0 
6C1 10  0  2  0  0  0  0 .5  2  0 .1  0  0  0  0  0  0 .1  0 10  0  0  0  0 .5
6C2  0  0  0  0  0  0  0  0  4  0  0  0  0  0  0  0  0  0  0  0  0  0  0  1  0
6C3  0  0  0  0  0  0  0  0  0  0  0  0  0  0  0  0  0  0  0  0  0  0  0  0  0
6C4  0  0.01  0  0  0  0  0  0  0  0  0  0  0  0  0  0  0  0  0  0  0  0  0  0
6C5 38  0  0  0  0  0  0  0  0  0  0  0  0 
6A1  4  0  3  0  0  0  0 .5 .5  0.01  0  0  0  0  0  0 .1  0  3  0  0  0  0  0
6A2  0  0  0  0  0  0  0  0  3  0  0  0  0  0  0 .5  0  0  0  0  0  0  0  1  0
6A3  0  0  0  0  0  0  0  0  0  0  0  0  0  0  0  0  0  0  0  0  0  0  0  0  0
6A4  0  0.01  0  0  0  0  0  0  0  0  0  0  0  0  0  0  0  0  0  0  0  0  0  0
6A5 40  0  0  0  0  0  0  0  0  0  0  0  0 
8A1  6  0.01  0  0  0  0  1  3  2 .1  0  0  0  0  0  0  0  0  8  0  0  0  0 .1
8A2  0  0  0  0  0  0  0  0  1  0  0  0  0  0  0 .1  0  0  0  0  0  0  0  1  0
8A3  0  0  0  0  0  0  0  0  0  0  0  0  0  0  0  0  0  0  0  0  0  0  0  0  0
8A4  0  0  0  0  0  0  0  0  0  0  0  0  0  0  0  0  0  0  0  0  0  0  0  0  0
8A5 41  0  0  0  0  0  0  0  0  0  0  0  0 
8C1  3  0 .5  0  0  0  0 .5  0 .1.01  0  0  0  0  0  0 .1  0 20  0  0  0  0.01
8C2  0  0  0  0  0  0  0  0  1  0  0  0  0  0  0.01  0 .1  0  0  0  0  0  1  0
8C3  0  0  0.01  0  0  0  0  0  0  0  0  0  0  0  0  0  0  0  0  0  0  0  0  0
8C4  0  0.01  0  0  0  0  0  0  0  0  0  0  0  0  0  0  0  0  0  0  0  0  0  0
8C5 38  0  0  0  0  0  0  0  0  0  0  0  0 
8E1  5  0  0  0  0  0  0 .1  4  0.01  0  0  0  0  0  0  0  0 10  0  0  0  0  0
8E2  0  0  0  0  0  0  0  0  1  0  0  0  0  0  0.01  0  0  0  0  0  0  0 .5  0
8E3  0  0  0  0  0  0  0  0  0  0  0  0  0  0  0  0  0  0  0  0  0  0  0  0  0
8E4  0  0.01  0  0  0  0  0  0  0  0  0  0  0  0  0  0  0  0  0  0  0  0  0  0
8E5 39  0  0  0  0  0  0  0  0  0  0  0  0 
8G1 10  0  0  0  0  0  0  1  4  0 .1  0  0  0  0  0  0 .5  0  4  0  0  0  0  0
8G2  0  0  0  0  0  0  0  0  3  0  0  0  0  0 .1.01  0 .1  0 .5  0  0  0  2  0
8G3  0  0  0  0  0  0  0.01  0  0  0  0  0  0  0  0  0  0  0  0  0  0  0  0  0
8G4  0  0.01  0  0  0  0  0  0  0  0  0  0  0  0  0  0  0  0  0  0  0  0  0  0
8G5 38  0  0  0  0  0  0  0  0  0  0  0  0 
8I1  5  0  0  0  0  0  0  1  2  0.01  0  0  0  0  0  0 .5  0 17  0  0  0  0  0
8I2  0  0  0  0  0  0  0  0  3  0  0  0  0  0  0 .1  0  0  0  0  0  0  0  3  0
8I3  0  0  0  0  0  0  0  0  0  0  0  0  0  0  0  0  0  0  0  0  0  0  0  0  0
8I4  0  0.01  0  0  0  0  0  0  0  0  0  0  0  0  0  0  0  0  0  0  0  0  0  0
8I5 40  0  0  0  0  0  0  0  0  0  0  0  0 
0A1 15  0  0  0 .5  0  0  1  0  3  1  0  0  0  0  0  0  1  0  1  0  0  0  0  1
0A2  0  0  0  0  0  0  0 .1 12  0  0  0  0  0  1 .1  0  0  0  0  0  0  0 18  0
0A3  0  0.01  0  0.01  0 .1  0  0  0  0  0  0  0  0  0  0  0  0  0  0  0  0  0
0A4  0  0  1 .1  0  0  0  0  0  0  0  0  0  0  0  0  0  0  0.01  0  0  0  0.01
0A5 65  0  0  0  0  0  0  0  0  0  0  0  0
0C1  9  0  3  0  0  0  0 .5 .5  2  5  0  0  0  0  0  0 .5  0  2  0  0  0  0  8
0C2  0 .1  1  0  0  0  0  0 10  0 .1  0  0  0  2 .5  0  0  0  0  0  0  0 10.01
0C3  0  0 .1  0 .1 .1 .5 .5.01 .1  0  0  0  0  0  0  0  0  0  0  0  0  0 .1  0
0C4  0  0  2 .1  0  0  0  0  0  0  0  0  0  0  0  0  0  0  0  0  0  0  0  0.01
0C5 64  0  0  0  0  0  0  0  0  0  0  0  0
0E1 18  0  1  0  0  0  0 .1 .5  4  3  0  0  0  0  0  0  2  0 .5  0  0  0  0  3
0E2  0  0 .1  0  0  0  0 .1 10  0.01  0  0  0  0 .1  0  0  0  0  0  0  0  5  0
0E3  0  0 .5  0  0 .1  0 .1  0 .1  0  0  0  0  0  0  0  0  0  0  0  0  0  0  0
0E4 .5  0 .5 .1  0  0  0  0  0  0  0  0  0  0  0  0  0  0  0.01  0  0  0  0  0
0E5 64  0  0  0  0  0  0  0  0  0  0  0  0
0G1 18  0 .5  0  0  0  0  2  0  1  3  0  0  0  0  0  0  0  0 15  0  0  0  0 .5
0G2  0  0  0  0  0  0  0 .1  6  0  0  0  0  0  0 .5  0  0  0  0  0  0  0  8  0
0G3  0  0  0  0  0  0  0  0  0  0  0  0  0  0  0  0  0  0  0  0  0  0  0  0  0
0G4  0  0 .5  0  0  0  0  0  0  0  0  0  0  0  0  0  0  0  0  0  0  0  0  0 .1
0G5 66  0  0  0  0  0  0  0  0  0  0  0  0
0I1  5  0 .5  0  0  0  0  1  0 .5  4  0  0  0  0  0  0 .5  0 20  0  0  0  0  0
0I2  0 .1  0  0  0  0  0.01  8  0  0  0  0  0  0 .1  0  0  0  0  0  0  0  8  0
0I3  0  0  0  0 .1  0  0  0  0  0  0  0  0  0  0  0  0  0  0  0  0  0  0  0  0
0I4  0  0  0  0  0  0  0  0  0  0  0.01  0  0  0  0  0  0  0  0  0  0  0  0 .1
0I5 63  0  0  0  0  0  0  0  0  0  0  0  0
2I1 12  0  1  0  0  0  0  1  1  2  3  0  0  0  0  0  0 .5  0 20  0  0  0  0 .5
2I2  0  0  0  0  0  0  0  0  0  5  0  0  0  0  0 .1  0  0  0  0  0  0  0  7  0
2I3  0  0  0  0  0  0  0  0  0  0  0  0  0  0  0  0  0  0  0  0  0  0  0  0  0
2I4  0  0 .1  0  0  0  0  0  0  0  0.01  0  0  0  0  0  0  0  0  0  0  0  0 .1
2I5 63  0  0  0  0  0  0  0  0  0  0  0  0
2G1  4  0  2  0  0  0  0  2  0  1  4  0  0  0  0  0  0 .1  0 15  0  0  0  0 .5
2G2  0  0  0  0  0  0  0 .1  6  0.01  0  0  0 .1 .5  0  0  0  0  0  0  0 12  0
2G3  0  0  0  0 .1  0  0 .1  0  0  0  0  0  0  0  0  0  0  0  0  0  0  0  0  0
2G4  0  0 .5  0  0  0  0  0  0  0  0.01  0  0  0  0  0  0  0  0  0  0  0  0.01
2G5 64  0  0  0  0  0  0  0  0  0  0  0  0
2E1 16  0  3  0  0  0  0  1 15  1  2  0  0  0  0  0  0  2  0  8  0  0  0  0 .5
2E2  0  0  0  0  0  0  0 .1  8  0  0  0  0  0  0  0  0 .1  0  0  0  0  0 12  0
2E3  0  0  0.01  0  0  0 .1  0  0  0  0  0  0  0  0  0  0  0  0  0  0  0  0  0
2E4  0  0  1  0  0  0  0  0  0  0  0  0  0  0  0  0  0  0  0  0  0  0  0  0.01
2E5 66  0  0  0  0  0  0  0  0  0  0  0  0
2C1 17  0 .5  0  0  0  0  4  0  1  3  0  0  0  0  0  0 .5  0  8  0  0  0  0 .5
2C2  0  0  0  0  0  0  0 .1  2  0  0  0  0  0 .1  0  0  0  0  0  0  0  0 10  0
2C3  0  0  0  0  0  0  0  0  0  0  0  0  0  0  0  0  0  0  0  0  0  0  0  0  0
2C4  0.01.01  0  0  0  0  0  0  0  0  0  0  0  0  0  0  0  0  0  0  0  0  0.01
2C5 68  0  0  0  0  0  0  0  0  0  0  0  0
2A1 12  0  5  0  0  0  0  2  0  0  1  0  0  0  0  0  0  1  0 20  0  0  0  0  1
2A2  0  0  0  0  0  0  0.01  1  0  0  0  0  0  0  0  0  0  0  0  0  0  0  8  0
2A3  0  0  0.01  0  0  0  0  0  0  0  0  0  0  0  0  0  0  0  0  0  0  0  0  0
2A4  0  0  0  0  0  0  0  0  0  0  0  0  0  0  0  0  0  0  0  0  0  0  0  0.01
2A5 64  0  0  0  0  0  0  0  0  0  0  0  0
4A1  7  0  3  0  0  0  0  2  0  2  4  0  0  0  0  0  0  1  0  5  0  0  0  0  1
4A2  0 .1  0  0  0  0  0  0  8  0  0  0  0  0  0  0  0  0  0  0  0  0  0  5  0
4A3  0  0  0  0  0  0  0 .1  0  0  0  0  0  0  0  0  0  0  0  0  0  0  0  0  0
4A4  0  0 .5  0  0  0  0  0  0  0  0  0  0  0  0  0  0  0  0.01  0  0  0  0 .1
4A5 70  0  0  0  0  0  0  0  0  0  0  0  0
4C1 10  0  3  0  0  0  0  2 15 .5  3  0  0  0  0  0  0  1  0 12  0  0  0  0  0
4C2  0  0  0  0  0  0  0  0 .5  0  0  0  0  0  0  0  0 .1  0  0  0  0  0  4  0
4C3  0  0  0  0  0  0  0.01  0  0  0  0  0  0  0  0  0  0  0  0  0  0  0  0  0
4C4  0  0 .1  0  0  0  0  0  0  0  0 .1  0  0  0  0  0  0  0  0  0  0  0  0  0
4C5 66  0  0  0  0  0  0  0  0  0  0  0  0
4E1  7  0  0  0  0  0  0  1 12  0  2  0  0  0  0  0  0  2  0 15  0  0  0  0  0
4E2  0  0  0 .1  0  0  0  0  2  0  0  0  0  0  0.01  0 .5  0  0  0  0  0  5  0
4E3  0  0  0.01  0  0  0  0  0  0  0  0  0  0  0  0  0  0  0  0  0  0  0  0  0
4E4  0  0 .1  0  0  0  0  0  0  0  0  0  0  0  0  0  0  0  0  0  0  0  0  0 .1
4E5 64  0  0  0  0  0  0  0  0  0  0  0  0
4G1 17  0  3  0  0  0  0  3  2  0  1  0  0  0  0  0  0  0  0 25  0  0  0  0  0
4G2  0  0  0 .1  0  0  0.01  1  0  0  0  0  0  0 .1  0  0  0  0  0  0  0 10  0
4G3  0  0  0  0  0  0  0  0  0  0  0  0  0  0  0  0  0  0  0  0  0  0  0  0  0
4G4  0  0  0  0  0  0  0  0  0  0  0.01  0  0  0  0  0  0  0  0  0  0  0  0.01
4G5 66  0  0  0  0  0  0  0  0  0  0  0  0
4I1  7  0  3  0  0  0  0  3  0  0  3  0  0  0  0  0  0  1  0 17  0  0  0  0  1
4I2  0  0  0  0  0  0  0  0  2  0  0  0  0  0  0 .1  0  0  0  0  0  0  0 17  0
4I3  0  0  0  0  0  0  0  0  0  0  0  0  0  0  0  0  0  0  0  0  0  0  0  0  0
4I4  0  0  0  0  0  0  0  0  0  0  0 .1  0  0  0  0  0  0  0  0  0  0  0  0 .1
4I5 64  0  0  0  0  0  0  0  0  0  0  0  0
6I1  6  0  1  0  0  0  0  2 .5  0  3  0  0  0  0  0  0  1  0 12  0  0  0  0  1
6I2  0  0  0  0  0  0  0  0  3  0  0  0  0  0  0 .1  0  0  0  0  0  0  0 15  0
6I3  0  0  0  0  0  0  0  0  0  0  0  0  0  0  0  0  0  0  0  0  0  0  0  0  0
6I4  0  0  0  0  0  0  0  0  0  0  0.01  0  0  0  0  0  0  0  0  0  0  0  0 .1
6I5 66  0  0  0  0  0  0  0  0  0  0  0  0
6G1  8  0  1  0  0  0  0  3  4  0  2  0  0  0  0  0  0  0  0 17  0  0  0  0  0
6G2  0  0  0  0  0  0  0  0  3  0  0  0  0  0  0  0  0 .1  0  0  0  0  0  8  0
6G3  0  0  0  0 .1  0  0  0  0  0  0  0  0  0  0  0  0  0  0  0  0  0  0  0  0
6G4  0  0.01  0  0  0  0  0  0  0  0.01  0  0  0  0  0  0  0  0  0  0  0  0.01
6G5 68  0  0  0  0  0  0  0  0  0  0  0  0
6E1  6  0  5  0  0  0  0  3  1  0  5  0  0  0  0  0  0  2  0  4  0  0  0  0  2
6E2  0 .1 .1  0  0  0  0  0  1  0  0  0  0  0  0 .1  0  0  0  0  0  0  0  6  0
6E3  0  0  0  0  0  0  0  0  0  0  0  0  0  0  0  0  0  0  0  0  0  0  0  0  0
6E4  0  0  0  0  0  0  0  0  0  0  0.01  0  0  0  0  0  0  0  0  0  0  0  0 .1
6E5 68  0  0  0  0  0  0  0  0  0  0  0  0
6C1 14  0  3  0  0  0  0  1  4  0  4  0  0  0  0  0  0 .5  0 17  0  0  0  0  1
6C2  0  0  0  0  0  0  0  0  4  0  0  0  0  0 .1 .5  0  0  0  0  0  0  0  8  0
6C3  0  0  0  0  0  0  0.01  0  0  0  0  0  0  0  0  0  0  0  0  0  0  0  0  0
6C4  0  0.01  0  0  0  0  0  0  0  0.01  0  0  0  0  0  0  0  0  0  0  0  0 .1
6C5 66  0  0  0  0  0  0  0  0  0  0  0  0
6A1  7  0  4  0  0  0  0  2 .5  0  3  0  0  0  0  0  0  1  0  7  0  0  0  0  0
6A2  0  0  0  0  0  0  0  0  3  0  0  0  0  0  0 .5  0  0  0  0  0  0  0 12  0
6A3  0  0  0  0  0  0  0  0  0  0  0  0  0  0  0  0  0  0  0  0  0  0  0  0  0
6A4  0  0 .1  0  0  0  0  0  0  0  0.01  0  0  0  0  0  0  0.01  0  0  0  0 .1
6A5 66  0  0  0  0  0  0  0  0  0  0  0  0
8A1  7  0 .1  0  0  0  0  3  3  1  4  0  0  0  0  0  0 .5  0 10  0  0  0  0 .5
8A2  0  0  0  0  0  0  0  0  0  0 .1  0  0  0 .1 .1  0  0  0  0  0  0  0  8  0
8A3  0  0  0  0  0  0  0 .1  0  0  0  0  0  0  0  0  0  0  0  0  0  0  0  0  0
8A4  0  0  0  0  0  0  0  0  0  0  0 .1  0  0  0  0  0  0  0  0  0  0  0  0 .1
8A5 67  0  0  0  0  0  0  0  0  0  0  0  0
8C1  6  0 .5 .1  0  0  0  2  0  0  1  0  0  0  0  0  0  1  0 20  0  0  0  0 .5
8C2  0  0  0  0  0  0  0  0  4  0  0  0  0  0  0 .1  0  0  0  0 .1  0  0 15  0
8C3  0  0  0  0  0  0  0  0  0  0  0  0  0  0  0  0  0  0  0  0  0  0  0  0  0
8C4  0  0  0  0  0  0  0  0  0  0  0  0  0  0  0  0  0  0  0.01  0  0  0  0 .1
8C5 64  0  0  0  0  0  0  0  0  0  0  0  0
8E1 17  0  0  0  0  0  0  2  5  0  1  0  0  0  0  0  0  0  0 12  0  0  0  0  1
8E2  0  0  0  0  0  0  0  0  4  0  0  0  0  0  0  0  0  0  0  0  0  0  0  6  0
8E3  0  0  0  0  0  0  0  0  0  0  0  0  0  0  0  0  0  0  0  0  0  0  0  0  0
8E4  0  0  0  0  0  0  0  0  0  0  0.01  0  0  0  0  0  0  0  0  0  0  0  0 .1
8E5 64  0  0  0  0  0  0  0  0  0  0  0  0
8G1  8  0 .1  0  0  0  0  1  5  0  5  0  0  0  0  0  0  2  0 10  0  0  0  0  0
8G2  0  0  0  0  0  0  0  0  3  0  0  0  0  0 .5  0  0  0 .1  0  0  0  0  6  0
8G3  0  0  0  0.01  0  0  0  0  0  0  0  0  0  0  0  0  0  0  0  0  0  0  0  0
8G4  0  0  0  0  0  0  0  0  0  0  0.01  0  0  0  0  0  0  0  0  0  0  0  0  0
8G5 68  0  0  0  0  0  0  0  0  0  0  0  0
8I1  9  0  0  0  0  0  0  2  8  0  4  0  0  0  0  0  0  1  0 17  0  0  0  0  0
8I2  0  0  0  0  0  0  0  0  4  0  0  0  0  0  0 .1  0  0  0  0  0  0  0 10  0
8I3  0  0  0  0  0  0  0  0  0  0  0  0  0  0  0  0  0  0  0  0  0  0  0  0  0
8I4  0  0  0  0  0  0  0  0  0  0  0 .1  0  0  0  0  0  0  0  0  0  0  0  0 .1
8I5 68  0  0  0  0  0  0  0  0  0  0  0  0
