0A10. 0. 0. 0. 0. 0. 0. .5 0. 4. 0. 0. 0. 0. 0. 0. 0. 0. 0. 0. 0. 0. 0. 0. 0.
0A20. 0. 0. .1 .5 0. 0. 0. .1 .1 .5 .1 .5 0. .1 0. 0. 0. 0. 0. 0. 0. 0. 0. 0.
0A30. 0. 0. 0. 0. 0. 0. 0. 0. 0. 0. 0. 0. 0. 0. 0. 0. .1 0. 0. 0. 0. 0. 0. 0.
0A40. 2. 0. 2. 0. .5 0. 0. 0. 0. 0. 0. 0. .010. 0. 0. 0. 0. 0. 0. 0. 0. 0. 0.
0A588.0. 0. 0. 0. 0. 0. 0.
0C10. 0. 0. 0. 0. 0. 0. .5 0. 3. 0. 0. 0. 0. 0. 0. 0. 0. 0. 0. 0. 0. 0. 0. 0.
0C20. 0. 0. .5 1. .010. 0. .5 .1 .5 .1 .5 0. .5 0. 0. 0. 0. 0. 0. 0. 0. 0. 0.
0C30. 0. 0. 0. 0. 0. 0. 0. .1 0. 0. 0. 1. 0. 0. 0. 0. 0. 0. 0. 0. 0. 0. 0. 0.
0C40. 4. 0. 2. .5 .1 .010. 0. 0. 0. 0. 0. 0. 0. 0. 0. 0. 0. 0. 0. 0. 0. 0. 0.
0C586.0. 0. 0. 0. 0. 0. 0.
0E1.1 0. 0. 0. 0. 0. 0. 4. 0. 3. 0. 0. 0. 0. 0. 0. 0. 0. 0. 0. 0. 0. 0. 0. 0.
0E20. 0. 0. 1. .5 .1 .1 0. .5 .1 1. 0. .1 0. 2. 0. 0. 0. 0. 0. .1 0. 0. 0. 0.
0E30. 0. 0. 0. 0. 0. 0. 0. 0. 0. 0. 0. 0. 0. 0. 0. 0. 0. 0. 0. 0. 0. 0. 0. 0.
0E40. 3. 0. .5 .1 0. 0. 0. 0. 0. 0. 0. 0. 0. 0. 0. 0. 0. 0. 0. 0. 0. 0. 0. 0.
0E582.0. 0. 0. 0. 0. 0. 0.
0G1.1 0. 0. 0. 0. 0. 0. 2. 0. 2. 0. 0. .1 0. 0. 0. 0. 0. 0. 0. 0. 0. 0. 0. 0.
0G20. 0. 0. .5 .5 .1 1. 0. .5 .1 .5 .1 .5 0. 1. 1. 0. 0. 0. 0. 0. 0. 0. 0. 0.
0G30. 0. 0. 0. 0. 0. 0. 0. 0. 0. 0. 0. .1 0. 0. 0. 0. .1 0. 0. 0. 0. 0. 0. 0.
0G40. 3. 0. .5 2. 0. 0. 0. 0. 0. 0. 0. 0. 0. 0. 0. 0. 0. 0. 0. 0. 0. 0. 0. 0.
0G583.0. 0. 0. 0. 0. 0. 0.
0I10. 0. 0. 0. 0. 0. 0. 0. 1. 0. .5 0. 0. 0. 0. 0. 0. 0. 0. 0. 0. 0. 0. 0. 0.
0I20. 0. 0. .1 .1 .1 .1 0. .1 .1 .5 0. .5 0. 2. 0. 0. 0. 0. 0. 0. .1 0. 0. 0.
0I30. 0. 0. 0. 0. 0. 0. 0. .1 0. 0. 0. 0. 0. 0. 0. 0. .1 0. 0. 0. 0. 0. 0. 0.
0I40. 3. 0. .5 .5 0. 0. 0. 0. 0. 0. 0. 0. 0. 0. 0. 0. 0. 0. 0. 0. 0. 0. 0. 0.
0I583.0. 0. 0. 0. 0. 0. 0.
2A1.1 0. 0. 0. 0. 0. 0. .5 .1 .5 0. 0. 0. 0. 0. 0. 0. 0. 0. 0. 0. 0. 0. 0. 0.
2A20. 0. 0. .1 1. .1 0. 0. 0. .010. .1 .1 0. .1 0. 0. 0. 0. 0. 0. 0. 0. 0. 0.
2A30. 0. 0. 0. 0. 0. 0. 0. .1 0. .1 0. .1 0. 0. 0. 0. 0. 0. .1 0. 0. 0. 0. 0.
2A40. 2. 0. 1. 3. 0. 0. 0. 0. 0. 0. 0. 0. 0. 0. 0. 0. 0. 0. 0. 0. 0. 0. 0. 0.
2A588.0. 0. 0. 0. 0. 0. 0.
2C1.1 0. 0. 0. 0. 0. 0. 4. 0. 3. 0. 0. 0. 0. 0. 0. 0. 0. 0. 0. 0. 0. 0. 0. 0.
2C20. 0. 0. .1 .5 .1 .1 0. .1 .1 .1 .5 .1 0. .5 0. 0. 0. 0. 0. 0. 0. 0. 0. 0.
2C30. 0. 0. 0. 0. 0. 0. 0. .1 0. 0. 0. .1 0. 0. 0. 0. 0. 0. 0. 0. 0. 0. 0. 0.
2C40. 2. 0. 1. 3. .5 0. 0. 0. 0. 0. 0. 0. 0. 0. 0. 0. 0. 0. 0. 0. 0. 0. 0. 0.
2C586.0. 0. 0. 0. 0. 0. 0.
2E1.5 0. 0. 0. 0. 0. 0. 3. 0. 1. 0. 0. .5 0. 0. 0. 0. 0. 0. 0. 0. 0. 0. 0. 0.
2E20. 0. 0. .5 1. .1 3. 0. .5 .1 .1 .5 0. 0. .1 0. 0. 0. 0. 0. 0. 0. 0. 0. 0.
2E30. 0. 0. 0. 0. 0. 0. 0. 0. 0. 0. 0. 0. 0. 0. 0. 0. .5 0. 0. 0. 0. 0. 0. 0.
2E40. .5 0. 1. 1. .1 0. 0. 0. 0. 0. 0. 0. 0. 0. 0. 0. 0. 0. 0. 0. 0. 0. 0. 0.
2E580.0. 0. 0. 0. 0. 0. 0.
2G10. 0. 0. 0. 0. 0. 0. 1. 0. 4. 0. 0. 0. 0. 0. 0. 0. 0. 0. 0. 0. 0. 0. 0. 0.
2G20. 0. 0. .1 1. .1 .5 0. .1 .1 .5 .1 0. 0. 2. 0. 0. 0. 0. 0. 0. 0. 0. 0. 0.
2G30. 0. 0. 0. 0. 0. 0. 0. 0. 0. 0. 0. 0. 0. 0. 0. 0. .1 0. .010. 0. 0. 0. 0.
2G40. 2. 0. 1. 2. 0. 0. 0. 0. 0. 0. 0. 0. 0. 0. 0. 0. 0. 0. 0. 0. 0. 0. 0. 0.
2G592.0. 0. 0. 0. 0. 0. 0.
2I1.1 0. 0. 0. 0. 0. 0. 0. 0. 1. 0. 0. 0. 0. 0. 0. 0. 0. 0. 0. 0. 0. 0. 0. 0.
2I20. 0. 0. .5 .5 0. .1 0. .1 .1 .5 0. .1 0. 1. 0. 0. 0. 0. 0. 0. 0. 0. 0. 0.
2I30. 0. 0. 0. 0. 0. 0. .1 0. 0. 0. 0. 0. 0. 0. 0. 0. .1 0. 0. 0. 0. 0. 0. 0.
2I40. 2. 0. 2. .5 0. 0. 0. 0. 0. 0. 0. 0. 0. 0. 0. 0. 0. 0. 0. 0. 0. 0. 0. 0.
2I582.0. 0. 0. 0. 0. 0. 0.
4A1.1 0. 0. 0. 0. 0. 0. 0. 0. 3. 0. 0. 0. 0. 0. 0. .010. 0. 0. 0. 0. 0. 0. 0.
4A20. 0. 0. 0. 0. 0. 0. 0. 0. 0. .1 0. .5 0. 0. 0. 0. 0. 0. 0. 0. 0. 0. 0. 0.
4A30. 0. 0. 0. 0. 0. 0. 0. .1 0. .1 0. 0. 0. 0. 0. 0. .1 0. .5 0. 0. 0. 0. 0.
4A40. 0. 0. .5 4. 0. .5 0. 0. 0. 0. 0. 0. 0. 0. 0. 0. 0. 0. 0. 0. 0. 0. 0. 0.
4A587.0. 0. 0. 0. 0. 0. 0.
4C1.1 0. 0. 0. 0. 0. 0. 1. 0. 1. 0. 0. 0. 0. 0. 0. 0. 0. 0. 0. 0. 0. 0. 0. 0.
4C20. 0. 0. 0. .1 0. 0. 0. 0. .1 1. 0. .5 0. 1. 0. 0. 0. 0. 0. 0. 0. 0. 0. 0.
4C30. 0. 0. 0. 0. 0. 0. 0. .5 0. .1 0. 0. 0. 0. 0. 0. .1 0. .1 0. 0. 0. 0. 0.
4C40. .1 0. 1. 5. 0. .1 0. 0. 0. 0. 0. 0. 0. 0. 0. 0. 0. 0. 0. 0. 0. 0. 0. 0.
4C589.0. 0. 0. 0. 0. 0. 0.
4E1.1 0. 0. 0. 0. 0. 0. 0. 0. .5 0. 0. 0. 0. 0. 0. .5 0. 0. 0. 0. 0. 0. 0. 0.
4E20. 0. 0. 0. 0. 0. 0. 0. 0. .1 .1 0. 0. 0. .5 0. 0. 0. 0. 0. 0. 0. 0. 0. 0.
4E30. 0. 0. 0. 0. 0. 0. 0. .1 0. .1 0. 0. 0. 0. 0. 0. .5 0. .5 0. 0. 0. 0. 0.
4E40. .5 0. .5 3. 0. 0. 0. 0. 0. 0. 0. 0. 0. 0. 0. 0. 0. 0. 0. 0. 0. 0. 0. 0.
4E586.0. 0. 0. 0. 0. 0. 0.
4G1.1 0. 0. 0. 0. 0. 0. .5 .1 2. .1 0. 0. 0. 0. 0. 0. 0. 0. 0. 0. 0. 0. 0. 0.
4G20. 0. 0. .5 1. 0. .1 0. 0. .1 .1 0. .1 0. 2. 0. 0. 0. 0. 0. 0. 0. 0. 0. 0.
4G30. 0. 0. 0. 0. 0. 0. 0. .5 0. 0. 0. 0. 0. 0. 0. 0. .5 0. 0. 0. 0. 0. 0. 0.
4G40. 1. 0. 1. 3. .5 0. 0. 0. 0. 0. 0. 0. 0. 0. 0. 0. 0. 0. 0. 0. 0. 0. 0. 0.
4G586.0. 0. 0. 0. 0. 0. 0.
4I1.1 0. 0. 0. 0. 0. 0. .5 0. .5 .1 0. .1 0. 0. 0. 0. 0. 0. 0. 0. 0. 0. 0. 0.
4I20. 0. 0. 0. .5 .1 .5 0. .1 .1 .5 .1 0. 0. 3. 0. 0. 0. 0. 0. 0. 0. 0. 0. 0.
4I30. 0. 0. 0. 0. 0. 0. 0. 0. 0. 0. 0. 0. 0. 0. 0. 0. .1 0. 0. 0. 0. 0. 0. 0.
4I40. 2. 0. 1. 2. 0. 0. 0. 0. 0. 0. 0. 0. 0. 0. 0. 0. 0. 0. 0. 0. 0. 0. 0. 0.
4I589.0. 0. 0. 0. 0. 0. 0.
6A10. 0. 0. 0. 0. 0. 0. 0. 0. 3. 0. 0. 0. 0. 0. 0. .1 0. 0. 0. 0. 0. 0. 0. 0.
6A20. 0. 0. 0. .1 0. 0. 0. 0. .01.5 0. 0. 0. 0. 0. 0. 0. 0. 0. 0. .5 0. 0. 0.
6A30. 0. 0. 0. 0. 0. 0. 0. 1. 0. .1 0. 0. 0. 0. 0. 0. .1 0. 1. 0. 0. 0. 0. 0.
6A40. 3. 0. .5 3. 0. .5 0. 0. 0. 0. 0. 0. 0. 0. 0. 0. 0. 0. 0. 0. .010. 0. 0.
6A584.0. 0. 0. 0. 0. 0. 0.
6C1.010. 0. 0. 0. 0. 0. 0. 0. 6. 0. 0. 0. 0. 0. 0. 0. 0. 0. 0. 0. 0. 0. 0. 0.
6C20. 0. 0. .011. 0. 0. 0. 0. .1 1. 0. 1. 0. 0. 0. 0. 0. 0. 0. 0. 0. 0. 0. 0.
6C30. 0. 0. 0. 0. 0. 0. 0. 0. 0. .1 0. 0. 0. 0. 0. 0. .5 0. 1. 0. 0. 0. 0. 0.
6C40. 2. 0. .5 3. 0. .1 0. 0. 0. 0. 0. 0. 0. 0. 0. 0. 0. 0. 0. 0. 0. 0. 0. 0.
6C589.0. 0. 0. 0. 0. .1 0. 0. 0. 0. 0. 0.
6E1.1 0. 0. 0. 0. 0. 0. 2. 0. 1. 0. 0. 0. 0. 0. 0. 0. 0. 0. 0. 0. 0. 0. 0. 0.
6E20. 0. 0. .5 1. 0. .5 0. .5 3. 1. 0. .1 0. 2. 0. 0. 0. 0. 0. 0. 0. 0. 0. 0.
6E30. 0. 0. 0. 0. 0. 0. 0. .1 0. 0. 0. 0. 0. 0. 0. 0. .1 0. .1 0. 0. 0. 0. 0.
6E40. 3. 0. 1. 0. .1 0. 0. 0. 0. 0. 0. 0. 0. 0. 0. 0. 0. 0. 0. 0. 0. 0. 0. 0.
6E585.0. 0. 0. 0. 0. 0. 0.
6G1.5 0. 0. 0. 0. 0. 0. 3. 0. 4. 1. 0. .1 0. 0. 0. 0. 2. 0. 0. 0. 0. 0. 0. 0.
6G20. 0. 0. .1 2. .5 .1 0. 0. .1 2. 0. .010. 1. 0. 0. 0. 0. 0. 0. 0. 0. 0. 0.
6G30. 0. 0. 0. 0. 0. 0. 0. .1 0. .1 0. 0. 0. 0. 0. 0. .5 0. 0. 0. 0. 0. 0. 0.
6G40. 2. 0. 1. 1. 0. 0. 0. 0. 0. 0. 0. 0. 0. 0. 0. 0. 0. 0. 0. 0. 0. 0. 0. 0.
6G588.0. 0. 0. 0. 0. 0. 0.
6I1.1 0. 0. 0. 0. 0. 0. 0. .015. 0. 0. 0. 0. 0. 0. 0. 0. 0. 0. 0. 0. 0. 0. 0.
6I20. 0. 0. .1 1. 0. 2. 0. 0. .5 1. .1 2. 0. .1 0. 0. 0. 0. 0. .01.5 0. 0. 0.
6I3.010. 0. 0. 0. 0. 0. 0. .1 0. .1 0. 0. 0. 0. 0. 0. .1 0. 0. 0. 0. 0. 0. 0.
6I40. 2. 0. .5 .5 0. 0. 0. 0. 0. 0. 0. 0. 0. 0. 0. 0. 0. 0. 0. 0. 0. 0. 0. 0.
6I591.0. 0. 0. 0. 0. 0. 0.
8A1.010. 0. 0. 0. 0. 0. 3. .1 .5 0. 0. 0. 0. 0. 0. 0. 0. 0. 0. 0. 0. 0. 0. 0.
8A20. 0. 0. 1. .1 0. .010. .1 .1 1. 0. 0. 0. .1 0. 0. 0. 0. 0. 0. 0. 0. 0. 0.
8A30. 0. 0. 0. 0. 0. 0. 1. 0. 1. 0. 0. 0. 0. 0. 0. 0. 0. 0. .1 0. 0. 0. 0. 0.
8A40. 3. 0. .5 4. 0. .5 0. 0. 0. 0. 0. 0. 0. 0. 0. 0. 0. 0. 0. 0. 0. 0. 0. 0.
8A588.0. 0. 0. 0. 0. 0. 0.
8C1.1 0. 0. 0. 0. 0. 0. 0. 0. 3. 0. 0. 0. 0. 0. 0. 0. 0. 0. 0. 0. 0. 0. 0. 0.
8C20. 0. 0. .01.5 0. 0. 0. 0. .5 2. .5 0. 0. .5 0. 0. 0. 0. 0. 0. 0. 0. 0. 0.
8C30. 0. 0. 0. 0. 0. 0. 0. 0. 0. .1 0. 0. 0. 0. 0. 0. .5 0. .1 0. 0. 0. 0. 0.
8C40. 3. 0. 1. 3. 0. .5 0. 0. 0. 0. 0. 0. 0. 0. 0. 0. 0. 0. 0. 0. 0. 0. 0. 0.
8C588.0. 0. 0. 0. 0. 0. 0. .011. 0. 0. 0.
8E1.1 0. 0. 0. 0. 0. 0. .1 0. 5. 0. 0. 0. 0. 0. 0. 0. 0. 0. 0. 0. 0. 0. 0. 0.
8E20. 0. 0. .1 2. .010. 0. .1 .5 3. .01.1 0. .1 0. 0. 0. 0. 0. 0. .5 0. 0. 0.
8E30. 0. 0. 0. 0. 0. 0. 0. 0. 0. 0. 0. .1 0. 0. 0. 0. 2. 0. 0. 0. 0. 0. 0. 0.
8E40. 4. 0. 1. 1. 0. .1 0. 0. 0. 0. 0. 0. 0. 0. 0. 0. 0. 0. 0. 0. 0. 0. 0. 0.
8E587.0. 0. 0. 0. 0. 0. 0. .1 0. 0. 0. 0.
8G1.1 0. 0. 0. 0. 0. 0. 2. .1 2. 0. 0. 0. 0. 0. 0. 0. 0. 0. 0. 0. 0. 0. 0. 0.
8G20. 0. 0. .1 3. 0. 0. 0. 0. .1 4. 0. .1 0. .1 0. 0. 0. 0. 0. 0. 1. 0. 0. 0.
8G30. 0. 0. 0. 0. 0. 0. 0. .1 0. 0. 0. 0. 0. 0. 0. 0. .1 0. 0. 0. 0. 0. 0. 0.
8G40. 2. 0. 1. .5 0. 0. 0. 0. 0. 0. 0. 0. 0. 0. 0. 0. 0. 0. 0. 0. 0. 0. 0. 0.
8G585.0. 0. 0. 0. 0. 0. 0.
8I11. 0. 0. 0. 0. 0. 0. 0. .1 1. 0. 0. 0. 0. 0. 0. .1 0. 0. 0. 0. 0. 0. 0. 0.
8I20. 0. 0. 0. .5 0. 0. 0. .1 0. 2. 0. 2. 0. 1. 0. 0. 0. 0. 0. 0. .5 0. 0. 0.
8I30. 0. 0. 0. 0. 0. 0. 0. .5 0. .5 0. 0. 0. 0. 0. 0. .5 0. 0. 0. 0. 0. 0. 0.
8I40. 2. 0. 1. .5 0. 0. 0. 0. 0. 0. 0. 0. 0. 0. 0. 0. 0. 0. 0. 0. 0. 0. 0. 0.
8I589.0. 0. 0. 0. 0. 0. 0. .1 0. 0. 0. 0.
