0A1  9  0  0  0  0  0  0 .1  4  3  0  0  0  0  0  0  0  0  0  0  0  0  0  0  0
0A2  0  0  0  0  0  0  0  0  0  0  0  0  0.01  0  0  0 .1  0  0  0  0  0  0  0
0A3  0  0  0  0  0  0  0  0  0  0  0  0  0  0  0  0  0  0  0  0  0  0  0  0  0
0A4  0  0  0  0  0  0  0  0  0  0  0  0  0  0  0  0  0  0  0  0  0  0  0  0  0
0A5 50  0  0  0  0  0  0  0  0  0  0  0  0 
0C1 10  0  0  0  0  0  0  0 12  3  0  0  0  0  0  0  0  0  0  0  0  0  0  0  0
0C2  0  0  0  0  0  0  0  0  0  0  0  0  0  0  0  0  0  0  0  0  0  0  0  0  0
0C3  0  0  0  0  0  0  0  0  0  0  0  0  0  0  0  0  0  0  0  0  0  0  0  0  0
0C4  0  0  0  0  0  0  0  0  0  0  0  0  0  0  0  0  0  0  0  0  0  0  0  0  0
0C5 44  0  0  0  0  0  0  0  0  0  0  0  0 
0E1  5  0  0  0  0  0  0 .5 16  4  0  0  0  0  0  0  0  0  0  0  0  0  0  0  0
0E2  0  0  0  0  0  0  0  0  0  0  0  0  0  0  0  0  0  0  0  0  0  0  0  0  0
0E3  0  0  0  0  0  0  0  0  0  0  0  0  0  0  0  0  0  0  0  0  0  0  0  0  0
0E4  0.01  0  0  0  0  0  0  0  0  0  0  0  0  0  0  0  0  0  0  0  0  0  0  0
0E5 44  0  0  0  0  0  0  0  0  0  0  0  0 
0G1  4  0  0  0  0  0  0 .5  8  2  0  0  0  0  0  0  0  0  0  0  0  0  0  0  0
0G2  0  0  0  0  0  0  0  0  0  0  0  0  0  0  0  0  0 .1  0  0  0  0  0  0  0
0G3  0  0  0  0  0  0  0  0  0  0  0  0  0  0  0  0  0  0  0  0  0  0  0  0  0
0G4  0.01  0  0  0  0  0  0  0  0  0  0  0  0  0  0  0  0  0  0  0  0  0  0  0
0G5 42  0  0  0  0  0  0  0  0  0  0  0  0 
0I1  8  0  0  0  0  0  0 .5 12 12  0  0  0  0  0  0  0  0  0  0  0  0  0  0  0
0I2  0  0  0  0  0  0  0  0  0  0  0  0  0  0  0  0  0  0  0  0  0  0  0  0  0
0I3  0  0  0  0  0  0  0  0  0  0  0  0  0  0  0  0  0  0  0  0  0  0  0  0  0
0I4  0.01  0  0  0  0  0  0  0  0  0  0  0  0  0  0  0  0  0  0  0  0  0  0  0
0I5 44  0  0  0  0  0  0  0  0  0  0  0  0 
2I1 15  0  0  0  0  0  0 .1  1  1  0  0  0  0  0  0  0  0  0  0  0  0  0  0  0
2I2  0  0  0  0  0  0  0  0  0  0  0  0  0  0  0  0  0  0  0  0  0  0  0  0  0
2I3  0  0  0  0  0  0  0  0  0  0  0  0  0  0  0  0  0  0  0  0  0  0  0  0  0
2I4  0  0  0  0  0  0  0  0  0  0  0  0  0  0  0  0  0  0  0  0  0  0  0  0  0
2I5 44  0  0  0  0  0  0  0  0  0  0  0  0 
2G1 10  0  0  0  0  0  0 .5  5  2  0.01  0  0  0  0  0  0  0  0  0  0  0  0  0
2G2  0  0  0  0  0  0  0  0  0  0  0  0  0  0  0  0  0  0  0  0  0  0  0  0  0
2G3  0  0  0  0  0  0  0  0  0  0  0  0  0  0  0  0  0  0  0  0  0  0  0  0  0
2G4  0.01  0  0  0  0  0  0  0  0  0  0  0  0  0  0  0  0  0  0  0  0  0  0  0
2G5 44  0  0  0  0  0  0  0  0  0  0  0  0 
2E1 12  0  0  0  0  0  0 .1  8  0  0  0  0  0  0  0  0  0  0  0  0  0  0  0  0
2E2  0  0  0  0  0  0  0  0  0  0  0  0  0  0  0  0  0  0  0  0  0  0  0  0  0
2E3  0  0  0  0  0  0  0  0  0  0  0  0  0  0  0  0  0  0  0  0  0  0  0  0  0
2E4  0  0  0  0  0  0  0  0  0  0  0  0  0  0  0  0  0  0  0  0  0  0  0  0  0
2E5 44  0  0  0  0  0  0  0  0  0  0  0  0 
2C1  3  0  0  0  0  0  0  1 12  3  0  0  0  0  0  0  0  0  0  0  0  0  0  0  0
2C2  0  0  0  0  0  0  0  0  0  0  0  0  0  0  0  0  0.01  0  0  0  0  0  0  0
2C3  0  0  0  0  0  0  0  0  0  0  0  0  0  0  0  0  0  0  0  0  0  0  0  0  0
2C4  0.01  0  0  0  0  0  0  0  0  0  0  0  0  0  0  0  0  0  0  0  0  0  0  0
2C5 44  0  0  0  0  0  0  0  0  0  0  0  0 
2A1  4  0  0  0  0  0  0 .5 12  4  0  0  0  0  0  0  0  0  0  0  0  0  0  0  0
2A2  0  0  0  0  0  0  0  0  0  0  0  0  0.01  0  0  0 .1  0  0  0  0  0  0  0
2A3  0  0  0  0  0  0  0  0  0  0  0  0  0  0  0  0  0  0  0  0  0  0  0  0  0
2A4  0  0  0  0  0  0  0  0  0  0  0  0  0  0  0  0  0  0  0  0  0  0  0  0  0
2A5 42  0  0  0  0  0  0  0  0  0  0  0  0 
4A1 11  0  0  0  0  0  0.01  8  2  0  0  0  0  0  0  0  0  0  0  0  0  0  0  0
4A2  0  0  0  0  0  0  0  0  0  0  0  0  0  0  0  0  0  0  0  0  0  0  0  0  0
4A3  0  0  0  0  0  0  0  0  0  0  0  0  0  0  0  0  0  0  0  0  0  0  0  0  0
4A4  0  0  0  0  0  0  0  0  0  0  0  0  0  0  0  0  0  0  0  0  0  0  0  0  0
4A5 43  0  0  0  0  0  0  0  0  0  0  0  0 
4C1 12  0  0  0  0  0  0 .1 15  3  0  0  0  0  0  0  0  0  0  0  0  0  0  0  0
4C2  0  0  0  0  0  0  0  0  0  0  0  0  0  0  0  0  0  0  0  0  0  0  0  0  0
4C3  0  0  0  0  0  0  0  0  0  0  0  0  0  0  0  0  0  0  0  0  0  0  0  0  0
4C4  0  0  0  0  0  0  0  0  0  0  0  0  0  0  0  0  0  0  0  0  0  0  0  0  0
4C5 44  0  0  0  0  0  0  0  0  0  0  0  0 
4E1 .1  0  0  0  0  0  0  1  8  6  0  0  0  0  0  0  0  0  0  0  0  0  0  0  0
4E2  0  0  0  0  0  0  0  0  0  0  0  0  0  0  0  0  0  0  0  0  0  0  0  0  0
4E3  0  0  0  0  0  0  0  0  0  0  0  0  0  0  0  0  0  0  0  0  0  0  0  0  0
4E4  0.01  0  0  0  0  0  0  0  0  0  0  0  0  0  0  0  0  0  0  0  0  0  0  0
4E5 45  0  0  0  0  0  0  0  0  0  0  0  0 
4G1  5  0  0  0  0  0  0 .5  2  5  0  0  0  0  0  0  0  0  0  0  0  0  0  0  0
4G2  0  0  0  0  0  0  0  0  0  0  0  0  0  0  0  0  0  0  0  0  0  0  0  0  0
4G3  0  0  0  0  0  0  0  0  0  0  0  0  0  0  0  0  0  0  0  0  0  0  0  0  0
4G4  0  0  0  0  0  0  0  0  0  0  0  0  0  0  0  0  0  0  0  0  0  0  0  0  0
4G5 44  0  0  0  0  0  0  0  0  0  0  0  0 
4I1  8  0  0  0  0  0  0  1  3  4  0  0  0  0  0  0  0  0  0  0  0  0  0  0  0
4I2  0  0  0  0  0  0  0  0  0  0  0  0  0  0  0  0  0  0  0  0  0  0  0  0  0
4I3  0  0  0  0  0  0  0  0  0  0  0  0  0  0  0  0  0  0  0  0  0  0  0  0  0
4I4  0.01  0  0  0  0  0  0  0  0  0  0  0  0  0  0  0  0  0  0  0  0  0  0  0
4I5 45  0  0  0  0  0  0  0  0  0  0  0  0 
6I1 13  0  0  0  0  0  0 .5  2  5  0  0  0  0  0  0  0  0  0  0  0  0  0  0  0
6I2  0  0  0  0  0  0  0  0  0  0  0  0  0  0  0  0  0  0  0  0  0  0  0  0  0
6I3  0  0  0  0  0  0  0  0  0  0  0  0  0  0  0  0  0  0  0  0  0  0  0  0  0
6I4  0  0  0  0  0  0  0  0  0  0  0  0  0  0  0  0  0  0  0  0  0  0  0  0  0
6I5 44  0  0  0  0  0  0  0  0  0  0  0  0 
6G1  2  0  0  0  0  0  0  1  4  4  0  0  0  0  0  0  0  0  0  0  0  0  0  0  0
6G2  0  0  0  0  0  0  0  0  0  0  0  0  0  0  0  0  0.01  0  0  0  0  0  0  0
6G3  0  0  0  0  0  0  0  0  0  0  0  0  0  0  0  0  0  0  0  0  0  0  0  0  0
6G4  0.01  0  0  0  0  0  0  0  0  0  0  0  0  0  0  0  0  0  0  0  0  0  0  0
6G5 45  0  0  0  0  0  0  0  0  0  0  0  0 
6E1 14  0  0  0  0  0  0.01  8  8  0  0  0  0  0  0  0  0  0  0  0  0  0  0  0
6E2  0  0  0  0  0  0  0  0  0  0  0  0  0  0  0  0  0  0  0  0  0  0  0  0  0
6E3  0  0  0  0  0  0  0  0  0  0  0  0  0  0  0  0  0  0  0  0  0  0  0  0  0
6E4  0.01  0  0  0  0  0  0  0  0  0  0  0  0  0  0  0  0  0  0  0  0  0  0  0
6E5 42  0  0  0  0  0  0  0  0  0  0  0  0 
6C1 14  0  0  0  0  0  0 .1  5  2  0  0  0  0  0  0  0  0  0  0  0  0  0  0  0
6C2  0  0  0  0  0  0  0  0  0  0  0  0  0  0  0  0  0.01  0  0  0  0  0  0  0
6C3  0  0  0  0  0  0  0  0  0  0  0  0  0  0  0  0  0  0  0  0  0  0  0  0  0
6C4  0  0  0  0  0  0  0  0  0  0  0  0  0  0  0  0  0  0  0  0  0  0  0  0  0
6C5 42  0  0  0  0  0  0  0  0  0  0  0  0 
6A1  7  0  0  0  0  0  0  1  1 10  0  0  0  0  0  0  0  0  0  0  0  0  0  0  0
6A2  0  0  0  0  0  0  0  0  0  0  0  0  0  0  0  0  0 .1  0  0  0  0  0  0  0
6A3  0  0  0  0  0  0  0  0  0  0  0  0  0  0  0  0  0  0  0  0  0  0  0  0  0
6A4  0  0  0  0  0  0  0  0  0  0  0  0  0  0  0  0  0  0  0  0  0  0  0  0  0
6A5 43  0  0  0  0  0  0  0  0  0  0  0  0 
8A1  7  0  0  0  0  0  0  1  6  4  0  0  0  0  0  0  0  0  0  0  0  0  0  0  0
8A2  0  0  0  0  0  0  0  0  0  0  0  0  0  0  0  0  0 .1  0  0  0  0  0  0  0
8A3  0  0  0  0  0  0  0  0  0  0  0  0  0  0  0  0  0  0  0  0  0  0  0  0  0
8A4  0  0  0  0  0  0  0  0  0  0  0  0  0  0  0  0  0  0  0  0  0  0  0  0  0
8A5 43  0  0  0  0  0  0  0  0  0  0  0  0 
8C1  8  0  0  0  0  0  0  1  6  1  0  0  0  0  0  0  0  0  0  0  0  0  0  0  0
8C2  0  0  0  0  0  0  0  0  0  0  0  0  0  0  0  0  0  0  0  0  0  0  0  0  0
8C3  0  0  0  0  0  0  0  0  0  0  0  0  0  0  0  0  0  0  0  0  0  0  0  0  0
8C4  0  0  0  0  0  0  0  0  0  0  0  0  0  0  0  0  0  0  0  0  0  0  0  0  0
8C5 42  0  0  0  0  0  0  0  0  0  0  0  0 
8E1  8  0  0  0  0  0  0 .1  5  4  0  0  0  0  0  0  0  0  0  0  0  0  0  0  0
8E2  0  0  0  0  0  0  0  0  0  0  0  0  0  0  0  0  0  0  0  0  0  0  0  0  0
8E3  0  0  0  0  0  0  0  0  0  0  0  0  0  0  0  0  0  0  0  0  0  0  0  0  0
8E4  0.01  0  0  0  0  0  0  0  0  0  0  0  0  0  0  0  0  0  0  0  0  0  0  0
8E5 45  0  0  0  0  0  0  0  0  0  0  0  0 
8G1  7  0  0  0  0  0  0 .5  5  2  0  0  0  0  0  0  0  0  0  0  0  0  0  0  0
8G2  0  0  0  0  0  0  0  0  0  0  0  0  0  0  0  0  0  0  0  0  0  0  0  0  0
8G3  0  0  0  0  0  0  0  0  0  0  0  0  0  0  0  0  0  0  0  0  0  0  0  0  0
8G4  0.01  0  0  0  0  0  0  0  0  0  0  0  0  0  0  0  0  0  0  0  0  0  0  0
8G5 46  0  0  0  0  0  0  0  0  0  0  0  0 
8I1  1  0  0  0  0  0  0  1  1  8  0  0  0  0  0  0  0  0  0  0  0  0  0  0  0
8I2  0  0  0  0  0  0  0  0  0  0  0  0  0  0  0  0  0  0  0  0  0  0  0  0  0
8I3  0  0  0  0  0  0  0  0  0  0  0  0  0  0  0  0  0  0  0  0  0  0  0  0  0
8I4  0.01  0  0  0  0  0  0  0  0  0  0  0  0  0  0  0  0  0  0  0  0  0  0  0
8I5 46  0  0  0  0  0  0  0  0  0  0  0  0 
0A1  4  0  0  0  0  0  0  2  4  1  0  0  0  0  0  0  0  0  0  0  0  0  0  0  0
0A2  0  0  0  0  0  0  0  0  0  0  0  0  0  0  0  0  1  0  0  0  0  0  0  0  0
0A3  0  0  0  0  0  0  0  0  0  0  0  0  0  0  0  0  0  0  0  0  0  0  0  0  0
0A4  0  0  0  0  0  0  0  0  0  0  0  0  0  0  0  0  0  0  0  0  0  0  0  0  0
0A5 60  0  0  0  0  0  0  0  0  0  0  0  0
0C1  8  0  0  0  0  0  0 .1  8  1  0  0  0  0  0  0  0  0  0  0  0  0  0  0  0
0C2  0  0  0  0  0  0  0  0  0  0  0  0  0  0  0  0 .1  0  0  0  0  0  0  0  0
0C3  0  0  0  0  0  0  0  0  0  0  0  0  0  0  0  0  0  0  0  0  0  0  0  0  0
0C4  0  0  0  0  0  0  0  0  0  0  0  0  0  0  0  0  0  0  0  0  0  0  0  0  0
0C5 60  0  0  0  0  0  0  0  0  0  0  0  0
0E1  3  0  0  0  0  0  0  2 14  1  0  0  0  0  0  0  0  0  0  0  0  0  0  0  0
0E2  0  0  0  0  0  0  0.01  0  0  0  0  0  0  0  0  2  0  0  0  0  0  0  0  0
0E3  0  0  0  0  0  0  0  0  0  0  0  0  0  0  0  0  0  0  0  0  0  0  0  0  0
0E4  0.01  0  0  0  0  0  0  0  0  0  0  0  0  0  0  0  0  0  0  0  0  0  0  0
0E5 60  0  0  0  0  0  0  0  0  0  0  0  0
0G1  2  0  0  0  0  0  0  4 10  2  0.01  0  0  0  0  0  0  0  0  0  0  0  0  0
0G2  0  0  0 .1.01  0  0 .1  0.01  0  0 .5  0  0  0  0 .1.01  0  0  0  0  0  0
0G3  0  0  0  0  0  0  0  0  0  0  0  0  0  0  0  0  0  0  0  0  0  0  0  0  0
0G4  0.01  0  0  0  0  0  0  0  0  0  0  0  0  0  0  0  0  0  0  0  0  0  0  0
0G5 60  0  0  0  0  0  0  0  0  0  0  0  0
0I1  5  0  0  0  0  0  0  3 15  5  0 .1  0  0  0  0  0  0  0  0  0  0  0  0  0
0I2  0  0  0 .1  0  0  0 .1  0.01.01  0 .5  0  0  0 .1 .1 .1  0  0  0  0  0  0
0I3  0  0  0  0  0  0  0  0  0  0  0  0  0  0  0  0  0  0  0  0  0  0  0  0  0
0I4  0.01  0  0  0  0  0  0  0  0  0  0  0  0  0  0  0  0  0  0  0  0  0  0  0
0I5 59  0  0  0  0  0  0  0  0  0  0  0  0
2I1 10  0  0  0  0  0  0  1  1  1  0  0  0  0  0  0  0  0  0  0  0  0  0  0  0
2I2  0  0  0  0  0  0  0  0  0  0  0  0  0  0  0  0  0  0  0  0  0  0  0  0  0
2I3  0  0  0  0  0  0  0  0  0  0  0  0  0  0  0  0  0  0  0  0  0  0  0  0  0
2I4  0  0  0  0  0  0  0  0  0  0  0  0  0  0  0  0  0  0  0  0  0  0  0  0  0
2I5 60  0  0  0  0  0  0  0  0  0  0  0  0
2G1  7  0  0  0 .1  0  0  2  5  1  0 .1  0  0  0  0  0  0  0  0  0  0  0  0  0
2G2  0  0  0  0  0  0  0.01  0.01 .1  0  0  0  0  0  0  0  0  0  0  0  0  0  0
2G3  0  0  0  0  0  0  0  0  0  0  0  0  0  0  0  0  0  0  0  0  0  0  0  0  0
2G4  0  0  0  0  0  0  0  0  0  0  0  0  0  0  0  0  0  0  0  0  0  0  0  0  0
2G5 60  0  0  0  0  0  0  0  0  0  0  0  0
2E1 10  0  0  0  0  0  0 .5  6  0  0  0  0  0  0  0  0  0  0  0  0  0  0  0  0
2E2  0  0  0  0  0  0  0  0  0  0  0  0  0  0  0  0  0  0  0  0  0  0  0  0  0
2E3  0  0  0  0  0  0  0  0  0  0  0  0  0  0  0  0  0  0  0  0  0  0  0  0  0
2E4  0  0  0  0  0  0  0  0  0  0  0  0  0  0  0  0  0  0  0  0  0  0  0  0  0
2E5 59  0  0  0  0  0  0  0  0  0  0  0  0
2C1  2  0  0  0  0  0  0  5 15  3  0  0  0  0  0  0  0  0  0  0  0  0  0  0  0
2C2  0  0  0 .1  0  0  0  0  0  0  0  0  0  0  0  0  0  0  0  0  0  0  0  0  0
2C3  0  0  0  0  0  0  0  0  0  0  0  0  0  0  0  0  0  0  0  0  0  0  0  0  0
2C4  0.01  0  0  0  0  0  0  0  0  0  0  0  0  0  0  0  0  0  0  0  0  0  0  0
2C5 59  0  0  0  0  0  0  0  0  0  0  0  0
2A1  3  0  0  0  0  0  0  1  5  3  0  0  0  0  0  0  0  0  0  0  0  0  0  0  0
2A2  0  0  0  0  0  0  0  0  0  0  0  0  0  0  0  0  1  0  0  0  0  0  0  0  0
2A3  0  0  0  0  0  0  0  0  0  0  0  0  0  0  0  0  0  0  0  0  0  0  0  0  0
2A4  0  0  0  0  0  0  0  0  0  0  0  0  0  0  0  0  0  0  0  0  0  0  0  0  0
2A5 59  0  0  0  0  0  0  0  0  0  0  0  0
4A1  8  0  0  0  0  0  0 .1  3  1  0  0  0  0  0  0  0  0  0  0  0  0  0  0  0
4A2  0  0  0  0  0  0  0  0  0  0  0  0  0  0  0  0  0  0  0  0  0  0  0  0  0
4A3  0  0  0  0  0  0  0  0  0  0  0  0  0  0  0  0  0  0  0  0  0  0  0  0  0
4A4  0  0  0  0  0  0  0  0  0  0  0  0  0  0  0  0  0  0  0  0  0  0  0  0  0
4A5 58  0  0  0  0  0  0  0  0  0  0  0  0
4C1 14  0  0  0  0  0  0  1 10  2  0  0  0  0  0  0  0  0  0  0  0  0  0  0  0
4C2  0  0  0  0  0  0  0 .1  0  0  0  0  0  0  0  0 .1  0  0  0  0  0  0  0  0
4C3  0  0  0  0  0  0  0  0  0  0  0  0  0  0  0  0  0  0  0  0  0  0  0  0  0
4C4  0  0  0  0  0  0  0  0  0  0  0  0  0  0  0  0  0  0  0  0  0  0  0  0  0
4C5 58  0  0  0  0  0  0  0  0  0  0  0  0
4E1 .1  0  0  0  0  0  0  5  7  5  0  0  0  0  0  0  0  0  0  0  0  0  0  0  0
4E2  0  0  0  0  0  0  0 .1  0  0.01  0  0  0  0  0  0  0  0  0  0  0  0  0  0
4E3  0  0  0  0  0  0  0  0  0  0  0  0  0  0  0  0  0  0  0  0  0  0  0  0  0
4E4  0.01  0  0  0  0  0  0  0  0  0  0  0  0  0  0  0  0  0  0  0  0  0  0  0
4E5 59  0  0  0  0  0  0  0  0  0  0  0  0
4G1  3  0  0  0  0  0  0  2  1  3  0  0  0  0  0  0  0  0  0  0  0  0  0  0  0
4G2  0  0  0.01  0  0  0  0  0  0  0  0  0  0  0  0  0  0  0  0  0  0  0  0  0
4G3  0  0  0  0  0  0  0  0  0  0  0  0  0  0  0  0  0  0  0  0  0  0  0  0  0
4G4  0  0  0  0  0  0  0  0  0  0  0  0  0  0  0  0  0  0  0  0  0  0  0  0  0
4G5 58  0  0  0  0  0  0  0  0  0  0  0  0
4I1  4  0  0  0  0  0  0  5  2  3  0  0  0  0  0  0  0  0  0  0  0  0  0  0  0
4I2  0  0  0 .1  0  0  0  0  0  0  0  0.01  0  0  0  0  0  0  0  0  0  0  0  0
4I3  0  0  0  0  0  0  0  0  0  0  0  0  0  0  0  0  0  0  0  0  0  0  0  0  0
4I4  0  0  0  0  0  0  0  0  0  0  0  0  0  0  0  0  0  0  0  0  0  0  0  0  0
4I5 59  0  0  0  0  0  0  0  0  0  0  0  0
6I1 15  0  0  0  0  0  0  2  3  1  0  0  0  0  0  0  0  0  0  0  0  0  0  0  0
6I2  0  0  0 .1  0  0  0  0  0  0  0  0  0  0  0  0  0.01  0  0  0  0  0  0  0
6I3  0  0  0  0  0  0  0  0  0  0  0  0  0  0  0  0  0  0  0  0  0  0  0  0  0
6I4  0  0  0  0  0  0  0  0  0  0  0  0  0  0  0  0  0  0  0  0  0  0  0  0  0
6I5 58  0  0  0  0  0  0  0  0  0  0  0  0
6G1  3  0  0  0  0  0  0  8  3  3  0  0  0  0  0  0  0  0  0  0  0  0  0  0  0
6G2  0  0  0 .1  0  0  0 .1  0  0  0  0 .1  0  0 .1  0  0  0  0  0  0  0  0  0
6G3  0  0  0  0  0  0  0  0  0  0  0  0  0  0  0  0  0  0  0  0  0  0  0  0  0
6G4  0.01  0  0.01  0  0  0  0  0  0  0  0  0  0  0  0  0  0  0  0  0  0  0  0
6G5 58  0  0  0  0  0  0  0  0  0  0  0  0
6E1 12  0  0  0  0  0  0 .1  8  5  0  0  0  0  0  0  0  0  0  0  0  0  0  0  0
6E2  0  0  0  0  0  0  0 .1  0.01  0  0 .1  0  0  0  0  0  0  0  0  0  0  0  0
6E3  0  0  0  0  0  0  0  0  0  0  0  0  0  0  0  0  0  0  0  0  0  0  0  0  0
6E4  0 .1  0  0  0  0  0  0  0  0  0  0  0  0  0  0  0  0  0  0  0  0  0  0  0
6E5 58  0  0  0  0  0  0  0  0  0  0  0  0
6C1 12  0  0  0  0  0  0  1  6  1  0  0  0  0  0  0  0  0  0  0  0  0  0  0  0
6C2  0  0  0  0  0  0  0  0  0  0  0  0  0  0  0  0  0.01  0  0  0  0  0  0  0
6C3  0  0  0  0  0  0  0  0  0  0  0  0  0  0  0  0  0  0  0  0  0  0  0  0  0
6C4  0  0  0  0  0  0  0  0  0  0  0  0  0  0  0  0  0  0  0  0  0  0  0  0  0
6C5 58  0  0  0  0  0  0  0  0  0  0  0  0
6A1 10  0  0  0  0  0  0  3  2  7  0  0  0  0  0  0  0  0  0  0  0  0  0  0  0
6A2  0  0  0  0  0  0  0 .1  0  0  0  0  0  0  0  0  0  0  0  0  0  0  0  0  0
6A3  0  0  0  0  0  0  0  0  0  0  0  0  0  0  0  0  0  0  0  0  0  0  0  0  0
6A4  0  0  0  0  0  0  0  0  0  0  0  0  0  0  0  0  0  0  0  0  0  0  0  0  0
6A5 60  0  0  0  0  0  0  0  0  0  0  0  0
8A1  8  0  0  0  0  0  0  3  7  8  0  0  0  0  0  0  0  0  0  0  0  0  0  0  0
8A2  0  0  0  0  0  0  0.01  0  0  0  0  0  0  0  0  0.01  0  0  0  0  0  0  0
8A3  0  0  0  0  0  0  0  0  0  0  0  0  0  0  0  0  0  0  0  0  0  0  0  0  0
8A4  0  0  0  0  0  0  0  0  0  0  0  0  0  0  0  0  0  0  0  0  0  0  0  0  0
8A5 59  0  0  0  0  0  0  0  0  0  0  0  0
8C1 10  0  0  0  0  0  0  4  2  8  0  0  0  0  0  0  0  0  0  0  0  0  0  0  0
8C2  0  0  0  0  0  0  0  0  0  0  0  0  0  0  0  0  0  0  0  0  0  0  0  0  0
8C3  0  0  0  0  0  0  0  0  0  0  0  0  0  0  0  0  0  0  0  0  0  0  0  0  0
8C4  0  0  0  0  0  0  0  0  0  0  0  0  0  0  0  0  0  0  0  0  0  0  0  0  0
8C5 58  0  0  0  0  0  0  0  0  0  0  0  0
8E1 10  0  0  0  0  0  0 .5  5  4  0  0  0  0  0  0  0  0  0  0  0  0  0  0  0
8E2  0  0  0  0  0  0  0  0  0  0  0  0  0  0  0  0 .1  0  0  0  0  0  0  0  0
8E3  0  0  0  0  0  0  0  0  0  0  0  0  0  0  0  0  0  0  0  0  0  0  0  0  0
8E4  0.01  0  0  0  0  0  0  0  0  0  0  0  0  0  0  0  0  0  0  0  0  0  0  0
8E5 59  0  0  0  0  0  0  0  0  0  0  0  0
8G1  7  0  0  0  0  0  0  4  4  1  0  0  0  0  0  0  0  0  0  0  0  0  0  0  0
8G2  0  0  0.01  0  0  0.01  0.01.01  0  0  0  0  0  0  0  0  0  0  0  0  0  0
8G3  0  0  0  0  0  0  0  0  0  0  0  0  0  0  0  0  0  0  0  0  0  0  0  0  0
8G4  0.01  0  0  0  0  0  0  0  0  0  0  0  0  0  0  0  0  0  0  0  0  0  0  0
8G5 58  0  0  0  0  0  0  0  0  0  0  0  0
8I1  1  0  0  0  0  0  0  8 .5  6  0  0  0  0  0  0  0  0  0  0  0  0  0  0  0
8I2  0  0  0 .1  0  0  0  0  0  0  0  0 .1  0  0  0  0.01  0  0  0  0  0  0  0
8I3  0  0  0  0  0  0  0  0  0  0  0  0  0  0  0  0  0  0  0  0  0  0  0  0  0
8I4  0.01  0  0  0  0  0  0  0  0  0  0  0  0  0  0  0  0  0  0  0  0  0  0  0
8I5 58  0  0  0  0  0  0  0  0  0  0  0  0
