0A110.0. 0. .1 0. 0. 0. .5 18.18..1 0. .1 0. 0. 0. 0. 0. .5 0. 0. 0. 0. 0. 0.
0A20. 0. 0. 0. 0. 0. 0. 0. .5 0. 0. 0. 0. 0. 0. .1 0. .1 0. 0. 0. 0. 0. .5 0.
0A30. 0. 0. 0. 0. 0. 0. 0. 0. 0. 0. 0. 0. 0. 0. 0. 0. 0. 0. 0. 0. 0. 0. 0. 0.
0A40. .01.1 0. 0. 0. 0. 0. 0. 0. 0. 0. 0. 0. 0. 0. 0. 0. 0. 0. 0. 0. 0. 0. 0.
0A544.0. 0. 0. 0. 0. 0. 0.
0C15. 0. 0. 0. 0. 0. 0. .1 7. 25..010. .1 0. 0. 0. 0. 0. 0. 0. 0. 0. 0. 0. 0.
0C20. 0. 0. 0. 0. 0. 0. 0. 0. 0. 0. 0. 0. 0. 0. 0. 0. .1 0. 0. 0. 0. 0. 0. 0.
0C30. 0. 0. 0. 0. 0. 0. 0. 0. 0. 0. 0. 0. 0. 0. 0. 0. 0. 0. 0. 0. 0. 0. 0. 0.
0C40. .01.010. 0. 0. 0. 0. 0. 0. 0. 0. 0. 0. 0. 0. 0. 2. 0. 0. 0. 0. 0. 0. 0.
0C540.0. 0. 0. 0. 0. 0. 0.
0E18. 0. 0. 0. 0. 0. 0. .1 4. 35..010. .010. 0. 0. 0. 0. .5 0. 0. 0. 0. 0. 0.
0E20. 0. 0. 0. 0. 0. 0. 0. .1 0. 0. 0. 0. 0. 0. .010. .1 0. 0. 0. 0. 0. 0. 0.
0E30. 0. 0. 0. 0. 0. 0. 0. 0. 0. 0. 0. 0. 0. 0. 0. 0. 0. 0. 0. 0. 0. 0. 0. 0.
0E40. .01.010. 0. 0. 0. 0. 0. 0. 0. 0. 0. 0. 0. 0. 0. .5 0. 0. 0. 0. 0. 0. 0.
0E541.0. 0. 0. 0. 0. 0. 0.
0G15. 0. 0. 0. 0. 0. 0. .5 15.15.0. 0. 0. 0. 0. 0. 0. 0. 1. 0. 0. 0. 0. 0. 0.
0G20. 0. 0. 0. 0. 0. 0. 0. .5 0. 0. 0. 0. 0. 0. 0. 0. 0. 0. 0. 0. 0. 0. 0. 0.
0G30. 0. 0. 0. 0. 0. 0. 0. 0. 0. 0. 0. 0. 0. 0. 0. 0. 0. 0. 0. 0. 0. 0. 0. 0.
0G40. .01.010. 0. 0. 0. 0. 0. 0. 0. 0. 0. 0. 0. 0. 0. 0. 0. 0. 0. 0. 0. 0. 0.
0G542.0. 0. 0. 0. 0. 0. 0.
0I17. 0. 0. 0. 0. 0. 0. .1 15.15.0. 0. 0. 0. 0. 0. 0. 0. 0. 0. 0. 0. 0. 0. 0.
0I20. 0. 0. 0. 0. 0. 0. 0. 0. 0. 0. 0. 0. 0. 0. 0. 0. .1 0. 0. 0. 0. 0. 0. 0.
0I3.010. 0. 0. 0. 0. 0. 0. 0. 0. 0. 0. 0. 0. 0. 0. 0. 0. 0. 0. 0. 0. 0. 0. 0.
0I40. .010. 0. 0. 0. 0. 0. 0. 0. 0. 0. 0. 0. 0. 0. 0. 0. 0. 0. 0. 0. 0. 0. 0.
0I543.0. 0. 0. 0. 0. 0. 0.
2A115.0. 0. .1 0. 0. 0. .5 25.40..1 0. 0. 0. 0. 0. 0. 0. 0. 0. 0. 0. 0. 0. 0.
2A20. 0. 0. 0. 0. 0. 0. 0. 0. 0. 0. 0. 0. 0. 0. 0. 0. 0. 0. 0. 0. 0. 0. 0. 0.
2A30. 0. 0. 0. 0. 0. 0. 0. 0. 0. 0. 0. 0. 0. 0. 0. 0. 0. 0. 0. 0. 0. 0. 0. 0.
2A40. .01.010. 0. 0. 0. 0. 0. 0. 0. 0. 0. 0. 0. 0. 0. 0. 0. 0. 0. 0. 0. 0. 0.
2A50. 0. 0. 0. 0. 0. 0. 0.
2C125.0. 0. 0. 0. 0. 0. .1 15.25..1 0. 0. 0. 0. 0. 0. 0. 0. 0. 0. 0. 0. 0. 0.
2C20. 0. 0. 0. 0. 0. 0. 0. 0. 0. .010. 0. 0. 0. .010. 0. 0. 0. 0. 0. 0. 0. 0.
2C30. 0. 0. 0. 0. 0. 0. 0. 0. 0. 0. 0. 0. 0. 0. 0. 0. 0. 0. 0. 0. 0. 0. 0. 0.
2C40. .01.010. 0. 0. 0. 0. 0. 0. 0. 0. 0. 0. 0. 0. 0. 0. 0. 0. 0. 0. 0. 0. 0.
2C50. 0. 0. 0. 0. 0. 0. 0.
2E115.0. 0. 0. 0. 0. 0. .1 15.15.0. 0. 0. 0. 0. 0. 0. 0. 0. 0. 0. 0. 0. 0. 0.
2E20. 0. 0. 0. 0. 0. 0. 0. 0. 0. 0. 0. 0. 0. 0. .1 0. 0. 0. 0. 0. 0. 0. 0. 0.
2E30. 0. 0. 0. 0. 0. 0. 0. 0. 0. 0. 0. 0. 0. 0. 0. 0. 0. 0. 0. 0. 0. 0. 0. 0.
2E40. .010. 0. 0. 0. 0. 0. 0. 0. 0. 0. 0. 0. 0. 0. 0. 0. 0. 0. 0. 0. 0. 0. 0.
2E50. 0. 0. 0. 0. 0. 0. 0.
2G125.0. 0. 0. 0. 0. 0. .1 3. 25.0. 0. 0. 0. 0. 0. 0. 0. 1. 0. 0. 0. 0. 0. 0.
2G20. 0. 0. 0. 0. 0. 0. 0. 0. 0. 0. 0. 0. 0. 0. 0. 0. 0. 0. 0. 0. 0. 0. 0. 0.
2G30. 0. 0. 0. 0. 0. 0. 0. 0. 0. 0. 0. 0. 0. 0. 0. 0. 0. 0. 0. 0. 0. 0. 0. 0.
2G40. .01.010. 0. 0. 0. 0. 0. 0. 0. 0. 0. 0. 0. 0. 0. 0. 0. 0. 0. 0. 0. 0. 0.
2G50. 0. 0. 0. 0. 0. 0. 0.
2I16. 0. 0. 0. 0. 0. 0. .1 15.20.0. 0. 0. 0. .010. 0. 0. 1. 0. 0. 0. 0. 0. 0.
2I20. 0. 0. 0. 0. 0. 0. 0. 0. 0. 0. 0. 0. 0. 0. 0. 0. .1 0. 0. 0. 0. 0. 0. 0.
2I30. 0. 0. 0. 0. 0. 0. 0. 0. 0. 0. 0. 0. 0. 0. 0. 0. 0. 0. 0. 0. 0. 0. 0. 0.
2I40. .01.010. 0. 0. 0. 0. 0. 0. 0. 0. 0. 0. 0. 0. 0. 0. 0. 0. 0. 0. 0. 0. 0.
2I50. 0. 0. 0. 0. 0. 0. 0.
4A28. 0. 0. 0. 0. .010. .1 3. 60..1 0. 0. 0. 0. 0. 0. 0. 0. 0. 0. 0. 0. 0. 0.
4A20. 0. 0. 0. 0. 0. 0. 0. 3. 0. 0. 0. 0. 0. 0. .1 0. 0. 0. 0. 0. 0. 0. 0. 0.
4A30. 0. 0. 0. 0. 0. 0. 0. 0. 0. 0. 0. 0. 0. 0. 0. 0. 0. 0. 0. 0. 0. 0. 0. 0.
4A40. .010. 0. 0. 0. 0. 0. 0. 0. 0. 0. 0. 0. 0. 0. 0. 0. 0. 0. 0. 0. 0. 0. 0.
4A50. 0. 0. 0. 0. 0. 0. 0.
4C14. 0. 0. 0. 0. 0. 0. .1 12.20.0. 0. 0. 0. 0. 0. 0. 0. 3. 0. 0. 0. 0. 0. 0.
4C20. 0. 0. 0. 0. 0. 0. 0. 0. 0. 0. 0. 0. 0. 0. 0. 0. .1 0. 0. 0. 0. 0. 0. 0.
4C30. 0. 0. 0. 0. 0. 0. 0. 0. 0. 0. 0. 0. 0. 0. 0. 0. 0. 0. 0. 0. 0. 0. 0. 0.
4C40. .01.010. 0. 0. 0. 0. 0. 0. 0. 0. 0. 0. 0. 0. 0. 0. 0. 0. 0. 0. 0. 0. 0.
4C50. 0. 0. 0. 0. 0. 0. 0.
4E115.0. 0. 0. 0. 0. 0. .5 4. 25.0. 0. 0. 0. 0. 0. 0. 0. 0. 0. 0. 0. 0. 0. 0.
4E20. 0. 0. 0. 0. 0. 0. 0. 0. 0. 0. .010. 0. 0. .1 0. 0. 0. 0. 0. 0. 0. 0. 0.
4E30. 0. 0. 0. 0. 0. 0. 0. 0. 0. 0. 0. 0. 0. 0. 0. 0. 0. 0. 0. 0. 0. 0. 0. 0.
4E40. .01.1 0. 0. 0. 0. 0. 0. 0. 0. 0. 0. 0. 0. 0. 0. 0. 0. 0. 0. 0. 0. 0. 0.
4E50. 0. 0. 0. 0. 0. 0. 0.
4G14. 0. 0. 0. 0. 0. 0. .5 3. 30.0. 0. 0. 0. 0. 0. 0. 0. 3. 0. 0. 0. 0. 0. 0.
4G20. 0. 0. 0. 0. 0. 0. 0. 0. 0. .010. 0. 0. 0. .1 0. .010. 0. 0. 0. 0. 0. 0.
4G30. 0. 0. 0. 0. 0. 0. 0. 0. 0. 0. 0. 0. 0. 0. 0. 0. 0. 0. 0. 0. 0. 0. 0. 0.
4G40. .010. 0. 0. 0. 0. 0. 0. 0. 0. 0. 0. 0. 0. 0. 0. 0. 0. 0. 0. 0. 0. 0. 0.
4G50. 0. 0. 0. 0. 0. 0. 0.
4I120.0. 0. 0. 0. 0. 0. .017. 30.0. 0. 0. 0. 0. 0. 0. 0. 0. 0. 0. 0. 0. 0. 0.
4I20. 0. 0. 0. 0. 0. 0. 0. 0. 0. .1 0. 0. 0. 0. 0. 0. 0. 0. 0. 0. 0. 0. 0. 0.
4I30. 0. 0. 0. 0. 0. 0. 0. 0. 0. 0. 0. 0. 0. 0. 0. 0. 0. 0. 0. 0. 0. 0. 0. 0.
4I40. .010. 0. 0. 0. 0. 0. 0. 0. 0. 0. 0. 0. 0. 0. 0. 0. 0. 0. 0. 0. 0. 0. 0.
4I50. 0. 0. 0. 0. 0. 0. 0.
6A18. .5 0. 0. 0. 0. 0. .1 3. 50..1 0. 0. 0. 0. 0. 0. 0. 0. 0. 0. 0. 0. 0. 0.
6A20. 0. 0. 0. 0. 0. 0. 0. 0. 0. 0. .010. 0. 0. .010. .1 0. 0. 0. 0. 0. 0. 0.
6A30. 0. 0. 0. 0. 0. 0. 0. 0. 0. 0. 0. 0. 0. 0. 0. 0. 0. 0. 0. 0. 0. 0. 0. 0.
6A40. .01.010. 0. 0. 0. 0. 0. 0. 0. 0. 0. 0. 0. 0. 0. 0. 0. 0. 0. 0. 0. 0. 0.
6A536.0. 0. 0. 0. 0. 0. 0.
6C110.0. 0. 0. 0. 0. 0. .5 3. 17.0. 0. .010. 0. 0. 0. 0. .1 0. 0. 0. 0. 0. 0.
6C20. 0. 0. 0. 0. 0. 0. 0. 0. 0. 0. 0. 0. 0. 0. 0. 0. 0. 0. 0. 0. 0. 0. 0. 0.
6C30. 0. 0. 0. 0. 0. 0. 0. 0. 0. 0. 0. 0. 0. 0. 0. 0. 0. 0. 0. 0. 0. 0. 0. 0.
6C40. .010. 0. 0. 0. 0. 0. 0. 0. 0. 0. 0. 0. 0. 0. 0. 0. 0. 0. 0. 0. 0. 0. 0.
6C539.0. 0. 0. 0. 0. 0. 0.
6E15. 0. 0. 0. 0. 0. 0. .5 .5 15.0. 0. .010. 0. 0. 0. 0. .5 0. 0. 0. 0. 0. 0.
6E20. 0. 0. 0. 0. 0. 0. 0. .1 0. .1 0. 0. 0. 0. 0. 0. 0. 0. 0. 0. 0. 0. 0. 0.
6E30. 0. 0. 0. 0. 0. 0. 0. 0. 0. 0. 0. 0. 0. 0. 0. 0. 0. 0. 0. 0. 0. 0. 0. 0.
6E40. .010. 0. 0. 0. 0. 0. 0. 0. 0. 0. 0. 0. 0. 0. 0. 0. 0. 0. 0. 0. 0. 0. 0.
6E540.0. 0. 0. 0. 0. 0. 0.
6G11. 0. 0. 0. 0. 0. 0. .5 .1 7. 0. 0. .010. 0. 0. 0. 0. 0. 0. 0. 0. 0. 0. 0.
6G20. 0. 0. 0. 0. 0. 0. 0. 0. 0. 0. 0. 0. 0. 0. .1 0. 0. 0. 0. 0. 0. 0. 0. 0.
6G30. 0. 0. 0. 0. 0. 0. 0. 0. 0. 0. 0. 0. 0. 0. 0. 0. 0. 0. 0. 0. 0. 0. 0. 0.
6G40. .010. 0. 0. 0. 0. 0. 0. 0. 0. 0. 0. 0. 0. 0. 0. 0. 0. 0. 0. 0. 0. 0. 0.
6G538.0. 0. 0. 0. 0. 0. 0.
6I15. 0. 0. .010. 0. 0. 0. .5 40.0. 0. 0. 0. 0. 0. 0. 0. 0. 0. 0. 0. 0. 0. 0.
6I20. 0. 0. 0. 0. 0. 0. 0. 0. 0. 0. 0. 0. 0. 0. 0. 0. 0. 0. 0. 0. 0. 0. 0. 0.
6I30. 0. 0. 0. 0. 0. 0. 0. 0. 0. 0. 0. 0. 0. 0. 0. 0. 0. 0. 0. 0. 0. 0. 0. 0.
6I40. .010. 0. 0. 0. 0. 0. 0. 0. 0. 0. 0. 0. 0. 0. 0. 0. 0. 0. 0. 0. 0. 0. 0.
6I539.0. 0. 0. 0. 0. 0. 0.
8A14. 0. 0. 0. 0. 0. 0. .5 .5 25..1 0. 0. 0. 0. 0. 0. 0. 1. 0. 0. 0. 0. 0. 0.
8A20. 0. 0. 0. 0. 0. 0. 0. 0. 0. .010. 0. 0. 0. .010. 0. 0. 0. 0. 0. 0. 0. 0.
8A30. 0. 0. 0. 0. 0. 0. 0. 0. 0. 0. 0. 0. 0. 0. 0. 0. 0. 0. 0. 0. 0. 0. 0. 0.
8A40. .01.010. 0. 0. 0. 0. 0. 0. 0. 0. 0. 0. 0. 0. 0. 0. 0. 0. 0. 0. 0. 0. 0.
8A50. 0. 0. 0. 0. 0. 0. 0.
8C13. 0. 0. 0. 0. 0. 0. .5 .5 30.0. 0. 0. 0. 0. 0. 0. 0. .1 0. 0. 0. 0. 0. 0.
8C20. 0. 0. 0. 0. 0. 0. 0. 0. 0. .010. 0. 0. 0. 0. 0. 0. 0. 0. 0. 0. 0. 0. 0.
8C30. 0. 0. 0. 0. 0. 0. 0. 0. 0. 0. 0. 0. 0. 0. 0. 0. 0. 0. 0. 0. 0. 0. 0. 0.
8C40. .010. 0. 0. 0. 0. 0. 0. 0. 0. 0. 0. 0. 0. 0. 0. 0. 0. 0. 0. 0. 0. 0. 0.
8C50. 0. 0. 0. 0. 0. 0. 0.
8E14. 0. 0. 0. 0. 0. 0. .1 1. 4. 0. 0. 0. 0. 0. 0. 0. 0. 0. 0. 0. 0. 0. 0. 0.
8E20. 0. 0. 0. 0. 0. 0. 0. 0. 0. 0. 0. 0. 0. 0. 0. 0. 0. 0. 0. 0. 0. 0. 0. 0.
8E30. 0. 0. 0. 0. 0. 0. 0. 0. 0. 0. 0. 0. 0. 0. 0. 0. 0. 0. 0. 0. 0. 0. 0. 0.
8E40. .010. 0. 0. 0. 0. 0. 0. 0. 0. 0. 0. 0. 0. 0. 0. 0. 0. 0. 0. 0. 0. 0. 0.
8E50. 0. 0. 0. 0. 0. 0. 0.
8G12. 0. 0. 0. 0. 0. 0. .5 .5 40.0. 0. 0. 0. 0. 0. 0. 0. 3. 0. 0. 0. 0. 0. 0.
8G20. 0. 0. 0. 0. 0. 0. 0. 0. 0. 0. 0. 0. 0. 0. 0. 0. 0. 0. 0. 0. 0. 0. 0. 0.
8G30. 0. 0. 0. 0. 0. 0. 0. 0. 0. 0. 0. 0. 0. 0. 0. 0. 0. 0. 0. 0. 0. 0. 0. 0.
8G40. .010. 0. 0. 0. 0. 0. 0. 0. 0. 0. 0. 0. 0. 0. 0. 0. 0. 0. 0. 0. 0. 0. 0.
8G50. 0. 0. 0. 0. 0. 0. 0.
8I17. 0. 0. .1 0. 0. 0. 1. 2. 50..010. 0. 0. 0. 0. 0. 0. 1. 0. 0. 0. 0. 0. 0.
8I20. 0. 0. 0. 0. 0. 0. 0. 0. 0. 0. 0. 0. 0. 0. 0. 0. .010. .1 0. 0. 0. 0. 0.
8I30. 0. 0. 0. 0. 0. 0. 0. 0. 0. 0. 0. 0. 0. 0. 0. 0. 0. 0. 0. 0. 0. 0. 0. 0.
8I40. .01.010. 0. 0. 0. 0. 0. 0. 0. 0. 0. 0. 0. 0. 0. 0. 0. 0. 0. 0. 0. 0. 0.
8I50. 0. 0. 0. 0. 0. 0. 0.
0A115.0. 0. .1 0. 0. 0. 1. 8. 17..1 0. .1 0. .010. 0. 0. 1. 0. 0. 0. 0. 0. 0.
0A20. 0. 0. 0. 0. 0. 0. 0. 1. .010. 0. 0. 0. 0. 0. 0. .1 0. 0. 0. 0. 0. .1 0.
0A30. 0. 0. 0. 0. 0. 0. 0. 0. 0. 0. 0. 0. 0. 0. 0. 0. 0. 0. 0. 0. 0. 0. 0. 0.
0A40. .01.1 0. 0. 0. 0. 0. 0. 0. 0. 0. 0. 0. 0. 0. 0. 0. 0. 0. 0. 0. 0. 0. 0.
0A538.0. 0. 0. 0. 0. 0. 0.
0C14. 0. 0. 0. 0. 0. 0. .5 15.20..1 .01.1 0. 0. 0. 0. 0. 0. 0. 0. 0. 0. 0. 0.
0C20. 0. 0. 0. 0. 0. 0. 0. .5 .010. 0. 0. 0. .010. 0. .010. 0. 0. 0. 0. .010.
0C30. 0. 0. 0. 0. 0. 0. 0. 0. 0. 0. 0. 0. 0. 0. 0. 0. 0. 0. 0. 0. 0. 0. 0. 0.
0C40. .01.010. 0. 0. 0. 0. 0. 0. 0. 0. 0. 0. 0. 0. 0. 3. 0. 0. 0. 0. 0. 0. 0.
0C538.0. 0. 0. 0. 0. 0. 0.
0E112.0. 0. 0. 0. 0. 0. 1. 3. 25..1 0. .1 0. 0. 0. 0. 0. 0. 0. 0. 0. 0. 0. 0.
0E20. 0. 0. 0. 0. 0. 0. 0. .5 0. 0. 0. 0. .010. 0. 0. 0. 0. 0. 0. 0. 0. 0. 0.
0E30. 0. 0. 0. 0. 0. 0. 0. 0. 0. 0. 0. 0. 0. 0. 0. 0. 0. 0. 0. 0. 0. 0. 0. 0.
0E40. .01.010. 0. 0. 0. 0. 0. 0. 0. 0. 0. 0. 0. 0. 0. .5 0. 0. 0. 0. 0. 0. 0.
0E539.0. 0. 0. 0. 0. 0. 0.
0G15. .1 0. 0. 0. 0. 0. .5 10.10.0. 0. 0. 0. 0. 0. 0. 0. 2. 0. 0. 0. 0. 0. 0.
0G20. 0. 0. 0. 0. 0. 0. 0. .1 .010. 0. 0. .010. 0. 0. 0. 0. 0. 0. 0. 0. 0. 0.
0G3.010. 0. 0. 0. 0. 0. 0. 0. 0. 0. 0. 0. 0. 0. 0. 0. 0. 0. 0. 0. 0. 0. 0. 0.
0G40. .01.1 0. 0. 0. 0. 0. 0. 0. 0. 0. 0. 0. 0. 0. 0. 0. 0. 0. 0. 0. 0. 0. 0.
0G538.0. 0. 0. 0. 0. 0. 0.
0I117.0. 0. 0. 0. 0. 0. .1 15.15.0. .01.010. 0. 0. 0. 0. 0. 0. 0. 0. 0. 0. 0.
0I20. 0. 0. 0. 0. 0. 0. 0. .1 0. 0. 0. 0. 0. 0. .010. .1 0. 0. 0. 0. 0. 0. 0.
0I3.010. 0. 0. 0. 0. 0. 0. 0. 0. 0. 0. 0. 0. 0. 0. 0. 0. 0. 0. 0. 0. 0. 0. 0.
0I40. .01.010. 0. 0. 0. 0. 0. 0. 0. 0. 0. 0. 0. 0. 0. 0. 0. 0. 0. 0. 0. 0. 0.
0I539.0. 0. 0. 0. 0. 0. 0.
2A110.0. 0. .1 0. 0. 0. 1. 30.25..1 0. .1 0. 0. 0. 0. 0. 0. 0. 0. 0. 0. 0. 0.
2A20. 0. 0. 0. 0. 0. 0. 0. .5 0. 0. 0. 0. .010. .010. .1 0. 0. 0. 0. 0. 0. 0.
2A30. 0. 0. 0. 0. 0. 0. 0. 0. 0. 0. 0. 0. 0. 0. 0. 0. 0. 0. 0. 0. 0. 0. 0. 0.
2A40. .01.010. 0. 0. 0. 0. 0. 0. 0. 0. 0. 0. 0. 0. 0. 0. 0. 0. 0. 0. 0. 0. 0.
2A538.0. 0. 0. 0. 0. 0. 0.
2C120.0. 0. .010. 0. 0. .5 20.30..1 0. .1 0. .1 0. 0. 0. 0. 0. 0. 0. 0. 0. 0.
2C20. 0. 0. 0. 0. 0. 0. 0. .1 0. 0. 0. 0. .01.1 .010. .010. 0. 0. 0. 0. 0. 0.
2C30. 0. 0. 0. 0. 0. 0. 0. 0. 0. 0. 0. 0. 0. 0. 0. 0. 0. 0. 0. 0. 0. 0. 0. 0.
2C40. .01.1 0. 0. 0. 0. 0. 0. 0. 0. 0. 0. 0. 0. 0. 0. 0. 0. 0. 0. 0. 0. 0. 0.
2C538.0. 0. 0. 0. 0. 0. 0.
2E120.0. 0. 0. 0. 0. 0. 1. 20.20..01.01.010. 0. 0. 0. 0. 0. 0. 0. 0. 0. 0. 0.
2E20. 0. 0. 0. 0. .010. 0. 0. 0. 0. 0. 0. .01.01.1 0. 0. 0. 0. 0. 0. 0. 0. 0.
2E30. 0. 0. 0. 0. 0. 0. 0. 0. 0. 0. 0. 0. 0. 0. 0. 0. 0. 0. 0. 0. 0. 0. 0. 0.
2E40. .1 .010. 0. 0. 0. 0. 0. 0. 0. 0. 0. 0. 0. 0. 0. 0. 0. 0. 0. 0. 0. 0. 0.
2E538.0. 0. 0. 0. 0. 0. 0.
2G125.0. 0. 0. 0. 0. 0. .1 2. 25.0. 0. 0. 0. 0. 0. 0. 0. 1. 0. 0. 0. 0. 0. 0.
2G20. 0. 0. 0. 0. 0. 0. 0. .1 0. 0. 0. 0. 0. 0. 0. 0. 0. 0. 0. 0. 0. 0. 0. 0.
2G3.1 0. 0. 0. 0. 0. 0. 0. 0. 0. 0. 0. 0. 0. 0. 0. 0. 0. 0. 0. 0. 0. 0. 0. 0.
2G40. .01.1 0. 0. 0. 0. 0. 0. 0. 0. 0. 0. 0. 0. 0. 0. 0. 0. 0. 0. 0. 0. 0. 0.
2G538.0. 0. 0. 0. 0. 0. 0.
2I112.0. 0. 0. 0. 0. 0. .1 8. 25.0. 0. .010. .1 0. 0. 0. 0. 0. 0. 0. 0. 0. 0.
2I20. 0. 0. 0. 0. 0. 0. 0. 0. .010. 0. 0. .010. 0. 0. 0. 0. 0. 0. 0. 0. 0. 0.
2I30. 0. 0. 0. 0. 0. 0. 0. 0. 0. 0. 0. 0. 0. 0. 0. 0. .010. 0. 0. 0. 0. 0. 0.
2I40. .01.010. 0. 0. 0. 0. 0. 0. 0. 0. 0. 0. 0. 0. 0. 0. 0. 0. 0. 0. 0. 0. 0.
2I538.0. 0. 0. 0. 0. 0. 0.
4A17. 0. 0. .010. 0. 0. 1. 15.40..1 0. .1 0. 0. 0. 0. 0. 0. 0. 0. 0. 0. 0. 0.
4A20. 0. 0. 0. 0. 0. 0. 0. 2. .010. 0. 0. .010. .1 0. 0. 0. 0. 0. 0. 0. 0. 0.
4A30. 0. 0. 0. 0. 0. 0. 0. 0. 0. 0. 0. 0. 0. 0. 0. 0. 0. 0. 0. 0. 0. 0. 0. 0.
4A40. .01.010. 0. 0. 0. 0. 0. 0. 0. 0. 0. 0. 0. 0. 0. 0. 0. 0. 0. 0. 0. 0. 0.
4A538.0. 0. 0. 0. 0. 0. 0.
4C15. 0. 0. 0. 0. 0. 0. .1 15.25.0. 0. .5 0. 0. 0. 0. 0. 3. 0. 0. 0. 0. 0. 0.
4C20. 0. 0. 0. 0. 0. 0. 0. 0. 0. 0. 0. 0. .010. 0. 0. 0. 0. 0. 0. 0. 0. 0. 0.
4C30. 0. 0. 0. 0. 0. 0. 0. 0. 0. 0. 0. 0. 0. 0. 0. 0. 0. 0. 0. 0. 0. 0. 0. 0.
4C40. 0. 0. 0. 0. 0. 0. 0. 0. 0. 0. 0. 0. 0. 0. 0. 0. 0. 0. 0. 0. 0. 0. 0. 0.
4C540.0. 0. 0. 0. 0. 0. 0.
4E117.0. 0. 0. 0. 0. 0. 1. 10.20..1 .01.1 0. 0. 0. 0. 0. .1 0. 0. 0. 0. 0. 0.
4E20. 0. 0. 0. 0. 0. 0. 0. 0. .010. 0. 0. 0. 0. .1 0. 0. 0. .010. 0. 0. 0. 0.
4E3.010. 0. 0. 0. 0. 0. 0. 0. 0. 0. 0. 0. 0. 0. 0. 0. 0. 0. 0. 0. 0. 0. 0. 0.
4E40. .1 .1 0. 0. 0. 0. 0. 0. 0. 0. 0. 0. 0. 0. 0. 0. 0. 0. 0. 0. 0. 0. 0. 0.
4E538.0. 0. 0. 0. 0. 0. 0.
4G14. 0. 0. 0. 0. 0. 0. 2. 3. 25.0. 0. 0. 0. 0. 0. 0. 0. 4. 0. 0. 0. 0. 0. 0.
4G20. 0. 0. 0. 0. 0. 0. 0. .1 .01.010. 0. 0. 0. 0. 0. 0. 0. 0. 0. 0. 0. 0. 0.
4G30. 0. 0. 0. 0. 0. 0. 0. 0. 0. 0. 0. 0. 0. 0. 0. 0. 0. 0. 0. 0. 0. 0. 0. 0.
4G40. .01.010. 0. 0. 0. 0. 0. 0. 0. 0. 0. 0. 0. 0. 0. 0. 0. 0. 0. 0. 0. 0. 0.
4G538.0. 0. 0. 0. 0. 0. 0.
4I125.0. 0. 0. 0. 0. 0. .1 5. 20.0. .010. 0. 0. 0. 0. 0. 0. 0. 0. 0. 0. 0. 0.
4I20. 0. 0. 0. 0. .010. 0. 0. .01.1 0. 0. .010. 0. 0. .010. 0. 0. 0. 0. 0. 0.
4I30. 0. 0. 0. 0. 0. 0. 0. 0. 0. 0. 0. 0. 0. 0. 0. 0. 0. 0. 0. 0. 0. 0. 0. 0.
4I40. .1 0. 0. 0. 0. 0. 0. 0. 0. 0. 0. 0. 0. 0. 0. 0. 0. 0. 0. 0. 0. 0. 0. 0.
4I538.0. 0. 0. 0. 0. 0. 0.
6A117..1 0. 0. 0. 0. 0. .1 10.10..1 0. .010. 0. 0. 0. 0. 0. 0. 0. 0. 0. 0. 0.
6A20. 0. 0. 0. 0. 0. 0. 0. .1 0. .010. 0. 0. 0. .010. .1 0. .010. 0. 0. 0. 0.
6A30. 0. 0. 0. 0. 0. 0. 0. 0. 0. 0. 0. 0. 0. 0. 0. 0. 0. 0. 0. 0. 0. 0. 0. 0.
6A40. .01.010. 0. 0. 0. 0. 0. 0. 0. 0. 0. 0. 0. 0. 0. 0. 0. 0. 0. 0. 0. 0. 0.
6A540.0. 0. 0. 0. 0. 0. 0.
6C125.0. 0. 0. 0. 0. 0. .5 6. 17.0. 0. .010. 0. 0. 0. 0. 0. 0. 0. 0. 0. 0. .01
6C20. 0. 0. 0. 0. 0. 0. 0. 0. 0. 0. 0. 0. 0. 0. 0. 0. 0. 0. 0. 0. 0. 0. 0. 0.
6C30. 0. 0. 0. 0. 0. 0. 0. 0. 0. 0. 0. 0. 0. 0. 0. 0. 0. 0. 0. 0. 0. 0. 0. 0.
6C40. .010. 0. 0. 0. 0. 0. 0. 0. 0. 0. 0. 0. 0. 0. 0. 0. 0. 0. 0. 0. 0. 0. 0.
6C541.0. 0. 0. 0. 0. 0. 0.
6E16. 0. 0. 0. 0. 0. 0. .5 1. 12.0. 0. 0. 0. 0. 0. 0. 0. .5 0. 0. 0. 0. 0. 0.
6E20. 0. 0. 0. 0. 0. 0. 0. .1 0. 0. 0. 0. .010. .010. .010. 0. 0. 0. 0. 0. 0.
6E30. 0. 0. 0. 0. 0. 0. 0. 0. 0. 0. 0. 0. 0. 0. 0. 0. 0. 0. 0. 0. 0. 0. 0. 0.
6E40. .01.010. 0. 0. 0. 0. 0. 0. 0. 0. 0. 0. 0. 0. 0. 0. 0. 0. 0. 0. 0. 0. 0.
6E542.0. 0. 0. 0. 0. 0. 0.
6G1.1 0. 0. 0. 0. 0. 0. .5 1. 10.0. 0. .1 0. 0. 0. 0. 0. 0. 0. 0. 0. 0. 0. 0.
6G20. 0. 0. 0. 0. 0. 0. 0. 0. 0. 0. 0. 0. 0. 0. .1 0. 0. 0. 0. 0. 0. 0. 0. 0.
6G30. 0. 0. 0. 0. 0. 0. 0. 0. 0. 0. 0. 0. 0. 0. 0. 0. 0. 0. 0. 0. 0. 0. 0. 0.
6G40. .010. 0. 0. 0. 0. 0. 0. 0. 0. 0. 0. 0. 0. 0. 0. 0. 0. 0. 0. 0. 0. 0. 0.
6G541.0. 0. 0. 0. 0. 0. 0.
6I18. 0. 0. 0. 0. 0. 0. .5 .5 25.0. 0. 0. 0. 0. 0. 0. 0. 0. 0. 0. 0. 0. 0. 0.
6I20. 0. 0. 0. 0. 0. 0. 0. 0. 0. 0. 0. 0. .010. 0. 0. .1 0. 0. 0. 0. 0. 0. 0.
6I30. 0. 0. 0. 0. 0. 0. 0. 0. 0. 0. 0. 0. 0. 0. 0. 0. 0. 0. 0. 0. 0. 0. 0. 0.
6I40. .010. 0. .010. 0. 0. 0. 0. 0. 0. 0. 0. 0. 0. 0. 0. 0. 0. 0. 0. 0. 0. 0.
6I540.0. 0. 0. 0. 0. 0. 0.
8A18. 0. 0. 0. 0. 0. 0. 1. 1. 15..1 0. .010. 0. 0. 0. 0. 0. 0. 0. 0. 0. 0. 0.
8A20. 0. 0. 0. 0. 0. 0. 0. .1 .01.1 0. 0. 0. 0. 0. 0. 0. 0. 0. 0. 0. 0. 0. 0.
8A30. 0. 0. 0. 0. 0. 0. 0. 0. 0. 0. 0. 0. 0. 0. 0. 0. 0. 0. 0. 0. 0. 0. 0. 0.
8A40. .010. 0. 0. 0. 0. 0. 0. 0. 0. 0. 0. 0. 0. 0. 0. 0. 0. 0. 0. 0. 0. 0. 0.
8A540.0. 0. 0. 0. 0. 0. 0.
8C18. 0. 0. 0. 0. 0. 0. .5 2. 20.0. 0. 0. 0. 0. 0. 0. 0. .1 0. 0. 0. 0. 0. 0.
8C20. 0. 0. 0. 0. 0. 0. 0. 0. 0. 0. 0. 0. .010. 0. 0. 0. 0. 0. 0. 0. 0. 0. 0.
8C30. 0. 0. 0. 0. 0. 0. 0. 0. 0. 0. 0. 0. 0. 0. 0. 0. 0. 0. 0. 0. 0. 0. 0. 0.
8C40. .010. 0. 0. 0. 0. 0. 0. 0. 0. 0. 0. 0. 0. 0. 0. 0. 0. 0. 0. 0. 0. 0. 0.
8C542.0. 0. 0. 0. 0. 0. 0.
8E16. 0. 0. 0. 0. 0. 0. .1 1. 5. 0. 0. 0. 0. 0. 0. 0. 0. 0. 0. 0. 0. 0. 0. 0.
8E20. 0. 0. 0. 0. 0. 0. 0. 0. 0. 0. 0. 0. .010. .010. 0. 0. 0. 0. 0. 0. 0. 0.
8E30. 0. 0. 0. 0. 0. 0. 0. 0. 0. 0. 0. 0. 0. 0. 0. 0. 0. 0. 0. 0. 0. 0. 0. 0.
8E40. .010. 0. 0. 0. 0. 0. 0. 0. 0. 0. 0. 0. 0. 0. 0. 0. 0. 0. 0. 0. 0. 0. 0.
8E541.0. 0. 0. 0. 0. 0. 0.
8G13. 0. 0. 0. 0. 0. 0. .5 4. 35.0. .010. 0. 0. 0. 0. 0. 3. 0. 0. 0. 0. 0. 0.
8G20. 0. 0. 0. 0. 0. 0. 0. 0. 0. 0. 0. 0. 0. 0. 0. 0. 0. 0. 0. 0. 0. 0. 0. 0.
8G30. 0. 0. 0. 0. 0. 0. 0. 0. 0. 0. 0. 0. 0. 00.0. 0. 0. 0. 0. 0. 0. 0. 0. 0.
8G40. .01.010. 0. 0. 0. 0. 0. 0. 0. 0. 0. 0. 0. 0. 0. 0. 0. 0. 0. 0. 0. 0. 0.
8G540.0. 0. 0. 0. 0. 0. 0.
8I110.0. 0. .1 0. 0. 0. 1. 15.20.0. .010. 0. 0. 0. 0. 0. 1. 0. 0. 0. 0. 0. 0.
8I20. 0. 0. 0. 0. 0. 0. 0. .5 0. 0. 0. 0. .010. 0. 0. .010. .1 0. 0. 0. 0. 0.
8I30. 0. 0. 0. 0. 0. 0. 0. 0. 0. 0. 0. 0. 0. 0. 0. 0. 0. 0. 0. 0. 0. 0. 0. 0.
8I40. .01.010. 0. 0. 0. 0. 0. 0. 0. 0. 0. 0. 0. 0. 0. 0. 0. 0. 0. 0. 0. 0. 0.
8I542.0. 0. 0. 0. 0. 0. 0.
0A112.0. 0. .1 0. 0. 0. 2. 8. 20..5 .01.1 0. .1 0. 0. 0. 2. 0. 0. 0. 0. 0. 0.
0A20. 0. 0. 0. 0. .1 .010. 1. 0. 0. 0. 0. .010. 0. .5 0. 0. 0. 0. 0. 0. .5 0.
0A30. 0. 0. 0. 0. 0. 0. 0. 0. 0. 0. 0. 0. 0. 0. 0. 0. 0. 0. 0. 0. 0. 0. 0. 0.
0A40. .01.1 0. 0. 0. 0. 0. 0. 0. 0. 0. 0. 0. 0. 0. 0. 0. 0. 0. 0. 0. 0. 0. 0.
0A547.0. 0. 0. 0. 0. 0. 0.
0C13. 0. 0. .010. 0. 0. .5 12.25..1 .1 .1 0. 0. 0. 0. 0. 0. 0. 0. 0. 0. 0. 0.
0C20. 0. 0. .010. .01.010. .1 0. 0. 0. 0. .01.01.010. .010. 0. 0. 0. 0. .1 0.
0C30. 0. 0. 0. 0. 0. 0. 0. 0. 0. 0. 0. 0. 0. 0. 0. 0. 0. 0. 0. 0. 0. 0. 0. 0.
0C40. .01.1 0. 0. 0. 0. 0. 0. 0. 0. 0. 0. 0. 0. 0. 0. 3. 0. 0. 0. 0. 0. 0. 0.
0C548.0. 0. 0. 0. 0. 0. 0.
0E18. 0. 0. 0. 0. 0. 0. .5 5. 25..1 .1 .010. .1 0. 0. 0. 2. 0. 0. 0. 0. 0. 0.
0E20. 0. 0. .1 0. .1 .010. 1. 0. .1 0. 0. .010. .010. .010. 0. 0. 0. 0. 0. 0.
0E3.1 0. 0. 0. 0. 0. 0. 0. 0. 0. 0. 0. 0. 0. 0. 0. 0. 0. 0. 0. 0. 0. 0. 0. 0.
0E40. .1 .1 0. 0. 0. 0. 0. 0. 0. 0. 0. 0. 0. 0. 0. 0. 1. 0. 0. 0. 0. 0. 0. 0.
0E548.0. 0. 0. 0. 0. 0. 0.
0G14. 0. .1 0. 0. 0. 0. 2. 15.15.0. 0. .010. 0. 0. 0. 0. 3. 0. 0. 0. 0. 0. 0.
0G20. 0. 0. .010. .1 0. 0. .5 0. 0. 0. 0. .1 0. 0. 0. 0. 0. 0. 0. 0. 0. 0. 0.
0G30. 0. 0. 0. 0. 0. 0. 0. 0. 0. 0. 0. 0. 0. 0. 0. 0. 0. 0. 0. 0. 0. 0. 0. 0.
0G40. .01.1 0. 0. 0. 0. 0. 0. 0. 0. 0. 0. 0. 0. 0. 0. 0. 0. 0. 0. 0. 0. 0. 0.
0G548.0. 0. 0. 0. 0. 0. 0.
0I112.0. 0. 0. 0. 0. 0. .1 15.15.0. .01.010. 0. 0. 0. 0. .1 0. 0. 0. 0. 0. 0.
0I20. 0. 0. .1 0. .1 .010. .1 0. 0. 0. 0. 0. 0. 0. 0. .1 0. 0. 0. 0. 0. 0. 0.
0I3.1 0. 0. 0. 0. 0. 0. 0. 0. 0. 0. 0. 0. 0. 0. 0. 0. 0. 0. 0. 0. 0. 0. 0. 0.
0I40. .1 0. 0. 0. 0. 0. 0. 0. 0. 0. 0. 0. 0. 0. 0. 0. 0. 0. 0. 0. 0. 0. 0. 0.
0I548.0. 0. 0. 0. 0. 0. 0.
2A15. 0. 0. .5 0. 0. 0. .5 25.25..1 .1 .1 0. .5 0. 0. 0. 0. 0. 0. 0. 0. 0. 0.
2A20. 0. 0. .010. .01.010. 4. 0. 0. 0. 0. .1 0. .010. .1 0. 0. 0. 0. 0. 0. 0.
2A30. 0. 0. 0. 0. 0. 0. 0. 0. 0. 0. 0. 0. 0. 0. 0. 0. 0. 0. 0. 0. 0. 0. 0. 0.
2A40. .01.010. 0. 0. 0. 0. 0. 0. 0. 0. 0. 0. 0. 0. 0. 0. 0. 0. 0. 0. 0. 0. 0.
2A546.0. 0. 0. 0. 0. 0. 0.
2C117.0. 0. .1 0. 0. 0. .5 20.25..1 0. .010. 0. 0. 0. 0. 0. 0. 0. 0. 0. 0. 0.
2C20. 0. 0. .010. 0. .1 0. .5 0. 0. 0. 0. 0. .1 .010. .01.010. 0. 0. 0. 0. 0.
2C30. 0. 0. 0. 0. 0. 0. 0. 0. 0. 0. 0. 0. 0. 0. 0. 0. 0. 0. 0. 0. 0. 0. 0. 0.
2C40. .01.1 0. 0. 0. 0. 0. 0. 0. 0. 0. 0. 0. 0. 0. 0. 0. 0. 0. 0. 0. 0. 0. 0.
2C547.0. 0. 0. 0. 0. 0. 0.
2E117.0. 0. .1 0. 0. 0. .5 20.20..1 .1 .1 0. 0. 0. 0. 0. 0. 0. 0. 0. 0. 0. 0.
2E20. 0. 0. .010. .1 .010. 0. 0. 0. 0. 0. 0. .01.1 0. 0. 0. 0. 0. 0. 0. 0. 0.
2E3.010. 0. 0. 0. 0. 0. 0. 0. 0. 0. 0. 0. 0. 0. 0. 0. 0. 0. 0. 0. 0. 0. 0. 0.
2E40. .1 .010. 0. 0. 0. 0. 0. 0. 0. 0. 0. 0. 0. 0. 0. 0. 0. 0. 0. 0. 0. 0. 0.
2E548.0. 0. 0. 0. 0. 0. 0.
2G120.0. 0. 0. 0. 0. 0. 1. 3. 25.0. .010. 0. .010. 0. 0. 1. 0. 0. 0. 0. 0. 0.
2G20. 0. 0. .1 0. 0. 0. 0. 3. 0. 0. 0. 0. .1 0. 0. 0. 0. 0. 0. 0. 0. 0. 0. 0.
2G30. 0. 0. 0. 0. 0. 0. 0. 0. 0. 0. 0. 0. 0. 0. 0. 0. 0. 0. 0. 0. 0. 0. 0. 0.
2G40. .01.1 0. .010. 0. 0. 0. 0. 0. 0. 0. 0. 0. 0. 0. 0. 0. 0. 0. 0. 0. 0. 0.
2G548.0. 0. 0. 0. 0. 0. 0.
2I16. 0. 0. 0. 0. 0. 0. .5 10.30.0. .01.1 0. .1 0. 0. 0. 1. 0. 0. 0. 0. 0. 0.
2I20. 0. 0. .1 0. .1 0. 0. 0. .010. 0. 0. .1 0. 0. 0. .010. 0. 0. 0. 0. 0. 0.
2I30. 0. 0. 0. 0. 0. 0. 0. 0. 0. 0. 0. 0. 0. 0. 0. 0. 0. 0. 0. 0. 0. 0. 0. 0.
2I40. .01.1 0. 0. 0. 0. 0. 0. 0. 0. 0. 0. 0. 0. 0. 0. 0. 0. 0. 0. 0. 0. 0. 0.
2I547.0. 0. 0. 0. 0. 0. 0.
4A16. 0. 0. .5 0. 0. 0. .1 15.35..1 0. .1 0. 0. 0. 0. 0. 0. 0. 0. 0. 0. 0. 0.
4A20. 0. 0. .1 0. .01.010. 4. .01.1 0. 0. .1 0. .010. 0. .010. 0. 0. 0. 0. 0.
4A30. 0. 0. 0. 0. 0. 0. 0. 0. 0. 0. 0. 0. 0. 0. 0. 0. 0. 0. 0. 0. 0. 0. 0. 0.
4A40. .01.1 0. 0. 0. 0. 0. 0. 0. 0. 0. 0. 0. 0. 0. 0. 0. 0. 0. 0. 0. 0. 0. 0.
4A548.0. 0. 0. 0. 0. 0. 0.
4C15. 0. 0. 0. 0. 0. 0. .5 20.25.0. .5 .1 0. 0. 0. 0. 0. 3. 0. 0. 0. 0. 0. 0.
4C20. 0. 0. 0. 0. .1 .010. 0. .010. 0. 0. .1 0. .010. .1 0. 0. 0. 0. 0. 0. 0.
4C30. 0. 0. 0. 0. 0. 0. 0. 0. 0. 0. 0. 0. 0. 0. 0. 0. 0. 0. 0. 0. 0. 0. 0. 0.
4C40. .1 .010. .010. 0. 0. 0. 0. 0. 0. 0. 0. 0. 0. 0. 0. 0. 0. 0. 0. 0. 0. 0.
4C548.0. 0. 0. 0. 0. 0. 0.
4E117.0. 0. 0. 0. 0. 0. .5 10.25.0. .1 .1 0. 0. 0. 0. 0. 0. 0. 0. 0. 0. 0. 0.
4E20. 0. 0. .010. 0. 0. 0. .5 .010. 0. 0. .1 0. .010. 0. 0. .010. 0. 0. 0. 0.
4E3.1 0. 0. 0. 0. 0. 0. 0. 0. 0. 0. 0. 0. 0. 0. 0. 0. 0. 0. 0. 0. 0. 0. 0. 0.
4E40. .1 .1 0. 0. 0. 0. 0. 0. 0. 0. 0. 0. 0. 0. 0. 0. 0. 0. 0. 0. 0. 0. 0. 0.
4E547.0. 0. 0. 0. 0. 0. 0.
4G15. 0. 0. 0. 0. 0. 0. 2. 5. 30.0. 0. .010. 0. 0. 0. 0. 2. 0. 0. 0. 0. 0. 0.
4G20. 0. 0. .010. 0. .010. 0. .01.010. 0. .1 0. 0. 0. .010. 0. 0. 0. 0. 0. 0.
4G30. 0. 0. 0. 0. 0. 0. 0. 0. 0. 0. 0. 0. 0. 0. 0. 0. 0. 0. 0. 0. 0. 0. 0. 0.
4G40. .01.1 0. 0. 0. 0. 0. 0. 0. 0. 0. 0. 0. 0. 0. 0. 0. 0. 0. 0. 0. 0. 0. 0.
4G548.0. 0. 0. 0. 0. 0. 0.
4I115.0. 0. 0. 0. 0. 0. .1 10.25.0. .010. 0. 0. 0. 0. 0. 0. 0. 0. 0. 0. 0. 0.
4I20. 0. 0. .010. .1 0. 0. 0. .01.1 0. 0. .1 0. 0. 0. 0. 0. 0. 0. 0. 0. 0. 0.
4I3.1 0. 0. 0. 0. 0. 0. 0. 0. 0. 0. 0. 0. 0. 0. 0. 0. 0. 0. 0. 0. 0. 0. 0. 0.
4I40. .1 0. 0. 0. 0. 0. 0. 0. 0. 0. 0. 0. 0. 0. 0. 0. 0. 0. 0. 0. 0. 0. 0. 0.
4I548.0. 0. 0. 0. 0. 0. 0.
6A115.0. .5 0. 0. 0. 0. 1. 20.35..1 0. .1 0. 0. 0. 0. 0. 0. 0. 0. 0. 0. 0. 0.
6A20. 0. 0. .1 0. 0. 0. 0. .5 .010. 0. 0. .1 0. .010. .010. .1 0. 0. 0. 0. 0.
6A30. 0. 0. 0. 0. 0. 0. 0. 0. 0. 0. 0. 0. 0. 0. 0. 0. 0. 0. 0. 0. 0. 0. 0. 0.
6A40. .01.010. 0. 0. 0. 0. 0. 0. 0. 0. 0. 0. 0. 0. 0. 0. 0. 0. 0. 0. 0. 0. 0.
6A550.0. 0. 0. 0. 0. 0. 0.
6C117.0. 0. 0. 0. 0. 0. .5 6. 15.0. 0. .1 0. 0. 0. 0. 0. .5 0. 0. 0. 0. 0. .1
6C20. 0. 0. .010. .010. 0. .1 .010. 0. 0. .1 0. 0. 0. 0. 0. 0. 0. 0. 0. 0. 0.
6C30. 0. 0. 0. 0. 0. 0. 0. 0. 0. 0. 0. 0. 0. 0. 0. 0. 0. 0. 0. 0. 0. 0. 0. 0.
6C40. .01.010. 0. 0. 0. 0. 0. 0. 0. 0. 0. 0. 0. 0. 0. 0. 0. 0. 0. 0. 0. 0. 0.
6C551.0. 0. 0. 0. 0. 0. 0.
6E14. 0. 0. 0. 0. 0. 0. .5 3. 7. 0. 0. .1 0. 0. 0. 0. 0. .5 0. 0. 0. 0. 0. 0.
6E20. 0. 0. .5 0. .01.1 0. .5 .01.01.010. .010. .010. .010. 0. 0. 0. 0. 0. 0.
6E30. 0. 0. 0. 0. 0. 0. 0. 0. 0. 0. 0. 0. 0. 0. 0. 0. 0. 0. 0. 0. 0. 0. 0. 0.
6E40. .01.010. 0. 0. 0. 0. 0. 0. 0. 0. 0. 0. 0. 0. 0. 0. 0. 0. 0. 0. 0. 0. 0.
6E551.0. 0. 0. 0. 0. 0. 0.
6G1.5 0. 0. 0. 0. 0. 0. .1 3. 10.0. .1 .1 0. 0. 0. 0. 0. 0. 0. 0. 0. 0. 0. 0.
6G20. 0. 0. .5 0. 0. .010. .1 .010. .010. .010. .5 0. 0. 0. 0. 0. 0. 0. 0. 0.
6G30. 0. 0. 0. 0. 0. 0. 0. 0. 0. 0. 0. 0. 0. 0. 0. 0. 0. 0. 0. 0. 0. 0. 0. 0.
6G40. .01.010. 0. 0. 0. 0. 0. 0. 0. 0. 0. 0. 0. 0. 0. 0. 0. 0. 0. 0. 0. 0. 0.
6G551.0. 0. 0. 0. 0. 0. 0.
6I15. 0. 0. 0. 0. 0. 0. .1 2. 25.0. 0. .1 0. 0. 0. 0. 0. 2. 0. 0. 0. 0. 0. 0.
6I20. 0. 0. .5 0. 0. 0. 0. 0. 0. .1 0. 0. .1 0. 0. 0. .1 0. 0. 0. 0. 0. 0. 0.
6I30. 0. 0. 0. 0. 0. 0. 0. 0. 0. 0. 0. 0. 0. 0. 0. 0. 0. 0. 0. 0. 0. 0. 0. 0.
6I40. .010. 0. .010. 0. 0. 0. 0. 0. 0. 0. 0. 0. 0. 0. 0. 0. 0. 0. 0. 0. 0. 0.
6I551.0. 0. 0. 0. 0. 0. 0.
8A110.0. 0. 0. 0. 0. 0. .5 1. 15..1 0. .1 0. 0. 0. 0. 0. 0. 0. 0. 0. 0. 0. 0.
8A20. 0. 0. .1 0. .1 0. 0. .1 .01.010. 0. .010. 0. 0. 0. 0. 0. 0. 0. 0. 0. 0.
8A30. 0. 0. 0. 0. 0. 0. 0. 0. 0. 0. 0. 0. 0. 0. 0. 0. 0. 0. 0. 0. 0. 0. 0. 0.
8A40. .010. 0. 0. 0. 0. 0. 0. 0. 0. 0. 0. 0. 0. 0. 0. 0. 0. 0. 0. 0. 0. 0. 0.
8A551.0. 0. 0. 0. 0. 0. 0.
8C14. 0. 0. 0. 0. 0. 0. 1. 3. 20.0. 0. 0. 0. 0. 0. 0. 0. .1 0. 0. 0. 0. 0. 0.
8C20. 0. 0. .010. 0. 0. 0. 0. .010. 0. 0. .1 0. .1 0. 0. 0. 0. 0. 0. 0. .1 0.
8C30. 0. 0. 0. 0. 0. 0. 0. 0. 0. 0. 0. 0. 0. 0. 0. 0. 0. 0. 0. 0. 0. 0. 0. 0.
8C40. .010. 0. 0. 0. 0. 0. 0. 0. 0. 0. 0. 0. 0. 0. 0. 0. 0. 0. 0. 0. 0. 0. 0.
8C551.0. 0. 0. 0. 0. 0. 0.
8E18. 0. 0. 0. 0. 0. 0. .1 4. 10.0. 0. 0. 0. 0. 0. 0. 0. 0. 0. 0. 0. 0. 0. 0.
8E20. 0. 0. .010. 0. 0. 0. 0. 0. 0. 0. 0. 0. 0. .010. 0. 0. 0. 0. 0. 0. 0. 0.
8E30. 0. 0. 0. 0. 0. 0. 0. 0. 0. 0. 0. 0. 0. 0. 0. 0. 0. 0. 0. 0. 0. 0. 0. 0.
8E40. .010. 0. 0. 0. 0. 0. 0. 0. 0. 0. 0. 0. 0. 0. 0. 0. 0. 0. 0. 0. 0. 0. 0.
8E551.0. 0. 0. 0. 0. 0. 0.
8G11. 0. 0. 0. 0. 0. 0. .5 5. 25.0. .1 0. 0. 0. 0. 0. 0. 3. 0. 0. 0. 0. 0. 0.
8G20. 0. 0. .1 0. 0. 0. 0. 0. .010. 0. 0. .010. 0. 0. 0. 0. 0. 0. 0. 0. 0. 0.
8G30. 0. 0. 0. 0. 0. 0. 0. 0. 0. 0. 0. 0. 0. 0. 0. 0. 0. 0. 0. 0. 0. 0. 0. 0.
8G40. .01.010. .010. 0. 0. 0. 0. 0. 0. 0. 0. 0. 0. 0. 0. 0. 0. 0. 0. 0. 0. 0.
8G554.0. 0. 0. 0. 0. 0. 0.
8I17. 0. 0. .1 0. 0. 0. .5 6. 15..01.01.1 0. 0. 0. 0. 0. 1. 0. 0. 0. 0. 0. 0.
8I20. 0. 0. .1 0. 0. 0. 0. .5 0. 0. 0. 0. .1 0. .1 .5 .1 0. .1 0. 0. .010. 0.
8I30. 0. 0. 0. 0. 0. 0. 0. 0. 0. 0. 0. 0. 0. 0. 0. 0. 0. 0. 0. 0. 0. 0. 0. 0.
8I40. .1 0. 0. 0. 0. 0. 0. 0. 0. 0. 0. 0. 0. 0. 0. 0. 0. 0. 0. 0. 0. 0. 0. 0.
8I553.0. 0. 0. 0. 0. 0. 0.
0A115.0. 0. 0. 0. 0. 0. 5. 15.20.2. .1 .5 0. .5 0. 0. 0. 4. 0. 0. 0. 0. 0. 0.
0A20. 0. 0. 2. 0. .1 .1 0. .5 .010. 0. 0. 0. 0. 0. 2. 0. 0. 0. .1 0. 1. .5 0.
0A30. 0. 0. 0. 0. 0. 0. 0. 0. 0. 0. 0. 0. 0. 0. 0. 0. 0. 0. 0. 0. 0. 0. 0. 0.
0A40. .011. 0. .010. 0. 0. 0. 0. 0. 0. 0. 0. 0. 0. 0. 0. 0. 0. 0. 0. 0. 0. 0.
0A552.0. 0. 0. 0. 0. 0. 0.
0C15. 0. 0. 0. 0. 0. 0. 3. 17.22.1. .1 .1 0. 0. 0. 0. 0. 0. 0. 0. 0. 0. 0. 0.
0C20. 0. 0. 3. 0. .1 0. 0. .5 .010. .010. .1 0. 0. 0. 0. 0. 0. 0. 0. .1 0. 0.
0C3.1 0. 0. 0. 0. 0. 0. 0. 0. 0. 0. 0. 0. 0. 0. 0. 0. 0. 0. 0. 0. 0. 0. 0. 0.
0C40. .01.1 0. 0. 0. 0. 0. 0. 0. 0. 0. 0. 0. 0. 0. 0. 4. 0. 0. 0. 0. 0. 0. 0.
0C553.0. 0. 0. 0. 0. 0. 0.
0E112.0. 0. 0. 0. 0. 0. 5. 5. 25..1 .1 .5 0. 0. 0. 0. 0. 3. 0. 0. 0. 0. 0. 0.
0E20. 0. 0. 5. 0. .1 .1 0. 1. .01.1 0. 0. .1 .010. 0. 0. .1 0. 0. 0. 0. 0. 0.
0E30. 0. .010. 0. 0. 0. 0. 0. 0. 0. 0. 0. 0. 0. 0. 0. 0. 0. 0. 0. 0. 0. 0. 0.
0E40. .01.1 0. 0. 0. 0. 0. 0. 0. 0. 0. 0. 0. 0. 0. 0. 1. 0. 0. 0. 0. 0. 0. 0.
0E556.0. 0. 0. 0. 0. 0. 0.
0G18. 0. .1 0. 0. 0. 0. 8. 15.12.0. 0. 1. 0. 0. 0. 0. 0. 3. 0. 0. 0. 0. 0. 0.
0G20. 0. 0. 2. 0. .1 .1 0. .5 0. 0. 0. 0. .1 0. 0. 0. 0. .1 0. 0. 0. 0. 0. 0.
0G30. 0. 0. 0. 0. 0. 0. 0. 0. 0. 0. 0. 0. 0. 0. 0. 0. 0. 0. 0. 0. 0. 0. 0. 0.
0G40. .1 .1 0. 0. 0. 0. 0. 0. 0. 0. 0. 0. 0. 0. 0. 0. 0. 0. 0. 0. 0. 0. 0. 0.
0G555.0. 0. 0. 0. 0. 0. 0.
0I117.0. 0. 0. 0. 0. 0. 2. 15.10.0. .1 0. 0. 0. 0. 0. 0. 0. 0. 0. 0. 0. 0. 0.
0I20. 0. 0. 3. 0. .1 .1 0. 0. .010. 0. 0. 0. 0. 0. 0. .1 .010. 0. 0. 0. 0. 0.
0I3.1 0. 0. 0. 0. 0. 0. 0. 0. 0. 0. 0. 0. 0. 0. 0. 0. 0. 0. 0. 0. 0. 0. 0. 0.
0I40. .1 0. 0. 0. 0. 0. 0. 0. 0. 0. 0. 0. 0. 0. 0. 0. 0. 0. 0. 0. 0. 0. 0. 0.
0I556.0. 0. 0. 0. 0. 0. 0.
2A18. 0. 0. 1. 0. 0. 0. 2. 25.20.1. 0. .5 0. .5 0. 0. 0. 0. 0. 0. 0. 0. 0. 0.
2A20. 0. 0. 3. 0. .1 .010. .5 0. 0. 0. 0. .1 .010. 0. .1 0. .01.010. 0. 0. 0.
2A30. 0. 0. 0. 0. 0. 0. 0. 0. 0. 0. 0. 0. 0. 0. 0. 0. 0. 0. 0. 0. 0. 0. 0. 0.
2A40. .01.5 0. 0. 0. 0. 0. 0. 0. 0. 0. 0. 0. 0. 0. 0. 0. 0. 0. 0. 0. 0. 0. 0.
2A554.0. 0. 0. 0. 0. 0. 0.
2C120.0. 0. 1. 0. 0. 0. 1. 20.20.2. 0. .1 0. 0. 0. 0. 0. 0. 0. 0. 0. 0. 0. 0.
2C20. 0. 0. 1. 0. .1 .1 0. 0. 0. 0. 0. 0. .1 .1 .010. 0. .010. 0. 0. .1 0. 0.
2C3.1 0. 0. 0. 0. 0. 0. 0. 0. 0. 0. 0. 0. 0. 0. 0. 0. 0. 0. 0. 0. 0. 0. 0. 0.
2C40. .01.1 0. 0. 0. 0. 0. 0. 0. 0. 0. 0. 0. 0. 0. 0. 0. 0. 0. 0. 0. 0. 0. 0.
2C556.0. 0. 0. 0. 0. 0. 0.
2E117.0. 0. .1 0. 0. 0. 4. 20.15.0. .1 .5 0. 0. 0. 0. 0. 0. 0. 0. 0. 0. 0. 0.
2E20. 0. 0. 2. 0. .01.1 0. 0. .010. 0. 0. .1 .1 .1 0. 0. .1 0. .010. 0. 0. 0.
2E3.1 0. 0. 0. 0. 0. 0. 0. 0. 0. 0. 0. 0. 0. 0. 0. 0. 0. 0. 0. 0. 0. 0. 0. 0.
2E40. .1 .1 0. 0. 0. 0. 0. 0. 0. 0. 0. 0. 0. 0. 0. 0. 0. 0. 0. 0. 0. 0. 0. 0.
2E556.0. 0. 0. 0. 0. 0. 0.
2G125.0. 0. 0. 0. 0. 0. 6. 3. 25.0. 0. .010. .010. 0. 0. 2. 0. 0. 0. 0. 0. 0.
2G20. 0. 0. 2. 0. 0. 0. 0. 3. .010. 0. .1 .1 0. .010. 0. .010. 0. 0. .1 0. 0.
2G3.1 0. 0. 0. 0. 0. 0. 0. 0. 0. 0. 0. 0. 0. 0. 0. 0. 0. 0. 0. 0. 0. 0. 0. 0.
2G40. .1 .1 0. 0. 0. 0. 0. 0. 0. 0. 0. 0. 0. 0. 0. 0. 0. 0. 0. 0. 0. 0. 0. 0.
2G555.0. 0. 0. 0. 0. 0. 0.
2I117.0. 0. 0. 0. 0. 0. 10.5. 30.0. .1 .1 0. .5 0. 0. 0. 3. 0. 0. 0. 0. 0. 0.
2I20. 0. 0. 2. 0. 0. 0. 0. .1 .010. 0. 0. .5 0. 0. 0. 0. 0. 0. 0. 0. .1 0. 0.
2I3.1 0. 0. 0. 0. 0. 0. 0. 0. 0. 0. 0. 0. 0. 0. 0. 0. 0. 0. 0. 0. 0. 0. 0. 0.
2I40. .1 .1 0. 0. 0. 0. 0. 0. 0. 0. 0. 0. 0. 0. 0. 0. 0. 0. 0. 0. 0. 0. 0. 0.
2I554.0. 0. 0. 0. 0. 0. 0.
4A110.0. 0. 1. 0. 0. 0. 4. 20.30.1. 0. .5 0. .1 0. 0. 0. 0. 0. 0. 0. 0. 0. 0.
4A20. 0. 0. 4. 0. .1 .1 0. 3. .1 0. 0. 0. .1 0. .010. 0. .1 0. 0. 0. .1 0. 0.
4A3.1 0. 0. 0. 0. 0. 0. 0. 0. 0. 0. 0. 0. 0. 0. 0. 0. 0. 0. 0. 0. 0. 0. 0. 0.
4A40. .01.1 0. 0. 0. 0. 0. 0. 0. 0. 0. 0. 0. 0. 0. 0. 0. 0. 0. 0. 0. 0. 0. 0.
4A556.0. 0. 0. 0. 0. 0. 0.
4C15. 0. 0. 0. 0. 0. 0. 2. 10.25.0. .01.5 0. 0. 0. 0. 0. 10.0. 0. 0. 0. 0. 0.
4C20. 0. 0. 0. 0. .1 .010. 0. .010. 0. 0. 0. 0. .010. 0. .010. 0. 0. .5 0. 0.
4C30. 0. 0. 0. 0. 0. 0. 0. 0. 0. 0. 0. 0. 0. 0. 0. 0. 0. 0. 0. 0. 0. 0. 0. 0.
4C40. .1 .010. .010. 0. 0. 0. 0. 0. 0. 0. 0. 0. 0. 0. 0. 0. 0. 0. 0. 0. 0. 0.
4C557.0. 0. 0. 0. 0. 0. 0.
4E117.0. 0. 0. 0. 0. 0. 5. 5. 20.0. .1 2. 0. 0. 0. 0. 0. .5 0. 0. 0. 0. 0. 0.
4E20. 0. 0. 2. 0. 0. 0. 0. .1 0. 0. 0. 0. .5 0. .1 0. 0. .010. 0. 0. .1 0. 0.
4E3.1 0. 0. 0. 0. 0. 0. 0. 0. 0. 0. 0. 0. 0. 0. 0. 0. 0. 0. 0. 0. 0. 0. 0. 0.
4E40. .1 .1 0. 0. 0. 0. 0. 0. 0. 0. 0. 0. 0. 0. 0. 0. 0. 0. 0. 0. 0. 0. 0. 0.
4E555.0. 0. 0. 0. 0. 0. 0.
4G18. 0. 0. 0. 0. 0. 0. 10.3. 30.0. 0. .1 0. 0. 0. 0. 0. 4. 0. 0. 0. 0. 0. 0.
4G20. 0. 0. .5 0. 0. .1 0. .1 0. 0. 0. 0. .1 0. .010. 0. .1 0. 0. 0. .1 0. 0.
4G30. 0. 0. 0. 0. 0. 0. 0. 0. 0. 0. 0. 0. 0. 0. 0. 0. 0. 0. 0. 0. 0. 0. 0. 0.
4G40. .01.1 0. 0. 0. 0. 0. 0. 0. 0. 0. 0. 0. 0. 0. 0. 0. 0. 0. 0. 0. 0. 0. 0.
4G557.0. 0. 0. 0. 0. 0. 0.
4I117.0. 0. 0. 0. 0. 0. .5 8. 20.0. .1 0. 0. 0. 0. 0. 0. 0. 0. 0. 0. 0. 0. 0.
4I20. 0. 0. 2. 0. .1 0. 0. 0. .01.1 0. 0. .5 0. 0. 0. 0. .1 0. 0. 0. .1 0. 0.
4I3.1 0. 0. 0. 0. 0. 0. 0. 0. 0. 0. 0. 0. 0. 0. 0. 0. 0. 0. 0. 0. 0. 0. 0. 0.
4I40. .1 0. 0. 0. 0. 0. 0. 0. 0. 0. 0. 0. 0. 0. 0. 0. 0. 0. 0. 0. 0. 0. 0. 0.
4I555.0. 0. 0. 0. 0. 0. 0.
6A112.0. .5 0. 0. 0. 0. 3. 5. 30..5 0. .5 0. .1 0. 0. 0. 0. 0. 0. 0. 0. 0. 0.
6A20. 0. 0. 3. 0. .1 .1 0. 0. .010. 0. 0. .1 0. 0. 0. 0. 0. 0. 0. 0. 0. 0. 0.
6A30. 0. 0. 0. 0. 0. 0. 0. 0. 0. 0. 0. 0. 0. 0. 0. 0. 0. 0. 0. 0. 0. 0. 0. 0.
6A40. .01.010. 0. 0. 0. 0. 0. 0. 0. 0. 0. 0. 0. 0. 0. 0. 0. 0. 0. 0. 0. 0. 0.
6A560.0. 0. 0. 0. 0. 0. 0.
6C125.0. 0. 0. 0. 0. 0. 4. 5. 15.0. 0. .5 0. 0. 0. 0. 0. 2. 0. 0. 0. 0. 0. .1
6C20. 0. 0. 2. 0. .1 0. 0. .1 0. .010. 0. .1 0. 0. 0. 0. 0. 0. 0. 0. .1 0. 0.
6C30. 0. 0. 0. 0. 0. 0. 0. 0. 0. 0. 0. 0. 0. 0. 0. 0. 0. 0. 0. 0. 0. 0. 0. 0.
6C40. .010. 0. 0. 0. 0. 0. 0. 0. 0. 0. 0. 0. 0. 0. 0. 0. 0. 0. 0. 0. 0. 0. 0.
6C565.0. 0. 0. 0. 0. 0. 0.
6E18. 0. 0. 0. 0. 0. 0. 3. 4. 10.0. 0. .1 0. 0. 0. 0. 0. 2. 0. 0. 0. 0. 0. 0.
6E20. 0. 0. 3. 0. .1 .1 0. .5 0. .1 0. 0. .1 0. .1 0. 0. .1 0. 0. 0. .1 0. 0.
6E30. 0. 0. 0. 0. 0. 0. 0. 0. 0. 0. 0. 0. 0. 0. 0. 0. 0. 0. 0. 0. 0. 0. 0. 0.
6E40. .1 .010. 0. 0. 0. 0. 0. 0. 0. 0. 0. 0. 0. 0. 0. 0. 0. 0. 0. 0. 0. 0. 0.
6E563.0. 0. 0. 0. 0. 0. 0.
6G11. 0. 0. 0. 0. 0. 0. 2. 1. 10.0. .1 .5 0. 0. 0. 0. 0. 0. 0. 0. 0. 0. 0. 0.
6G20. 0. 0. 2. 0. .1 .1 0. .1 0. .010. 0. .1 0. .1 0. 0. .010. 0. 0. .1 0. 0.
6G30. 0. 0. 0. 0. 0. 0. 0. 0. 0. 0. 0. 0. 0. 0. 0. 0. 0. 0. 0. 0. 0. 0. 0. 0.
6G40. .1 .010. 0. 0. 0. 0. 0. 0. 0. 0. 0. 0. 0. 0. 0. 0. 0. 0. 0. 0. 0. 0. 0.
6G558.0. 0. 0. 0. 0. 0. 0.
6I110.0. 0. 0. 0. 0. 0. 2. .5 25.0. .01.1 0. 0. 0. 0. 0. 2. 0. 0. 0. 0. 0. 0.
6I20. 0. 0. .1 0. 0. 0. 0. 0. 0. .1 0. 0. .1 0. 0. 0. 0. 0. 0. 0. 0. 0. 0. 0.
6I30. 0. 0. 0. 0. 0. 0. 0. 0. 0. 0. 0. 0. 0. 0. 0. 0. 0. 0. 0. 0. 0. 0. 0. 0.
6I40. .010. 0. .010. 0. 0. 0. 0. 0. 0. 0. 0. 0. 0. 0. 0. 0. 0. 0. 0. 0. 0. 0.
6I562.0. 0. 0. 0. 0. 0. 0.
8A18. 0. 0. 0. 0. 0. 0. 3. 3. 15..5 0. .5 0. 0. 0. 0. 0. 0. 0. 0. 0. 0. 0. 0.
8A20. 0. 0. .5 0. .1 0. .010. .01.1 0. 0. .010. .010. 0. .010. 0. 0. 0. 0. 0.
8A30. 0. 0. 0. 0. 0. 0. 0. 0. 0. 0. 0. 0. 0. 0. 0. 0. 0. 0. 0. 0. 0. 0. 0. 0.
8A40. .010. 0. 0. 0. 0. 0. 0. 0. 0. 0. 0. 0. 0. 0. 0. 0. 0. 0. 0. 0. 0. 0. 0.
8A556.0. 0. 0. 0. 0. 0. 0.
8C16. 0. 0. 0. 0. 0. 0. 5. 2. 20.0. 0. .010. 0. 0. 0. 0. .1 0. 0. 0. 0. 0. 0.
8C20. 0. 0. 1. 0. 0. 0. 0. 0. .010. 0. 0. .1 0. 0. 0. 0. 0. 0. 0. 0. 0. 0. 0.
8C30. 0. 0. 0. 0. 0. 0. 0. 0. 0. 0. 0. 0. 0. 0. 0. 0. 0. 0. 0. 0. 0. 0. 0. 0.
8C40. .010. 0. 0. 0. 0. 0. 0. 0. 0. 0. 0. 0. 0. 0. 0. 0. 0. 0. 0. 0. 0. 0. 0.
8C560.0. 0. 0. 0. 0. 0. 0.
8E18. 0. 0. 0. 0. 0. 0. 1. 4. 4. 0. 0. 0. 0. 0. 0. 0. 0. 0. 0. 0. 0. 0. 0. 0.
8E20. 0. 0. .5 0. 0. 0. 0. 0. 0. 0. 0. 0. .1 0. .1 0. 0. 0. 0. 0. 0. 0. 0. 0.
8E30. 0. 0. 0. 0. 0. 0. 0. 0. 0. 0. 0. 0. 0. 0. 0. 0. 0. 0. 0. 0. 0. 0. 0. 0.
8E40. .010. 0. 0. 0. 0. 0. 0. 0. 0. 0. 0. 0. 0. 0. 0. 0. 0. 0. 0. 0. 0. 0. 0.
8E560.0. 0. 0. 0. 0. 0. 0.
8G13. 0. 0. 0. 0. 0. 0. 2. 3. 20.0. .5 0. 0. 0. 0. 0. 0. 8. 0. 0. 0. 0. 0. 0.
8G20. 0. 0. 1. 0. 0. 0. 0. 0. 0. 0. 0. 0. .010. 0. .010. 0. 0. 0. 0. .5 0. 0.
8G30. 0. 0. 0. 0. 0. 0. 0. 0. 0. 0. 0. 0. 0. 0. 0. 0. 0. 0. 0. 0. 0. 0. 0. 0.
8G40. .01.010. .010. 0. 0. 0. 0. 0. 0. 0. 0. 0. 0. 0. 0. 0. 0. 0. 0. 0. 0. 0.
8G560.0. 0. 0. 0. 0. 0. 0.
8I112.0. 0. 2. 0. 0. 0. 8. 15.20.0. .5 .5 0. 0. 0. 0. 0. 4. 0. 0. 0. 0. 0. 0.
8I20. 0. 0. 2. 0. 0. 0. 0. .5 0. 0. 0. 0. .1 0. .5 0. .1 0. 0. 0. 0. 0. 0. 0.
8I30. 0. 0. 0. 0. 0. 0. 0. 0. 0. 0. 0. 0. 0. 0. 0. 0. 0. 0. 0. 0. 0. 0. 0. 0.
8I40. .1 .1 0. 0. 0. 0. 0. 0. 0. 0. 0. 0. 0. 0. 0. 0. 0. 0. 0. 0. 0. 0. 0. 0.
8I562.0. 0. 0. 0. 0. 0. 0.
0A18. 0. 0. .1 0. 0. 0. 4. 8. 20.4. 0. 1. 0. 1. 0. 0. 0. 4. 0. 0. 0. 0. 0. 0.
0A20. 0. 0. 2. 0. .1 .1 0. .5 .010. 0. 0. 0. .1 0. 3. .1 0. .01.5 0. 5. 1. .1
0A30. 0. 0. 0. 0. 0. 0. 0. 0. 0. 0. 0. 0. 0. 0. 0. 0. 0. 0. 0. 0. 0. 0. 0. 0.
0A40. .01.5 0. .010. 0. 0. .010. 0. 0. 0. 0. 0. 0. 0. 0. 0. 0. 0. 0. 0. 0. 0.
0A555.0. 0. 0. 0. 0. 0. 0.
0C14. 0. 0. 0. 0. 0. 0. 3. 15.20.2. .5 3. 0. 0. 0. 0. 0. 0. 0. 0. 0. 0. 0. 0.
0C20. 0. 0. 3. 0. 0. 0. 0. .1 .010. 0. 0. .5 0. 0. 0. 0. 0. 0. .1 0. .1 .1 0.
0C30. 0. 0. 0. 0. 0. 0. 0. 0. 0. 0. 0. 0. 0. 0. 0. 0. 0. 0. 0. 0. 0. 0. 0. 0.
0C40. .01.1 0. 0. 0. 0. 0. 0. 0. 0. 0. 0. 0. 0. 0. 0. 4. 0. 0. 0. 0. 0. 0. 0.
0C557.0. 0. 0. 0. 0. 0. 0.
0E18. 0. 0. 0. 0. 0. 0. 4. 4. 25.1. .5 2. 0. .1 0. 0. 0. 3. 0. 0. 0. 0. 0. 0.
0E20. 0. 0. 4. 0. .1 .1 .012. .01.1 0. 0. .1 0. 0. 0. 0. .1 0. 0. 0. 0. 0. .01
0E3.1 0. 0. 0. 0. 0. 0. 0. 0. 0. 0. 0. 0. 0. 0. 0. 0. 0. 0. 0. 0. 0. 0. 0. 0.
0E40. .1 .1 0. 0. 0. 0. 0. 0. 0. 0. 0. 0. 0. 0. 0. 0. 1. 0. 0. 0. 0. 0. 0. 0.
0E558.0. 0. 0. 0. 0. 0. 0.
0G16. 0. .1 0. 0. 0. 0. 6. 15.15.0. 0. 1. 0. 0. 0. 0. 0. 5. 0. 0. 0. 0. 0. 0.
0G20. 0. 0. 3. 0. .1 .1 0. 2. .1 0. .1 0. .1 0. 0. 0. 0. .1 0. 0. 0. 0. 0. 0.
0G3.1 0. 0. 0. 0. 0. 0. 0. 0. 0. 0. 0. 0. 0. 0. 0. 0. 0. 0. 0. 0. 0. 0. 0. 0.
0G40. .1 .5 0. 0. 0. 0. 0. 0. 0. 0. 0. 0. 0. 0. 0. 0. 0. 0. 0. 0. 0. 0. 0. 0.
0G558.0. 0. 0. 0. 0. 0. 0.
0I115.0. 0. 0. 0. 0. 0. 3. 12.15.0. .1 .1 0. 0. 0. 0. 0. 0. 0. 0. 0. 0. 0. 0.
0I20. 0. 0. 4. 0. .1 .1 .01.1 0. .1 0. 0. 0. 0. 0. 0. .1 .1 0. 0. 0. 0. 0. 0.
0I3.1 0. 0. 0. 0. 0. 0. 0. 0. 0. 0. 0. 0. 0. 0. 0. 0. 0. 0. 0. 0. 0. 0. 0. 0.
0I40. .1 0. 0. 0. 0. 0. 0. 0. 0. 0. 0. 0. 0. 0. 0. 0. 0. 0. 0. 0. 0. 0. 0. 0.
0I557.0. 0. 0. 0. 0. 0. 0.
2A18. 0. 0. 1. 0. 0. 0. 5. 35.30.2. 0. 3. 0. .5 0. 0. 0. 0. 0. 0. 0. 0. 0. 0.
2A20. 0. 0. 3. 0. .1 .1 0. 2. 0. 0. 0. 0. .1 0. .010. 0. 0. 0. .5 0. 0. 0. .01
2A3.1 0. 0. 0. 0. 0. 0. 0. 0. 0. 0. 0. 0. 0. 0. 0. 0. 0. 0. 0. 0. 0. 0. 0. 0.
2A40. .1 .5 0. 0. 0. 0. 0. 0. 0. 0. 0. 0. 0. 0. 0. 0. 0. 0. 0. 0. 0. 0. 0. 0.
2A556.0. 0. 0. 0. 0. 0. 0.
2C117.0. 0. 1. 0. 0. 0. 3. 5. 35.4. 0. 1. 0. 0. 0. 0. 0. 0. 0. 0. 0. 0. 0. 0.
2C20. 0. 0. 3. 0. .5 .010. .5 0. 0. 0. 0. .1 .1 .1 0. .01.1 0. .1 0. 0. 0. 0.
2C30. 0. 0. 0. 0. 0. 0. 0. 0. 0. 0. 0. 0. 0. 0. 0. 0. 0. 0. 0. 0. 0. 0. 0. 0.
2C40. .01.5 0. 0. 0. 0. 0. 0. 0. 0. 0. 0. 0. 0. 0. 0. 0. 0. 0. 0. 0. 0. 0. 0.
2C557.0. 0. 0. 0. 0. 0. 0.
2E115.0. 0. 0. 0. 0. 0. 4. 15.18..1 .1 2. 0. 0. 0. 0. 0. 0. 0. 0. 0. 0. 0. 0.
2E20. 0. 0. 2. 0. .1 .1 0. 0. .01.1 0. 0. .5 .5 .1 0. 0. .5 0. .1 0. 0. 0. .01
2E3.1 0. 0. 0. 0. 0. 0. 0. 0. 0. 0. 0. 0. 0. 0. 0. 0. 0. 0. 0. 0. 0. 0. 0. 0.
2E40. .1 .1 0. 0. 0. 0. 0. 0. 0. 0. 0. 0. 0. 0. 0. 0. 0. 0. 0. 0. 0. 0. 0. 0.
2E557.0. 0. 0. 0. 0. 0. 0.
2G125.0. 0. 0. 0. 0. 0. 4. 2. 30.0. .1 .1 0. 0. 0. 0. 0. 4. 0. 0. 0. 0. 0. 0.
2G20. 0. 0. 3. 0. .1 0. 0. 3. 0. 0. 0. 0. .5 0. 0. 0. 0. .1 0. 0. 0. 2. 0. 0.
2G30. 0. 0. 0. 0. 0. 0. 0. 0. 0. 0. 0. 0. 0. 0. 0. 0. 0. 0. 0. 0. 0. 0. 0. 0.
2G40. .1 .5 0. .010. 0. 0. .010. 0. 0. 0. 0. 0. 0. 0. 0. 0. 0. 0. 0. 0. 0. 0.
2G556.0. 0. 0. 0. 0. 0. 0.
2I110.0. 0. 0. 0. 0. 0. 5. 8. 30.0. .1 .5 0. .5 0. 0. 0. 5. 0. 0. 0. 0. 0. 0.
2I20. 0. 0. 3. 0. .1 0. 0. .1 0. .1 0. 0. .5 0. 0. 0. 0. 0. 0. 0. 0. 2. 0. 0.
2I3.1 0. 0. 0. 0. 0. 0. 0. 0. 0. 0. 0. 0. 0. 0. 0. 0. 0. 0. 0. 0. 0. 0. 0. 0.
2I40. .1 .1 0. 0. 0. 0. 0. 0. 0. 0. 0. 0. 0. 0. 0. 0. 0. 0. 0. 0. 0. 0. 0. 0.
2I556.0. 0. 0. 0. 0. 0. 0.
4A16. 0. 0. 1. 0. 0. 0. 6. 10.40.2. 0. .5 0. 0. 0. 0. 0. 0. 0. 0. 0. 0. 0. 0.
4A20. 0. 0. 4. 0. .1 .1 0. 4. .01.1 0. 0. .5 0. .1 0. 0. .1 0. .1 0. 0. 0. .01
4A3.1 0. 0. 0. 0. 0. 0. 0. 0. 0. 0. 0. 0. 0. 0. 0. 0. 0. 0. 0. 0. 0. 0. 0. 0.
4A40. .1 .1 0. 0. 0. 0. 0. 0. 0. 0. 0. 0. 0. 0. 0. 0. 0. 0. 0. 0. 0. 0. 0. 0.
4A559.0. 0. 0. 0. 0. 0. 0.
4C110.0. 0. 0. 0. 0. 0. 3. 10.20.0. .5 1. 0. 0. 0. 0. 0. 10.0. 0. 0. 0. 0. 0.
4C20. 0. 0. 1. 0. .1 .1 .011. .1 0. 0. 0. .1 0. .010. .1 .1 0. 0. 0. 3. 0. 0.
4C30. 0. 0. 0. 0. 0. 0. 0. 0. 0. 0. 0. 0. 0. 0. 0. 0. 0. 0. 0. 0. 0. 0. 0. 0.
4C40. .1 .010. .010. 0. 0. 0. 0. 0. 0. 0. 0. 0. 0. 0. 0. 0. 0. 0. 0. 0. 0. 0.
4C559.0. 0. 0. 0. 0. 0. 0.
4E117.0. 0. 0. 0. 0. 0. 5. 5. 25.1. .5 2. 0. 0. 0. 0. 0. 2. 0. 0. 0. 0. 0. 0.
4E20. 0. 0. 2. 0. .1 0. .01.5 0. 0. 0. 0. .1 0. .1 0. .010. 0. 0. 0. .5 0. 0.
4E3.1 0. 0. 0. 0. 0. 0. 0. 0. 0. 0. 0. 0. 0. 0. 0. 0. 0. 0. 0. 0. 0. 0. 0. 0.
4E40. .5 .1 0. 0. .1 0. 0. .010. 0. 0. 0. 0. 0. 0. 0. 0. 0. 0. 0. 0. 0. 0. 0.
4E560.0. 0. 0. 0. 0. 0. 0.
4G14. 0. 0. 0. 0. 0. 0. 10.10.40.0. 0. .1 0. 0. 0. 0. 0. 8. 0. 0. 0. 0. 0. 0.
4G20. 0. 0. 1. 0. .1 .1 .01.5 0. .1 0. 0. .1 0. .1 0. .5 .1 0. 0. 0. 3. 0. 0.
4G30. 0. 0. 0. 0. 0. 0. 0. 0. 0. 0. 0. 0. 0. 0. 0. 0. 0. 0. 0. 0. 0. 0. 0. 0.
4G40. .1 .1 0. 0. 0. 0. 0. 0. 0. 0. 0. 0. 0. 0. 0. 0. 0. 0. 0. 0. 0. 0. 0. 0.
4G561.0. 0. 0. 0. 0. 0. 0.
4I125.0. 0. 0. 0. 0. 0. .5 15.15.0. .1 0. 0. 0. 0. 0. 0. 0. 0. 0. 0. 0. 0. 0.
4I20. 0. 0. 2. 0. .1 0. .010. .01.5 0. 0. .5 0. 0. 0. 0. .1 0. 0. 0. .5 0. 0.
4I3.1 0. 0. 0. 0. 0. 0. 0. 0. 0. 0. 0. 0. 0. 0. 0. 0. 0. 0. 0. 0. 0. 0. 0. 0.
4I40. .1 0. 0. .010. 0. 0. 0. 0. 0. 0. 0. 0. 0. 0. 0. 0. 0. 0. 0. 0. 0. 0. 0.
4I563.0. 0. 0. 0. 0. 0. 0.
6A115.0. .5 0. 0. 0. 0. 4. 5. 25.1. 0. 1. 0. .1 0. 0. 0. 0. 0. 0. 0. 0. 0. 0.
6A20. 0. 0. 3. 0. 0. .1 .01.5 .1 0. 0. 0. .1 0. .010. 0. .1 0. 0. 0. 0. 0. 0.
6A30. 0. 0. 0. 0. 0. 0. 0. 0. 0. 0. 0. 0. 0. 0. 0. 0. 0. 0. 0. 0. 0. 0. 0. 0.
6A40. .01.1 0. 0. 0. 0. 0. 0. 0. 0. 0. 0. 0. 0. 0. 0. 0. 0. 0. 0. 0. 0. 0. 0.
6A563.0. 0. 0. 0. 0. 0. 0.
6C120.0. 0. 0. 0. 0. 0. 3. 5. 20.0. 0. .5 0. 0. 0. 0. 0. 1. 0. 0. 0. 0. 0. .5
6C20. 0. 0. 1. 0. 0. 0. 0. 0. .1 .010. 0. .1 0. 0. 0. 0. 0. 0. 0. 0. 1. 0. 0.
6C3.1 0. 0. 0. 0. 0. 0. 0. 0. 0. 0. 0. 0. 0. 0. 0. 0. 0. 0. 0. 0. 0. 0. 0. 0.
6C40. .01.010. 0. 0. 0. 0. 0. 0. 0. 0. 0. 0. 0. 0. 0. 0. 0. 0. 0. 0. 0. 0. 0.
6C566.0. 0. 0. 0. 0. 0. 0.
6E18. 0. 0. 0. 0. 0. 0. 5. 3. 10.0. 0. .5 0. 0. 0. 0. 0. 2. 0. 0. 0. 0. 0. 0.
6E20. 0. 0. 2. 0. .1 .1 .1 .5 .1 .1 .010. .1 0. .1 0. 0. .1 0. 0. 0. 1. 0. 0.
6E3.1 0. 0. 0. 0. 0. 0. 0. 0. 0. 0. 0. 0. 0. 0. 0. 0. 0. 0. 0. 0. 0. 0. 0. 0.
6E40. .1 .010. 0. 0. 0. 0. 0. 0. 0. 0. 0. 0. 0. 0. 0. 0. 0. 0. 0. 0. 0. 0. 0.
6E565.0. 0. 0. 0. 0. 0. 0.
6G1.5 0. 0. 0. 0. 0. 0. 5. 4. 8. 0. .1 2. 0. 0. 0. 0. 0. 0. 0. 0. 0. 0. 0. 0.
6G20. 0. 0. 2. 0. .1 .5 .1 0. 0. .1 0. 0. .010. .5 0. 0. .1 0. 0. 0. 0. 0. 0.
6G30. 0. 0. 0. 0. 0. 0. 0. 0. 0. 0. 0. 0. 0. 0. 0. 0. 0. 0. 0. 0. 0. 0. 0. 0.
6G40. .1 .010. 0. 0. 0. 0. 0. 0. 0. 0. 0. 0. 0. 0. 0. 0. 0. 0. 0. 0. 0. 0. 0.
6G563.0. 0. 0. 0. 0. 0. 0.
6I18. 0. 0. 0. 0. 0. 0. 2. .5 30.0. .01.1 0. 0. 0. 0. 0. 3. 0. 0. 0. 0. 0. 0.
6I20. 0. 0. .1 0. 0. 0. 0. 0. 0. .1 0. 0. .1 0. 0. 0. 0. 0. 0. 0. 0. 0. 0. 0.
6I30. 0. 0. 0. 0. 0. 0. 0. 0. 0. 0. 0. 0. 0. 0. 0. 0. 0. 0. 0. 0. 0. 0. 0. 0.
6I40. 0. 0. 0. 0. 0. 0. 0. 0. 0. 0. 0. 0. 0. 0. 0. 0. 0. 0. 0. 0. 0. 0. 0. 0.
6I563.0. 0. 0. 0. 0. 0. 0.
8A14. 0. 0. 0. 0. 0. 0. 5. 4. 15..5 0. 1. 0. 0. 0. 0. 0. 0. 0. 0. 0. 0. 0. 0.
8A20. 0. 0. 1. 0. .1 .01.01.5 .1 .1 0. 0. .010. .010. 0. .1 0. 0. 0. 0. 0. 0.
8A30. 0. 0. 0. 0. 0. 0. 0. 0. 0. 0. 0. 0. 0. 0. 0. 0. 0. 0. 0. 0. 0. 0. 0. 0.
8A40. .01.010. 0. 0. 0. 0. 0. 0. 0. 0. 0. 0. 0. 0. 0. 0. 0. 0. 0. 0. 0. 0. 0.
8A564.0. 0. 0. 0. 0. 0. 0.
8C15. 0. 0. 0. 0. 0. 0. 8. 3. 25.0. 0. .1 0. 0. 0. 0. 0. .5 0. 0. 0. 0. 0. 0.
8C20. 0. 0. 1. 0. 0. 0. 0. .1 .1 0. 0. 0. .1 0. .010. 0. 0. 0. 0. 0. 0. 0. 0.
8C30. 0. 0. 0. 0. 0. 0. 0. 0. 0. 0. 0. 0. 0. 0. 0. 0. 0. 0. 0. 0. 0. 0. 0. 0.
8C40. .010. 0. .010. 0. 0. 0. 0. 0. 0. 0. 0. 0. 0. 0. 0. 0. 0. 0. 0. 0. 0. 0.
8C563.0. 0. 0. 0. 0. 0. 0.
8E110.0. 0. 0. 0. 0. 0. 1. 3. 4. 0. 0. 0. 0. 0. 0. 0. 0. 0. 0. 0. 0. 0. 0. 0.
8E20. 0. 0. .5 0. 0. 0. .010. 0. 0. 0. 0. .1 0. .1 0. 0. 0. 0. 0. 0. 0. 0. 0.
8E30. 0. 0. 0. 0. 0. 0. 0. 0. 0. 0. 0. 0. 0. 0. 0. 0. 0. 0. 0. 0. 0. 0. 0. 0.
8E40. .1 0. 0. .010. 0. 0. 0. 0. 0. 0. 0. 0. 0. 0. 0. 0. 0. 0. 0. 0. 0. 0. 0.
8E565.0. 0. 0. 0. 0. 0. 0.
8G14. 0. 0. 0. 0. 0. 0. 2. 4. 40.0. .5 0. 0. 0. 0. 0. 0. 8. 0. 0. 0. 0. 0. 0.
8G20. 0. 0. .5 0. 0. 0. 0. 0. 0. 0. 0. 0. .1 0. 0. .1 0. 0. 0. 0. 0. 1. 0. 0.
8G30. 0. 0. 0. 0. 0. 0. 0. 0. 0. 0. 0. 0. 0. 0. 0. 0. 0. 0. 0. 0. 0. 0. 0. 0.
8G40. .1 .1 0. .1 0. 0. 0. 0. 0. 0. 0. 0. 0. 0. 0. 0. 0. 0. 0. 0. 0. 0. 0. 0.
8G566.0. 0. 0. 0. 0. 0. 0.
8I110.0. 0. 2. 0. 0. 0. 12.15.25.0. 1. 1. 0. 0. 0. 0. 0. 5. 0. 0. 0. 0. 0. 0.
8I20. 0. 0. 3. 0. 0. 0. 0. 1. .1 0. 0. 0. .5 0. 0. 2. 0. 0. .1 0. 0. 4. 0. 0.
8I30. 0. 0. 0. 0. 0. 0. 0. 0. 0. 0. 0. 0. 0. 0. 0. 0. 0. 0. 0. 0. 0. 0. 0. 0.
8I40. .1 .5 0. .1 0. 0. 0. 0. 0. 0. 0. 0. 0. 0. 0. 0. 0. 0. 0. 0. 0. 0. 0. 0.
8I566.0. 0. 0. 0. 0. 0. 0.
0A112.0. 0. .5 0. 0. 0. 4. 4. 20.3. .1 2. 0. .5 0. 0. 0. 3. 0. 0. 0. 0. 0. 0.
0A20. 0. 0. 1. 0. .1 .1 .011. .010. 0. 0. 0. .1 .012. .1 0. 0. .5 0. 5. 1. .01
0A30. 0. 0. 0. 0. 0. 0. 0. 0. 0. 0. 0. 0. 0. 0. 0. 0. 0. 0. 0. 0. 0. 0. 0. 0.
0A40. .011. 0. .010. 0. 0. .010. 0. 0. 0. 0. 0. 0. 0. 0. 0. 0. 0. 0. 0. 0. 0.
0A556.0. 0. 0. 0. 0. 0. 0.
0C14. 0. 0. 0. 0. 0. 0. 2. 5. 25.3. .5 4. 0. 0. 0. 0. 0. 0. 0. 0. 0. 0. 0. 0.
0C20. 0. 0. 2. 0. .1 0. .01.1 .010. 0. 0. .5 0. 0. 0. 0. 0. 0. .1 0. .1 0. .01
0C30. 0. 0. 0. 0. 0. 0. 0. 0. 0. 0. 0. 0. 0. 0. 0. 0. 0. 0. 0. 0. 0. 0. 0. 0.
0C40. .01.5 0. 0. 0. 0. 0. 0. 0. 0. 0. 0. 0. 0. 0. 0. 4. 0. 0. 0. 0. 0. 0. 0.
0C558.0. 0. 0. 0. 0. 0. 0.
0E115.0. 0. 0. 0. 0. 0. 4. 6. 20.1. .5 2. 0. 0. 0. 0. 0. 3. 0. 0. 0. 0. 0. 0.
0E20. 0. 0. 4. 0. .5 .5 .011. .01.1 0. 0. .1 .1 .1 0. 0. .1 0. 0. 0. 0. 0. .01
0E30. 0. 0. 0. 0. 0. 0. 0. 0. 0. 0. 0. 0. 0. 0. 0. 0. 0. 0. 0. 0. 0. 0. 0. 0.
0E40. .1 .1 0. 0. 0. 0. 0. 0. 0. 0. 0. 0. 0. 0. 0. 0. 1. 0. 0. 0. 0. 0. 0. 0.
0E557.0. 0. 0. 0. 0. 0. 0.
0G16. 0. 0. 0. 0. 0. 0. 5. 8. 15.0. 0. 1. 0. 0. 0. 0. 0. 4. 0. 0. 0. 0. 0. 0.
0G20. 0. 0. 2. 0. .1 .1 .011. .010. 0. 0. .1 0. 0. 0. 0. .1 0. 0. 0. 0. 0. 0.
0G30. 0. 0. 0. 0. 0. 0. 0. 0. 0. 0. 0. 0. 0. 0. 0. 0. 0. 0. 0. 0. 0. 0. 0. 0.
0G40. .1 .5 0. 0. 0. 0. 0. 0. 0. 0. 0. 0. 0. 0. 0. 0. 0. 0. 0. 0. 0. 0. 0. 0.
0G556.0. 0. 0. 0. 0. 0. 0.
0I117.0. 0. 0. 0. 0. 0. 2. 10.10.0. .1 .5 0. 0. 0. 0. 0. .1 0. 0. 0. 0. 0. 0.
0I20. 0. 0. 2. 0. .1 .1 .01.5 0. 0. 0. 0. 0. 0. 0. 0. .01.1 0. 0. 0. 0. 0. 0.
0I30. 0. 0. 0. 0. 0. 0. 0. 0. 0. 0. 0. 0. 0. 0. 0. 0. 0. 0. 0. 0. 0. 0. 0. 0.
0I40. .1 0. 0. 0. 0. 0. 0. 0. 0. 0. 0. 0. 0. 0. 0. 0. 0. 0. 0. 0. 0. 0. 0. 0.
0I556.0. 0. 0. 0. 0. 0. 0.
2A112.0. 0. 1. 0. 0. 0. 4. 30.20.1. 0. 3. 0. .5 0. 0. 0. 0. 0. 0. 0. 0. 0. 0.
2A20. 0. 0. 2. 0. .1 .01.01.5 0. 0. 0. 0. .1 0. .010. 0. 0. 0. .5 0. 0. 0. .01
2A30. 0. 0. 0. 0. 0. 0. 0. 0. 0. 0. 0. 0. 0. 0. 0. 0. 0. 0. 0. 0. 0. 0. 0. 0.
2A40. .01.5 0. 0. 0. 0. 0. 0. 0. 0. 0. 0. 0. 0. 0. 0. 0. 0. 0. 0. 0. 0. 0. 0.
2A562.0. 0. 0. 0. 0. 0. 0.
2C115.0. 0. 1. 0. 0. 0. 2. 17.23.3. 0. 2. 0. 0. 0. 0. 0. 0. 0. 0. 0. 0. 0. 0.
2C20. 0. 0. 1. 0. .1 0. 0. .1 0. 0. 0. 0. .1 .1 .1 0. 0. .1 0. .1 0. .5 0. 0.
2C30. 0. 0. 0. 0. 0. 0. 0. 0. 0. 0. 0. 0. 0. 0. 0. 0. 0. 0. 0. 0. 0. 0. 0. 0.
2C40. .01.5 0. 0. 0. 0. 0. 0. 0. 0. 0. 0. 0. 0. 0. 0. 0. 0. 0. 0. 0. 0. 0. 0.
2C563.0. 0. 0. 0. 0. 0. 0.
2E112.0. 0. .1 0. 0. 0. 4. 12.15.0. .1 1. .5 0. 0. 0. 0. 0. 0. 0. 0. 0. 0. 0.
2E20. 0. 0. 2. 0. 0. .1 .010. 0. .1 0. 0. 0. .1 .1 0. 0. .5 0. .1 0. .1 0. .01
2E3.1 0. 0. 0. 0. 0. 0. 0. 0. 0. 0. 0. 0. 0. 0. 0. 0. 0. 0. 0. 0. 0. 0. 0. 0.
2E40. .1 .1 0. 0. 0. 0. 0. 0. 0. 0. 0. 0. 0. 0. 0. 0. 0. 0. 0. 0. 0. 0. 0. 0.
2E563.0. 0. 0. 0. 0. 0. 0.
2G120.0. 0. 0. 0. 0. 0. 5. 4. 20.0. 0. 0. 0. .010. 0. 0. 3. 0. 0. 0. 0. 0. 0.
2G20. 0. 0. 2. 0. .1 0. .012. .01.010. 0. .1 0. .010. 0. .1 0. 0. 0. 1. 0. 0.
2G30. 0. 0. 0. 0. 0. 0. 0. 0. 0. 0. 0. 0. 0. 0. 0. 0. 0. 0. 0. 0. 0. 0. 0. 0.
2G40. .1 .5 0. .010. 0. 0. .010. 0. 0. 0. 0. 0. 0. 0. 0. 0. 0. 0. 0. 0. 0. 0.
2G566.0. 0. 0. 0. 0. 0. 0.
2I112.0. 0. 0. 0. 0. 0. 4. 10.20.0. .1 .5 0. .5 0. 0. 0. 3. 0. 0. 0. 0. 0. 0.
2I20. 0. 0. 1. 0. .5 0. 0. .5 .010. .1 0. .5 0. 0. 0. 0. 0. 0. 0. 0. 1. 0. 0.
2I30. 0. 0. 0. 0. 0. 0. 0. 0. 0. 0. 0. 0. 0. 0. 0. 0. 0. 0. 0. 0. 0. 0. 0. 0.
2I40. .1 .1 0. 0. 0. 0. 0. 0. 0. 0. 0. 0. 0. 0. 0. 0. 0. 0. 0. 0. 0. 0. 0. 0.
2I565.0. 0. 0. 0. 0. 0. 0.
4A112.0. 0. 1. 0. 0. 0. 5. 20.30.3. 0. 2. 0. 0. 0. 0. 0. 0. 0. 0. 0. 0. 0. 0.
4A20. 0. 0. 2. 0. .1 .1 0. 1. .1 0. 0. 0. .5 0. 0. 0. 0. .1 0. 0. 0. 0. 0. .01
4A30. 0. 0. 0. 0. 0. 0. 0. 0. 0. 0. 0. 0. 0. 0. 0. 0. 0. 0. 0. 0. 0. 0. 0. 0.
4A40. .01.1 0. 0. 0. 0. 0. 0. 0. 0. 0. 0. 0. 0. 0. 0. 0. 0. 0. 0. 0. 0. 0. 0.
4A570.0. 0. 0. 0. 0. 0. 0.
4C15. 0. 0. 0. 0. 0. 0. 4. 15.15.0. .1 1. 0. 0. 0. 0. 0. 8. 0. 0. 0. 0. 0. 0.
4C20. 0. 0. 1. 0. .1 .1 .1 .5 .010. 0. 0. .1 0. .010. .1 .1 0. 0. 0. 2. 0. 0.
4C30. 0. 0. 0. 0. 0. 0. 0. 0. 0. 0. 0. 0. 0. 0. 0. 0. 0. 0. 0. 0. 0. 0. 0. 0.
4C40. .1 .010. .010. 0. 0. 0. 0. 0. 0. 0. 0. 0. 0. 0. 0. 0. 0. 0. 0. 0. 0. 0.
4C564.0. 0. 0. 0. 0. 0. 0.
4E117.0. 0. 0. 0. 0. 0. 6. 6. 15.0. 1. 2. 0. 0. 0. 0. 0. 0. 0. 0. 0. 0. 0. 0.
4E20. 0. 0. 1. 0. 0. 0. .01.5 0. 0. 0. 0. .1 0. .1 0. 0. .1 0. 0. 0. .5 0. 0.
4E3.1 0. 0. 0. 0. 0. 0. 0. 0. 0. 0. 0. 0. 0. 0. 0. 0. 0. 0. 0. 0. 0. 0. 0. 0.
4E40. .5 .1 0. 0. 0. 0. 0. 0. 0. 0. 0. 0. 0. 0. 0. 0. 0. 0. 0. 0. 0. 0. 0. 0.
4E562.0. 0. 0. 0. 0. 0. 0.
4G15. 0. 0. 0. 0. 0. 0. 15.8. 20.0. 0. .1 0. 0. 0. 0. 0. 5. 0. 0. 0. 0. 0. 0.
4G20. 0. 0. 1. 0. 0. .1 .1 .5 0. .1 0. 0. .5 0. .1 0. 0. .5 0. 0. 0. 3. 0. 0.
4G30. 0. 0. 0. 0. 0. 0. 0. 0. 0. 0. 0. 0. 0. 0. 0. 0. 0. 0. 0. 0. 0. 0. 0. 0.
4G40. .1 .1 0. 0. 0. 0. 0. 0. 0. 0. 0. 0. .010. 0. 0. 0. 0. 0. 0. 0. 0. 0. 0.
4G563.0. 0. 0. 0. 0. 0. 0.
4I115.0. 0. 0. 0. 0. 0. .5 15.12.0. .1 0. 0. 0. 0. 0. 0. 0. 0. 0. 0. 0. 0. 0.
4I20. 0. 0. 2. 0. .1 0. .010. 0. .5 0. 0. .5 0. 0. 0. 0. .1 0. 0. 0. .5 0. 0.
4I3.1 0. 0. 0. 0. 0. 0. 0. 0. 0. 0. 0. 0. 0. 0. 0. 0. 0. 0. 0. 0. 0. 0. 0. 0.
4I40. .1 0. 0. 0. 0. 0. 0. 0. 0. 0. 0. 0. 0. 0. 0. 0. 0. 0. 0. 0. 0. 0. 0. 0.
4I561.0. 0. 0. 0. 0. 0. 0.
6A112.0. .5 0. 0. 0. 0. 4. 15.20.1. 0. 1. 0. .1 0. 0. 0. 0. 0. 0. 0. 0. 0. 0.
6A20. 0. 0. 4. 0. .1 .01.1 .5 .1 .010. 0. .1 0. .010. 0. .1 0. 0. 0. 0. 0. 0.
6A30. 0. 0. 0. 0. 0. 0. 0. 0. 0. 0. 0. 0. 0. 0. 0. 0. 0. 0. 0. 0. 0. 0. 0. 0.
6A40. .01.1 0. 0. 0. 0. 0. 0. 0. 0. 0. 0. 0. 0. 0. 0. 0. 0. 0. 0. 0. 0. 0. 0.
6A565.0. 0. 0. 0. 0. 0. 0.
6C120.0. 0. 0. 0. 0. 0. 3. 8. 12.0. 0. .5 0. 0. 0. 0. 0. 2. 0. 0. 0. 0. 0. .5
6C20. 0. 0. 2. 0. .1 0. .01.1 .1 0. 0. 0. .010. .010. 0. .010. 0. 0. 1. 0. 0.
6C30. 0. 0. 0. 0. 0. 0. 0. 0. 0. 0. 0. 0. 0. 0. 0. 0. 0. 0. 0. 0. 0. 0. 0. 0.
6C40. .01.010. 0. 0. 0. 0. 0. 0. 0. 0. 0. 0. 0. 0. 0. 0. 0. 0. 0. 0. 0. 0. 0.
6C566.0. 0. 0. 0. 0. 0. 0.
6E16. 0. 0. 0. 0. 0. 0. 6. 4. 12.0. 0. .5 0. 0. 0. 0. 0. 3. 0. 0. 0. 0. 0. 0.
6E20. 0. 0. 2. 0. .1 .1 .1 .5 .01.1 0. 0. .1 0. .1 0. 0. .010. 0. 0. 1. 0. 0.
6E30. 0. 0. 0. 0. 0. 0. 0. 0. 0. 0. 0. 0. 0. 0. 0. 0. 0. 0. 0. 0. 0. 0. 0. 0.
6E40. .1 .010. 0. 0. 0. 0. 0. 0. 0. 0. 0. 0. 0. 0. 0. 0. 0. 0. 0. 0. 0. 0. 0.
6E568.0. 0. 0. 0. 0. 0. 0.
6G1.5 0. 0. 0. 0. 0. 0. 3. 2. 6. 0. 0. .5 0. 0. 0. 0. 0. 0. 0. 0. 0. 0. 0. 0.
6G20. 0. 0. 1. 0. .1 .5 .01.5 .01.1 0. 0. .1 0. .5 0. 0. 0. 0. 0. 0. 0. 0. 0.
6G30. 0. 0. 0. 0. 0. 0. 0. 0. 0. 0. 0. 0. 0. 0. 0. 0. 0. 0. 0. 0. 0. 0. 0. 0.
6G40. .1 .1 0. 0. 0. 0. 0. 0. 0. 0. 0. 0. 0. 0. 0. 0. 0. 0. 0. 0. 0. 0. 0. 0.
6G566.0. 0. 0. 0. 0. 0. 0.
6I110.0. 0. 0. 0. 0. 0. 3. .5 20.0. .1 .1 0. 0. 0. 0. 0. 5. 0. 0. 0. 0. 0. 0.
6I20. 0. 0. .1 0. 0. 0. .010. 0. .1 0. 0. .5 0. 0. 0. 0. 0. 0. 0. 0. 0. 0. 0.
6I30. 0. 0. 0. 0. 0. 0. 0. 0. 0. 0. 0. 0. 0. 0. 0. 0. 0. 0. 0. 0. 0. 0. 0. 0.
6I40. .010. 0. .010. 0. 0. 0. 0. 0. 0. 0. 0. 0. 0. 0. 0. 0. 0. 0. 0. 0. 0. 0.
6I569.0. 0. 0. 0. 0. 0. 0.
8A18. 0. 0. 0. 0. 0. 0. 4. 3. 12.1. 0. 1. 0. 0. 0. 0. 0. 0. 0. 0. 0. 0. 0. 0.
8A20. 0. 0. 1. 0. .1 0. 0. 0. .1 .1 0. 0. 0. 0. .1 0. 0. .1 0. 0. 0. 0. 0. 0.
8A30. 0. 0. 0. 0. 0. 0. 0. 0. 0. 0. 0. 0. 0. 0. 0. 0. 0. 0. 0. 0. 0. 0. 0. 0.
8A40. .1 0. 0. 0. 0. 0. 0. 0. 0. 0. 0. 0. 0. 0. 0. 0. 0. 0. 0. 0. 0. 0. 0. 0.
8A567.0. 0. 0. 0. 0. 0. 0.
8C14. 0. 0. 0. 0. 0. 0. 5. 2. 15.0. 0. .5 0. 0. 0. 0. 0. 1. 0. 0. 0. 0. 0. 0.
8C20. 0. 0. 1. 0. 0. 0. .01.5 .1 0. 0. 0. .1 0. 0. 0. 0. .010. 0. 0. 0. 0. 0.
8C30. 0. 0. 0. 0. 0. 0. 0. 0. 0. 0. 0. 0. 0. 0. 0. 0. 0. 0. 0. 0. 0. 0. 0. 0.
8C40. .1 0. 0. .010. 0. 0. 0. 0. 0. 0. 0. 0. 0. 0. 0. 0. 0. 0. 0. 0. 0. 0. 0.
8C566.0. 0. 0. 0. 0. 0. 0.
8E14. 0. 0. 0. 0. 0. 0. 1. 4. 4. 0. 1. 0. 0. 0. 0. 0. 0. 0. 0. 0. 0. 0. 0. 0.
8E20. 0. 0. .5 0. 0. 0. .010. 0. 0. 0. 0. .1 0. .1 0. 0. 0. 0. 0. 0. 0. 0. 0.
8E30. 0. 0. 0. 0. 0. 0. 0. 0. 0. 0. 0. 0. 0. 0. 0. 0. 0. 0. 0. 0. 0. 0. 0. 0.
8E40. .1 0. 0. .010. 0. 0. 0. 0. 0. 0. 0. 0. 0. 0. 0. 0. 0. 0. 0. 0. 0. 0. 0.
8E566.0. 0. 0. 0. 0. 0. 0.
8G12. 0. 0. 0. 0. 0. 0. 3. 6. 20.0. 0. 0. 0. 0. 0. 0. 0. 15.0. 0. 0. 0. 0. 0.
8G20. 0. 0. 1. 0. 0. 0. 0. 0. .010. 0. 0. 0. 0. 0. .1 0. 0. 0. 0. 0. 2. 0. 0.
8G30. 0. 0. 0. 0. 0. 0. 0. 0. 0. 0. 0. 0. 0. 0. 0. 0. 0. 0. 0. 0. 0. 0. 0. 0.
8G40. .1 .1 0. .1 0. 0. 0. 0. 0. 0. 0. 0. 0. 0. 0. 0. 0. 0. 0. 0. 0. 0. 0. 0.
8G567.0. 0. 0. 0. 0. 0. 0.
8I112.0. 2. 0. 0. 0. 0. 5. 15.25.0. 1. 1. 0. 0. 0. 0. 0. 4. 0. 0. 0. 0. 0. 0.
8I20. 0. 0. 3. 0. 0. 0. .01.5 .010. 0. 0. .5 0. .1 3. .1 0. .1 0. 0. 3. 0. 0.
8I30. 0. 0. 0. 0. 0. 0. 0. 0. 0. 0. 0. 0. 0. 0. 0. 0. 0. 0. 0. 0. 0. 0. 0. 0.
8I40. .5 .5 0. .1 0. 0. 0. .1 0. 0. 0. 0. 0. 0. 0. 0. 0. 0. 0. 0. 0. 0. 0. 0.
8I568.0. 0. 0. 0. 0. 0. 0.
0A112.0. 0. .5 0. 0. 0. 4. 8. 15.3. 0. 3. 0. .5 0. 0. 0. 5. 0. 0. 0. 0. 0. 0.
0A20. 0. 0. 1. 0. .1 .1 .1 .5 0. 0. 0. 0. 0. 0. 0. 2. .1 0. 0. .1 0. 5. 1. .01
0A30. 0. 0. .1 0. 0. 0. 0. 0. 0. 0. 0. 0. 0. 0. 0. 0. 0. 0. 0. 0. 0. 0. 0. 0.
0A40. .1 1. 0. 0. 0. 0. 0. 0. 0. 0. 0. 0. 0. 0. 0. 0. 0. 0. 0. 0. 0. 0. 0. 0.
0A562.0. 0. 0. 0. 0. 0. 0.
0C13. 0. 0. .1 0. 0. 0. 2. 10.20.2. 0. 3. 0. 0. 0. 0. 0. 0. 0. 0. 0. 0. 0. 0.
0C20. 0. 0. 2. 0. .1 0. .1 .5 .010. 0. 0. .5 0. .1 0. 0. 0. 0. .1 0. .5 .1 0.
0C30. 0. 0. 0. 0. 0. 0. 0. 0. 0. 0. 0. 0. 0. 0. 0. 0. 0. 0. 0. 0. 0. 0. 0. 0.
0C40. .1 .5 0. 0. 0. 0. 0. 0. 0. 0. 0. 0. 0. 0. 0. 0. 3. 0. 0. 0. 0. 0. 0. 0.
0C563.0. 0. 0. 0. 0. 0. 0.
0E110.0. 0. 0. 0. 0. 0. 3. 5. 25.1. .5 2. 0. 0. 0. 0. 0. 3. 0. 0. 0. 0. 0. 0.
0E20. 0. 0. 3. 0. .1 .1 .1 1. .010. 0. 0. .1 0. .1 0. 0. .1 0. 0. 0. 0. 0. .01
0E30. 0. 0. 0. 0. 0. 0. 0. 0. 0. 0. 0. 0. 0. 0. 0. 0. 0. 0. 0. 0. 0. 0. 0. 0.
0E40. .1 .1 0. 0. 0. 0. 0. 0. 0. 0. 0. 0. 0. 0. 0. 0. 2. 0. 0. 0. 0. 0. 0. 0.
0E563.0. 0. 0. 0. 0. 0. 0.
0G15. 0. .1 0. 0. 0. 0. 5. 10.15.0. 0. 1. 0. 0. 0. 0. 0. 5. 0. 0. 0. 0. 0. 0.
0G20. 0. 0. 3. 0. .1 .1 .1 1. .01.1 0. 0. .1 0. 0. 0. 0. .1 0. 0. 0. 0. 0. 0.
0G30. 0. 0. 0. 0. 0. 0. 0. 0. 0. 0. 0. 0. 0. 0. 0. 0. 0. 0. 0. 0. 0. 0. 0. 0.
0G40. .1 .5 0. 0. 0. 0. 0. .1 0. 0. 0. 0. 0. 0. 0. 0. 0. 0. 0. 0. 0. 0. 0. 0.
0G562.0. 0. 0. 0. 0. 0. 0.
0I112.0. 0. 0. 0. 0. 0. 2. 15.12.0. .1 .5 0. 0. 0. 0. 0. .1 0. 0. 0. 0. 0. 0.
0I20. 0. 0. 2. 0. .1 .1 .1 0. .01.1 0. 0. 0. 0. 0. 0. .01.1 0. 0. 0. 0. 0. 0.
0I30. 0. 0. 0. 0. 0. 0. 0. 0. 0. 0. 0. 0. 0. 0. 0. 0. 0. 0. 0. 0. 0. 0. 0. 0.
0I40. .1 0. 0. 0. 0. 0. 0. 0. 0. 0. 0. 0. 0. 0. 0. 0. 0. 0. 0. 0. 0. 0. 0. 0.
0I563.0. 0. 0. 0. 0. 0. 0.
2A18. 0. 0. 2. 0. 0. 0. 1. 30.15.2. 0. 3. 0. .5 0. 0. 0. 0. 0. 0. 0. 0. 0. 0.
2A20. 0. 0. 2. 0. .1 .01.1 .5 0. 0. 0. 0. .1 0. .1 0. 0. 0. 0. .5 0. 0. 0. .01
2A30. 0. 0. 0. 0. 0. 0. 0. 0. 0. 0. 0. 0. 0. 0. 0. 0. 0. 0. 0. 0. 0. 0. 0. 0.
2A40. .1 1. 0. 0. 0. 0. 0. 0. 0. 0. 0. 0. 0. 0. 0. 0. 0. 0. 0. 0. 0. 0. 0. 0.
2A563.0. 0. 0. 0. 0. 0. 0.
2C117.0. 0. 1. 0. 0. 0. 2. 25.15.3. 0. 1. 0. 0. 0. 0. 0. 0. 0. 0. 0. 0. 0. 0.
2C20. 0. 0. 2. 0. .1 .1 .1 .1 0. .1 0. 0. .1 .1 .1 0. 0. .1 0. .1 0. .5 0. 0.
2C30. 0. 0. 0. 0. 0. 0. 0. 0. 0. 0. 0. 0. 0. 0. 0. 0. 0. 0. 0. 0. 0. 0. 0. 0.
2C40. .1 .5 0. 0. 0. 0. 0. 0. 0. 0. 0. 0. 0. 0. 0. 0. 0. 0. 0. 0. 0. 0. 0. 0.
2C562.0. 0. 0. 0. 0. 0. 0.
2E115.0. 0. .1 0. 0. 0. 3. 20.8. 0. .1 1. 0. 0. 0. 0. 0. 0. 0. 0. 0. 0. 0. 0.
2E20. 0. 0. 2. 0. .1 .1 .5 0. 0. 0. 0. 0. .1 .1 .1 0. 0. .5 0. .1 0. 0. 0. .01
2E30. 0. 0. 0. 0. 0. 0. 0. 0. 0. 0. 0. 0. 0. 0. 0. 0. 0. 0. 0. 0. 0. 0. 0. 0.
2E40. .1 .1 0. 0. 0. 0. 0. 0. 0. 0. 0. 0. 0. 0. 0. 0. .010. 0. 0. 0. 0. 0. 0.
2E562.0. 0. 0. 0. 0. 0. 0.
2G120.0. 0. 0. 0. 0. 0. 4. 4. 20.0. .1 0. 0. 0. 0. 0. 0. 4. 0. 0. 0. 0. 0. 0.
2G20. 0. 0. 2. 0. .1 0. .1 3. 0. .010. 0. .1 0. .1 0. 0. .1 0. 0. 0. 3. 0. 0.
2G30. 0. 0. 0. 0. 0. 0. 0. 0. 0. 0. 0. 0. 0. 0. 0. 0. 0. 0. 0. 0. 0. 0. 0. 0.
2G40. .1 .5 0. .010. 0. 0. .010. 0. 0. 0. 0. 0. 0. 0. 0. 0. 0. 0. 0. 0. 0. 0.
2G562.0. 0. 0. 0. 0. 0. 0.
2I112.0. 0. 0. 0. 0. 0. 3. 10.25.0. .1 .5 0. 1. 0. 0. 0. 4. 0. 0. 0. 0. 0. 0.
2I20. 0. 0. 3. 0. .1 0. .1 .1 .010. .1 0. .1 0. 0. 0. 0. 0. 0. 0. 0. 2. 0. 0.
2I30. 0. 0. 0. 0. 0. 0. 0. 0. 0. 0. 0. 0. 0. 0. 0. 0. 0. 0. 0. 0. 0. 0. 0. 0.
2I40. .1 .5 0. 0. 0. 0. 0. 0. 0. 0. 0. 0. 0. 0. 0. 0. 0. 0. 0. 0. 0. 0. 0. 0.
2I562.0. 0. 0. 0. 0. 0. 0.
4A18. 0. 0. 1. 0. 0. 0. 4. 15.30.2. 0. .5 0. 0. 0. 0. 0. 0. 0. 0. 0. 0. 0. 0.
4A20. 0. 0. 3. 0. .1 .1 .1 2. .010. 0. 0. .1 0. .1 0. 0. .5 0. .1 0. .5 0. 0.
4A30. 0. 0. 0. 0. 0. 0. 0. 0. 0. 0. 0. 0. 0. 0. 0. 0. 0. 0. 0. 0. 0. 0. 0. 0.
4A40. .1 .5 0. 0. 0. 0. 0. 0. 0. 0. 0. 0. 0. 0. 0. 0. 0. 0. 0. 0. 0. 0. 0. 0.
4A563.0. 0. 0. 0. 0. 0. 0.
4C16. 0. 0. 0. 0. 0. 0. 4. 15.10.0. .1 .5 0. 0. 0. 0. 0. 12.0. 0. 0. 0. 0. 0.
4C20. 0. 0. 1. 0. .1 .1 .5 .5 0. 0. 0. 0. .1 0. .1 0. 0. .1 0. 0. 0. 4. 0. .01
4C30. 0. 0. 0. 0. 0. 0. 0. 0. 0. 0. 0. 0. 0. 0. 0. 0. 0. 0. 0. 0. 0. 0. 0. 0.
4C40. .1 .1 0. .1 0. 0. 0. 0. 0. 0. 0. 0. 0. 0. 0. 0. 0. 0. 0. 0. 0. 0. 0. 0.
4C563.0. 0. 0. 0. 0. 0. 0.
4E115.0. 0. 0. 0. 0. 0. 4. 3. 20.0. 1. 3. 0. 0. 0. 0. 0. 3. 0. 0. 0. 0. 0. 0.
4E20. 0. 0. 2. 0. .1 0. .1 0. 0. 0. .1 0. .1 0. .1 0. .01.1 0. 0. 0. .1 0. 0.
4E3.1 0. 0. 0. 0. 0. 0. 0. 0. 0. 0. 0. 0. 0. 0. 0. 0. 0. 0. 0. 0. 0. 0. 0. 0.
4E40. .5 .5 0. 0. 0. 0. 0. 0. 0. 0. 0. 0. 0. 0. 0. 0. 0. 0. 0. 0. 0. 0. 0. 0.
4E562.0. 0. 0. 0. 0. 0. 0.
4G15. 0. 0. 0. 0. 0. 0. 5. 6. 14.0. 0. .1 0. 0. 0. 0. 0. 6. 0. 0. 0. 0. 0. 0.
4G20. 0. 0. 2. 0. .01.01.1 1. 0. .010. 0. .010. .010. 0. .010. 0. 0. 3. 0. 0.
4G30. 0. 0. 0. 0. 0. 0. 0. 0. 0. 0. 0. 0. 0. 0. 0. 0. 0. 0. 0. 0. 0. 0. 0. 0.
4G40. .01.1 0. 0. 0. 0. 0. 0. 0. 0. 0. 0. 0. 0. 0. 0. 0. 0. 0. 0. 0. 0. 0. 0.
4G567.0. 0. 0. 0. 0. 0. 0.
4I18. 0. 0. 0. 0. 0. 0. .5 5. 20.0. .5 0. 0. 0. 0. 0. 0. 0. 0. 0. 0. 0. 0. 0.
4I20. 0. 0. 2. 0. .010. .010. .01.1 0. 0. .1 0. 0. 0. 0. .1 0. 0. 0. .5 0. 0.
4I3.1 0. 0. 0. 0. 0. 0. 0. 0. 0. 0. 0. 0. 0. 0. 0. 0. 0. 0. 0. 0. 0. 0. 0. 0.
4I40. .1 0. 0. .010. 0. 0. 0. 0. 0. 0. 0. 0. 0. 0. 0. 0. 0. 0. 0. 0. 0. 0. 0.
4I564.0. 0. 0. 0. 0. 0. 0.
6A17. 1. 0. 0. 0. 0. 0. 4. 7. 23.1. 0. 2. 0. .5 0. 0. 0. 0. 0. 0. 0. 0. 0. 0.
6A20. 0. 0. 3. 0. .01.01.5 .5 .1 0. 0. 0. .1 0. .1 0. .1 .010. 0. 0. 0. 0. 0.
6A30. 0. 0. 0. 0. 0. 0. 0. 0. 0. 0. 0. 0. 0. 0. 0. 0. 0. 0. 0. 0. 0. 0. 0. 0.
6A40. .01.010. 0. 0. 0. 0. 0. 0. 0. 0. 0. 0. 0. 0. 0. 0. 0. 0. 0. 0. 0. 0. 0.
6A565.0. 0. 0. 0. 0. 0. 0.
6C115.0. 0. 0. 0. 0. 0. 2. 3. 12.0. 0. .5 0. 0. 0. 0. 0. 2. 0. 0. 0. 0. 0. .1
6C20. 0. 0. 1. 0. 0. 0. .010. .01.010. 0. .1 0. 0. 0. 0. .010. 0. 0. 1. 0. 0.
6C3.010. 0. 0. 0. 0. 0. 0. 0. 0. 0. 0. 0. 0. 0. 0. 0. 0. 0. 0. 0. 0. 0. 0. 0.
6C40. .010. 0. 0. 0. 0. 0. 0. 0. 0. 0. 0. 0. 0. 0. 0. 0. 0. 0. 0. 0. 0. 0. 0.
6C563.0. 0. 0. 0. 0. 0. 0.
6E15. 0. 0. 0. 0. 0. 0. 5. 2. 4. 0. 0. 0. 0. 0. 0. 0. 0. 4. 0. 0. 0. 0. 0. 0.
6E20. 0. 0. 1. 0. .01.1 .1 .1 .01.1 .1 0. .010. .1 0. .01.010. 0. 0. .5 0. 0.
6E30. 0. 0. 0. 0. 0. 0. 0. 0. 0. 0. 0. 0. 0. 0. 0. 0. 0. 0. 0. 0. 0. 0. 0. 0.
6E40. .01.010. 0. 0. 0. 0. 0. 0. 0. 0. 0. 0. 0. 0. 0. 0. 0. 0. 0. 0. 0. 0. 0.
6E565.0. 0. 0. 0. 0. 0. 0.
6G1.5 0. 0. 0. 0. 0. 0. 4. 3. 9. 0. .1 .5 0. 0. 0. 0. 0. 0. 0. 0. 0. 0. 0. 0.
6G20. 0. 0. .5 0. .01.5 .1 .1 .01.1 0. 0. .010. .5 0. 0. .010. 0. 0. .1 0. 0.
6G30. 0. 0. 0. 0. 0. 0. 0. 0. 0. 0. 0. 0. 0. 0. 0. 0. 0. 0. 0. 0. 0. 0. 0. 0.
6G40. .1 .010. 0. 0. 0. 0. 0. 0. 0. 0. 0. 0. 0. 0. 0. 0. 0. 0. 0. 0. 0. 0. 0.
6G565.0. 0. 0. 0. 0. 0. 0.
6I14. 0. 0. 0. 0. 0. 0. 2. 3. 25.0. 0. .1 0. 0. 0. 0. 0. 5. 0. 0. 0. 0. 0. 0.
6I20. 0. 0. .010. 0. 0. .1 0. 0. .010. 0. .1 0. 0. 0. 0. 0. 0. 0. 0. 0. 0. 0.
6I30. 0. 0. 0. 0. 0. 0. 0. 0. 0. 0. 0. 0. 0. 0. 0. 0. 0. 0. 0. 0. 0. 0. 0. 0.
6I40. .010. 0. .010. 0. 0. 0. 0. 0. 0. 0. 0. 0. 0. 0. 0. 0. 0. 0. 0. 0. 0. 0.
6I565.0. 0. 0. 0. 0. 0. 0.
8A16. 0. 0. 0. 0. 0. 0. 4. 3. 12.1. 0. 2. 0. 0. 0. 0. 0. 0. 0. 0. 0. 0. 0. 0.
8A20. 0. 0. 1. 0. .1 .01.1 0. .01.1 0. 0. .010. .010. 0. .010. 0. 0. 0. 0. 0.
8A30. 0. 0. 0. 0. 0. 0. 0. 0. 0. 0. 0. 0. 0. 0. 0. 0. 0. 0. 0. 0. 0. 0. 0. 0.
8A40. .010. 0. 0. 0. 0. 0. 0. 0. 0. 0. 0. 0. 0. 0. 0. 0. 0. 0. 0. 0. 0. 0. 0.
8A565.0. 0. 0. 0. 0. 0. 0.
8C15. 0. 0. 0. 0. 0. 0. 5. 5. 20.0. 0. .1 0. 0. 0. 0. 0. 1. 0. 0. 0. 0. 0. 0.
8C20. 0. 0. 1. 0. 0. 0. .1 0. .010. .010. .010. .010. 0. .010. 0. 0. 0. 0. 0.
8C30. 0. 0. 0. 0. 0. 0. 0. 0. 0. 0. 0. 0. 0. 0. 0. 0. 0. 0. 0. 0. 0. 0. 0. 0.
8C40. .010. 0. .010. 0. 0. 0. 0. 0. 0. 0. 0. 0. 0. 0. 0. 0. 0. 0. 0. 0. 0. 0.
8C564.0. 0. 0. 0. 0. 0. 0.
8E14. 0. 0. 0. 0. 0. 0. 1. 2. 3. 0. 0. 0. 0. 0. 0. 0. 0. 0. 0. 0. 0. 0. 0. 0.
8E20. 0. 0. .010. 0. 0. .010. 0. 0. 0. 0. .1 0. .1 0. 0. 0. 0. 0. 0. 0. 0. 0.
8E30. 0. 0. 0. 0. 0. 0. 0. 0. 0. 0. 0. 0. 0. 0. 0. 0. 0. 0. 0. 0. 0. 0. 0. 0.
8E40. .010. 0. 0. 0. 0. 0. 0. 0. 0. 0. 0. 0. 0. 0. 0. 0. 0. 0. 0. 0. 0. 0. 0.
8E564.0. 0. 0. 0. 0. 0. 0.
8G12. 0. 0. 0. 0. 0. 0. 2. 5. 18.0. 2. 0. 0. 0. 0. 0. 0. 6. 0. 0. 0. 0. 0. 0.
8G20. 0. 0. 1. 0. 0. 0. .1 0. .010. 0. 0. .1 0. 0. .1 0. 0. 0. 0. 0. 1. 0. 0.
8G30. 0. 0. 0. 0. 0. 0. 0. 0. 0. 0. 0. 0. 0. 0. 0. 0. 0. 0. 0. 0. 0. 0. 0. 0.
8G40. .01.010. .010. 0. 0. 0. 0. 0. 0. 0. 0. 0. 0. 0. 0. 0. 0. 0. 0. 0. 0. 0.
8G563.0. 0. 0. 0. 0. 0. 0.
8I14. 0. 0. 2. 0. 0. 0. 6. 10.20.0. 1. 1. 0. 0. 0. 0. 0. 5. 0. 0. 0. 0. 0. 0.
8I20. 0. 0. 1. 0. 0. 0. .1 .5 0. 0. 0. 0. .1 0. 0. .5 .010. 0. 0. 0. 2. 0. 0.
8I30. 0. 0. 0. 0. 0. 0. 0. 0. 0. 0. 0. 0. 0. 0. 0. 0. 0. 0. 0. 0. 0. 0. 0. 0.
8I40. .1 .1 0. .010. 0. 0. 0. 0. 0. 0. 0. 0. 0. 0. 0. 0. 0. 0. 0. 0. 0. 0. 0.
8I564.0. 0. 0. 0. 0. 0. 0.
0A15. 0. 0. .1 0. 0. 0. 4. 4. 15.3. .1 2. 0. .5 0. 0. 0. 3. 0. 0. 0. 0. 0. 0.
0A20. 0. 0. 1. 0. .1 .1 .012. .010. 0. 0. 0. 0. .1 .5 .1 0. .01.1 0. 3. 2. .01
0A30. 0. 0. .010. 0. 0. 0. 0. 0. 0. 0. 0. 0. 0. 0. 0. 0. 0. 0. 0. 0. 0. 0. 0.
0A40. .1 1. 0. .010. 0. 0. 0. 0. 0. 0. 0. 0. 0. 0. 0. 0. 0. 0. 0. 0. 0. 0. 0.
0A556.0. 0. 0. 0. 0. 0. 0.
0C12. 0. 0. 0. 0. 0. 0. 2. 8. 10.1. .5 2. 0. 0. 0. 0. 0. 0. 0. 0. 0. 0. 0. 0.
0C20. 0. 0. 2. 0. .1 0. .1 .5 .010. 0. 0. .1 .01.1 0. 0. 0. 0. .1 0. .1 .5 0.
0C30. 0. 0. 0. 0. 0. 0. 0. 0. 0. 0. 0. 0. 0. 0. 0. 0. 0. 0. 0. 0. 0. 0. 0. 0.
0C40. .01.5 0. 0. 0. 0. 0. 0. 0. 0. 0. 0. 0. 0. 0. 0. 2. 0. 0. 0. 0. 0. 0. 0.
0C557.0. 0. 0. 0. 0. 0. 0.
0E14. 0. 0. 0. 0. 0. 0. 3. 5. 18..1 .5 2. 0. .1 0. 0. 0. 0. 0. 0. 0. 0. 0. 0.
0E20. 0. 0. 2. 0. .1 .1 .1 1. .01.1 0. 0. .1 0. .010. 0. .1 0. 0. 0. 0. 0. .01
0E30. 0. 0. 0. 0. 0. 0. 0. 0. 0. 0. 0. 0. 0. 0. 0. 0. 0. 0. 0. 0. 0. 0. 0. 0.
0E40. .01.1 0. 0. 0. 0. 0. 0. 0. 0. 0. 0. 0. 0. 0. 0. 1. 0. 0. 0. 0. 0. 0. 0.
0E557.0. 0. 0. 0. 0. 0. 0.
0G15. 0. 0. 0. 0. 0. 0. 4. 10.15.0. 0. .5 0. 0. 0. 0. 0. 3. 0. 0. 0. 0. 0. 0.
0G20. 0. 0. 1. 0. .1 .1 .1 1. .010. 0. 0. .010. .010. 0. 0. 0. 0. 0. 0. 0. 0.
0G30. 0. 0. 0. 0. 0. 0. 0. 0. 0. 0. 0. 0. 0. 0. 0. 0. 0. 0. 0. 0. 0. 0. 0. 0.
0G40. .1 .5 0. 0. 0. 0. 0. .010. 0. 0. 0. 0. 0. 0. 0. 0. 0. 0. 0. 0. 0. 0. 0.
0G556.0. 0. 0. 0. 0. 0. 0.
0I110.0. 0. 0. 0. 0. 0. .5 12.8. 0. .1 .1 0. 0. 0. 0. 0. 0. 0. 0. 0. 0. 0. 0.
0I20. 0. 0. 1. 0. .1 .01.1 0. .01.1 0. 0. 0. 0. .010. .01.1 0. 0. 0. 0. 0. 0.
0I30. 0. 0. 0. 0. 0. 0. 0. 0. 0. 0. 0. 0. 0. 0. 0. 0. 0. 0. 0. 0. 0. 0. 0. 0.
0I40. .1 0. 0. 0. 0. 0. 0. 0. 0. 0. 0. 0. 0. 0. 0. 0. 0. 0. 0. 0. 0. 0. 0. 0.
0I557.0. 0. 0. 0. 0. 0. 0.
2A13. 0. 0. .5 0. 0. 0. 1. 25.15.1. 0. 2. 0. .5 0. 0. 0. 0. 0. 0. 0. 0. 0. 0.
2A20. 0. 0. 1. 0. .01.01.1 .5 0. 0. 0. 0. .010. .010. 0. .1 0. .5 0. 0. 0. .01
2A30. 0. 0. 0. 0. 0. 0. 0. 0. 0. 0. 0. 0. 0. 0. 0. 0. 0. 0. 0. 0. 0. 0. 0. 0.
2A40. .01.5 0. 0. 0. 0. 0. 0. 0. 0. 0. 0. 0. 0. 0. 0. 0. 0. 0. 0. 0. 0. 0. 0.
2A557.0. 0. 0. 0. 0. 0. 0.
2C112.0. 0. 1. 0. 0. 0. 1. 15.20.2. 0. .5 0. 0. 0. 0. 0. 0. 0. 0. 0. 0. 0. 0.
2C20. 0. 0. 1. 0. .1 .01.1 .1 0. .010. 0. .01.1 .1 0. 0. .1 0. .5 0. 0. 0. .01
2C30. 0. 0. 0. 0. 0. 0. 0. 0. 0. 0. 0. 0. 0. 0. 0. 0. 0. 0. 0. 0. 0. 0. 0. 0.
2C40. .01.5 0. 0. 0. 0. 0. 0. 0. 0. 0. 0. 0. 0. 0. 0. 0. 0. 0. 0. 0. 0. 0. 0.
2C558.0. 0. 0. 0. 0. 0. 0.
2E14. 0. 0. .1 0. 0. 0. 2. 8. 12..5 .1 .5 0. 0. 0. 0. 0. 0. 0. 0. 0. 0. 0. 0.
2E20. 0. 0. 1. 0. .1 .1 .1 .5 0. .1 0. 0. 0. .1 .1 0. 0. .5 0. .1 0. .1 0. .01
2E30. 0. 0. 0. 0. 0. 0. 0. 0. 0. 0. 0. 0. 0. 0. 0. 0. 0. 0. 0. 0. 0. 0. 0. 0.
2E40. .1 .1 0. 0. 0. 0. 0. 0. 0. 0. 0. 0. 0. 0. 0. 0. 0. 0. 0. 0. 0. 0. 0. 0.
2E558.0. 0. 0. 0. 0. 0. 0.
2G117.0. 0. 0. 0. 0. 0. 2. 8. 10.0. 0. .1 0. .010. 0. 0. 2. 0. 0. 0. 0. 0. 0.
2G20. 0. 0. 2. 0. .1 0. .1 1. 0. 0. 0. 0. .1 0. .010. 0. .010. 0. 0. 2. 0. 0.
2G30. 0. 0. 0. 0. 0. 0. 0. 0. 0. 0. 0. 0. 0. 0. 0. 0. 0. 0. 0. 0. 0. 0. 0. 0.
2G40. .1 .5 0. .010. 0. 0. .010. 0. 0. 0. 0. 0. 0. 0. 0. 0. 0. 0. 0. 0. 0. 0.
2G557.0. 0. 0. 0. 0. 0. 0.
2I18. 0. 0. 0. 0. 0. 0. 3. 20.15.0. .5 .5 0. .5 0. 0. 0. 0. 0. 0. 0. 0. 0. 0.
2I20. 0. 0. 2. 0. .010. .1 0. .01.1 .1 0. .1 0. 0. 0. 0. 0. 0. 0. 0. 1. 0. 0.
2I30. 0. 0. 0. 0. 0. 0. 0. 0. 0. 0. 0. 0. 0. 0. 0. 0. 0. 0. 0. 0. 0. 0. 0. 0.
2I40. .1 0. 0. 0. 0. 0. 0. 0. 0. 0. 0. 0. 0. 0. 0. 0. 0. 0. 0. 0. 0. 0. 0. 0.
2I557.0. 0. 0. 0. 0. 0. 0.
4A15. 0. 0. 1. 0. 0. 0. 3. 15.30.1. 0. .5 0. .5 0. 0. 0. 0. 0. 0. 0. 0. 0. 0.
4A20. 0. 0. 2. 0. .1 .1 .011. 0. .1 0. 0. .1 0. .1 0. 0. .1 0. 0. 0. .1 0. .01
4A30. 0. 0. 0. 0. 0. 0. 0. 0. 0. 0. 0. 0. 0. 0. 0. 0. 0. 0. 0. 0. 0. 0. 0. 0.
4A40. .01.1 0. 0. 0. 0. 0. 0. 0. 0. 0. 0. 0. 0. 0. 0. 0. 0. 0. 0. 0. 0. 0. 0.
4A560.0. 0. 0. 0. 0. 0. 0.
4C18. 0. 0. 0. 0. 0. 0. 1. 15.10.0. .5 .5 0. 0. 0. 0. 0. 5. 0. 0. 0. 0. 0. 0.
4C20. 0. 0. 1. 0. 0. .1 .1 .5 0. 0. 0. 0. 0. 0. .1 0. 0. .1 0. 0. 0. 2. 0. .1
4C30. 0. 0. 0. 0. 0. 0. 0. 0. 0. 0. 0. 0. 0. 0. 0. 0. 0. 0. 0. 0. 0. 0. 0. 0.
4C40. .1 .010. .010. 0. 0. 0. 0. 0. 0. 0. 0. 0. 0. 0. 0. 0. 0. 0. 0. 0. 0. 0.
4C561.0. 0. 0. 0. 0. 0. 0.
4E115.0. 0. 0. 0. 0. 0. 3. 5. 15.0. 1. 2. 0. 0. 0. 0. 0. 0. 0. 0. 0. 0. 0. 0.
4E20. 0. 0. 1. 0. .1 0. .01.5 0. 0. 0. 0. .1 0. .010. 0. .1 0. 0. 0. 0. 0. 0.
4E30. 0. 0. 0. 0. 0. 0. 0. 0. 0. 0. 0. 0. 0. 0. 0. 0. 0. 0. 0. 0. 0. 0. 0. 0.
4E40. .1 .1 0. 0. .1 0. 0. 0. 0. 0. 0. 0. 0. 0. 0. 0. 0. 0. 0. 0. 0. 0. 0. 0.
4E558.0. 0. 0. 0. 0. 0. 0.
4G13. 0. 0. 0. 0. 0. 0. 8. 8. 17.0. 0. .5 0. 0. 0. 0. 0. 4. 0. 0. 0. 0. 0. 0.
4G20. 0. 0. .5 0. .1 .1 .1 .5 0. .1 0. 0. .1 0. .1 0. 0. .010. 0. 0. 2. 0. 0.
4G30. 0. 0. 0. 0. 0. 0. 0. 0. 0. 0. 0. 0. 0. 0. 0. 0. 0. 0. 0. 0. 0. 0. 0. 0.
4G40. .01.1 0. 0. 0. 0. 0. 0. 0. 0. 0. 0. 0. 0. 0. 0. 0. 0. 0. 0. 0. 0. 0. 0.
4G560.0. 0. 0. 0. 0. 0. 0.
4I115.0. 0. 0. 0. 0. 0. .5 12.8. 0. .5 0. 0. 0. 0. 0. 0. 0. 0. 0. 0. 0. 0. 0.
4I20. 0. 0. 2. 0. .010. .1 0. 0. .5 0. 0. .1 0. 0. 0. 0. .1 0. 0. 0. .5 0. 0.
4I30. 0. 0. 0. 0. 0. 0. 0. 0. 0. 0. 0. 0. 0. 0. 0. 0. 0. 0. 0. 0. 0. 0. 0. 0.
4I40. .1 0. 0. 0. 0. 0. 0. 0. 0. 0. 0. 0. 0. 0. 0. 0. 0. 0. 0. 0. 0. 0. 0. 0.
4I558.0. 0. 0. 0. 0. 0. 0.
6A112..5 0. 0. 0. 0. 0. 1. 8. 20..5 0. .5 0. .1 0. 0. 0. 0. 0. 0. 0. 0. 0. 0.
6A20. 0. 0. 2. 0. 0. 0. .1 .1 .1 .1 0. 0. .010. .010. 0. .1 0. 0. 0. 0. 0. .01
6A30. 0. 0. 0. 0. 0. 0. 0. 0. 0. 0. 0. 0. 0. 0. 0. 0. 0. 0. 0. 0. 0. 0. 0. 0.
6A40. .01.010. 0. 0. 0. 0. 0. 0. 0. 0. 0. 0. 0. 0. 0. 0. 0. 0. 0. 0. 0. 0. 0.
6A561.0. 0. 0. 0. 0. 0. 0.
6C117.0. 0. 0. 0. 0. 0. 2. 5. 10.0. 0. .1 0. 0. 0. 0. 0. 1. 0. 0. 0. 0. 0. .5
6C20. 0. 0. 1. 0. .1 0. .01.1 .01.010. 0. 0. 0. 0. 0. 0. 0. 0. 0. 0. 1. 0. 0.
6C30. 0. 0. 0. 0. 0. 0. 0. 0. 0. 0. 0. 0. 0. 0. 0. 0. 0. 0. 0. 0. 0. 0. 0. 0.
6C40. .01.010. 0. 0. 0. 0. 0. 0. 0. 0. 0. 0. 0. 0. 0. 0. 0. 0. 0. 0. 0. 0. 0.
6C562.0. 0. 0. 0. 0. 0. 0.
6E14. 0. 0. 0. 0. 0. 0. 2. 1. 4. 0. 0. .1 0. 0. 0. 0. 0. 1. 0. 0. 0. 0. 0. 0.
6E20. 0. 0. 1. 0. .01.1 .01.5 .01.1 0. 0. .010. .1 0. 0. .010. 0. 0. .5 0. 0.
6E30. 0. 0. 0. 0. 0. 0. 0. 0. 0. 0. 0. 0. 0. 0. 0. 0. 0. 0. 0. 0. 0. 0. 0. 0.
6E40. .1 .1 0. 0. 0. 0. 0. 0. 0. 0. 0. 0. 0. 0. 0. 0. 0. 0. 0. 0. 0. 0. 0. 0.
6E560.0. 0. 0. 0. 0. 0. 0.
6G1.5 0. 0. 0. 0. 0. 0. 3. 2. 5. 0. .1 .5 0. 0. 0. 0. 0. 0. 0. 0. 0. 0. 0. 0.
6G20. 0. 0. 0. 0. .1 .1 0. .1 .01.1 .1 0. .010. .5 0. 0. 0. 0. 0. 0. .1 0. 0.
6G30. 0. 0. 0. 0. 0. 0. 0. 0. 0. 0. 0. 0. 0. 0. 0. 0. 0. 0. 0. 0. 0. 0. 0. 0.
6G40. .1 .1 0. 0. 0. 0. 0. 0. 0. 0. 0. 0. 0. 0. 0. 0. 0. 0. 0. 0. 0. 0. 0. 0.
6G561.0. 0. 0. 0. 0. 0. 0.
6I16. 0. 0. 0. 0. 0. 0. 2. .5 20.0. .1 .1 0. 0. 0. 0. 0. 2. 0. 0. 0. 0. 0. 0.
6I20. 0. 0. 0. 0. 0. 0. .010. .01.1 0. 0. .010. 0. 0. 0. 0. 0. 0. 0. 0. 0. 0.
6I30. 0. 0. 0. 0. 0. 0. 0. 0. 0. 0. 0. 0. 0. 0. 0. 0. 0. 0. 0. 0. 0. 0. 0. 0.
6I40. .010. 0. 0. .010. 0. 0. 0. 0. 0. 0. 0. 0. 0. 0. 0. 0. 0. 0. 0. 0. 0. 0.
6I561.0. 0. 0. 0. 0. 0. 0.
8A14. 0. 0. 0. 0. 0. 0. 3. 1. 15..5 0. 1. 0. 0. 0. 0. 0. 0. 0. 0. 0. 0. 0. 0.
8A20. 0. 0. 1. 0. .1 .01.010. .01.1 0. 0. 0. 0. .1 0. 0. .010. 0. 0. 0. 0. 0.
8A30. 0. 0. 0. 0. 0. 0. 0. 0. 0. 0. 0. 0. 0. 0. 0. 0. 0. 0. 0. 0. 0. 0. 0. 0.
8A40. .010. 0. 0. 0. 0. 0. 0. 0. 0. 0. 0. 0. 0. 0. 0. 0. 0. 0. 0. 0. 0. 0. 0.
8A563.0. 0. 0. 0. 0. 0. 0.
8C13. 0. 0. 0. 0. 0. 0. 3. 3. 15.0. 0. .1 0. 0. 0. 0. 0. .5 0. 0. 0. 0. 0. 0.
8C20. 0. 0. .5 0. 0. 0. .01.1 .010. 0. 0. .010. .010. 0. 0. 0. 0. 0. 0. 0. 0.
8C30. 0. 0. 0. 0. 0. 0. 0. 0. 0. 0. 0. 0. 0. 0. 0. 0. 0. 0. 0. 0. 0. 0. 0. 0.
8C40. .010. 0. .010. 0. 0. 0. 0. 0. 0. 0. 0. 0. 0. 0. 0. 0. 0. 0. 0. 0. 0. 0.
8C563.0. 0. 0. 0. 0. 0. 0.
8E15. 0. 0. 0. 0. 0. 0. 1. 3. 3. 0. 0. 0. 0. 0. 0. 0. 0. 0. 0. 0. 0. 0. 0. 0.
8E20. 0. 0. .1 0. 0. 0. .010. 0. 0. 0. 0. .1 0. .1 0. 0. 0. 0. 0. 0. 0. 0. 0.
8E30. 0. 0. 0. 0. 0. 0. 0. 0. 0. 0. 0. 0. 0. 0. 0. 0. 0. 0. 0. 0. 0. 0. 0. 0.
8E40. .1 0. 0. .010. 0. 0. 0. 0. 0. 0. 0. 0. 0. 0. 0. 0. 0. 0. 0. 0. 0. 0. 0.
8E562.0. 0. 0. 0. 0. 0. 0.
8G11. 0. 0. 0. 0. 0. 0. 1. 3. 20.0. .5 0. 0. 0. 0. 0. 0. 3. 0. 0. 0. 0. 0. 0.
8G20. 0. 0. .5 0. 0. 0. 0. 0. .010. 0. 0. .010. 0. 0. 0. 0. 0. 0. 0. .5 0. 0.
8G30. 0. 0. 0. 0. 0. 0. 0. 0. 0. 0. 0. 0. 0. 0. 0. 0. 0. 0. 0. 0. 0. 0. 0. 0.
8G40. .01.1 0. .1 0. 0. 0. 0. 0. 0. 0. 0. 0. 0. 0. 0. 0. 0. 0. 0. 0. 0. 0. 0.
8G562.0. 0. 0. 0. 0. 0. 0.
8I16. 0. 0. .5 0. 0. 0. 3. 10.20..5 .5 .5 0. 0. 0. 0. 0. 3. 0. 0. 0. 0. 0. 0.
8I20. 0. 0. 1. 0. 0. 0. .01.5 0. 0. 0. 0. 0. 0. 0. .5 .010. .1 0. 0. 2. 0. 0.
8I30. 0. 0. 0. 0. 0. 0. 0. 0. 0. 0. 0. 0. 0. 0. 0. 0. 0. 0. 0. 0. 0. 0. 0. 0.
8I40. .1 .1 0. .010. 0. 0. 0. 0. 0. 0. 0. 0. 0. 0. 0. 0. 0. 0. 0. 0. 0. 0. 0.
8I563.0. 0. 0. 0. 0. 0. 0.
0A14. 0. 0. .5 0. 0. 0. 3. 5. 12.2. .1 2. 0. .5 0. 0. 0. 3. 0. 0. 0. 0. 0. 0.
0A20. 0. 0. .5 0. .1 .1 .011. .010. 0. 0. 0. 0. .01.1 .010. .1 .1 0. 3. .5 0.
0A30. 0. 0. 0. 0. 0. 0. 0. 0. 0. 0. 0. 0. 0. 0. 0. 0. 0. 0. 0. 0. 0. 0. 0. 0.
0A40. 0. 1. 0. .010. 0. 0. .010. 0. 0. 0. 0. 0. 0. 0. 0. 0. 0. 0. 0. 0. 0. 0.
0A557.0. 0. 0. 0. 0. 0. 0.
0C13. 0. 0. .1 0. 0. 0. 1. 5. 15.1. .5 2. 0. 0. 0. 0. 0. 0. 0. 0. 0. 0. 0. 0.
0C20. 0. 0. 1. 0. .1 0. .01.5 0. 0. 0. 0. .1 0. 0. 0. .010. 0. .1 0. .1 0. 0.
0C30. 0. 0. 0. 0. 0. 0. 0. 0. 0. 0. 0. 0. 0. 0. 0. 0. 0. 0. 0. 0. 0. 0. 0. 0.
0C40. .01.5 0. 0. 0. 0. 0. 0. 0. 0. 0. 0. 0. 0. 0. 0. 2. 0. 0. 0. 0. 0. 0. 0.
0C557.0. 0. 0. 0. 0. 0. 0.
0E15. 0. 0. 0. 0. 0. 0. 2. 4. 15..5 .1 1. 0. .1 0. 0. 0. 3. 0. 0. 0. 0. 0. 0.
0E20. 0. 0. 1. 0. .1 .1 .011. .01.1 0. 0. .010. .010. .01.010. 0. 0. 0. 0. 0.
0E30. 0. 0. 0. 0. 0. 0. 0. 0. 0. 0. 0. 0. 0. 0. 0. 0. 0. 0. 0. 0. 0. 0. 0. 0.
0E40. .01.1 0. 0. 0. 0. 0. 0. 0. 0. 0. 0. 0. 0. 0. 0. 1. 0. 0. 0. 0. 0. 0. 0.
0E556.0. 0. 0. 0. 0. 0. 0.
0G15. 0. 0. 0. 0. 0. 0. 3. 7. 8. 0. 0. .010. 0. 0. 0. 0. 3. 0. 0. 0. 0. 0. 0.
0G20. 0. 0. 1. 0. .01.1 .011. .01.01.010. .1 0. 0. 0. 0. .010. 0. 0. 0. 0. 0.
0G30. 0. 0. 0. 0. 0. 0. 0. 0. 0. 0. 0. 0. 0. 0. 0. 0. 0. 0. 0. 0. 0. 0. 0. 0.
0G40. .1 .5 0. 0. 0. 0. 0. .010. 0. 0. 0. 0. 0. 0. 0. 0. 0. 0. 0. 0. 0. 0. 0.
0G556.0. 0. 0. 0. 0. 0. 0.
0I18. 0. 0. 0. 0. 0. 0. 2. 8. 10.0. .1 .010. 0. 0. 0. 0. .010. 0. 0. 0. 0. 0.
0I20. 0. 0. 1. 0. .01.01.010. .01.1 0. 0. 0. 0. 0. 0. .1 .1 0. 0. 0. 0. 0. 0.
0I30. 0. 0. 0. 0. 0. 0. 0. 0. 0. 0. 0. 0. 0. 0. 0. 0. 0. 0. 0. 0. 0. 0. 0. 0.
0I40. .1 0. 0. 0. 0. 0. 0. 0. 0. 0. 0. 0. 0. 0. 0. 0. 0. 0. 0. 0. 0. 0. 0. 0.
0I558.0. 0. 0. 0. 0. 0. 0.
2A14. 0. 0. .5 0. 0. 0. 1. 17.12.1. .011. 0. .1 0. 0. 0. 0. 0. 0. 0. 0. 0. 0.
2A20. 0. 0. 1. 0. .01.010. 1. 0. 0. 0. 0. 0. .1 .1 0. 0. 0. 0. .1 0. 0. 0. 0.
2A30. 0. 0. 0. 0. 0. 0. 0. 0. 0. 0. 0. 0. 0. 0. 0. 0. 0. 0. 0. 0. 0. 0. 0. 0.
2A40. .01.5 0. 0. 0. 0. 0. 0. 0. 0. 0. 0. 0. 0. 0. 0. 0. 0. 0. 0. 0. 0. 0. 0.
2A558.0. 0. 0. 0. 0. 0. 0.
2C18. 0. 0. .5 0. 0. 0. 1. 15.15.2. 0. .1 0. 0. 0. 0. 0. 0. 0. 0. 0. 0. 0. 0.
2C20. 0. 0. 1. 0. .1 .01.1 .5 0. 0. 0. 0. .01.1 .010. 0. .010. .1 0. .1 0. 0.
2C30. 0. 0. 0. 0. 0. 0. 0. 0. 0. 0. 0. 0. 0. 0. 0. 0. 0. 0. 0. 0. 0. 0. 0. 0.
2C40. .01.5 0. 0. 0. 0. 0. 0. 0. 0. 0. 0. 0. 0. 0. 0. 0. 0. 0. 0. 0. 0. 0. 0.
2C557.0. 0. 0. 0. 0. 0. 0.
2E13. 0. 0. .1 0. 0. 0. 2. 10.5. 0. .1 1. 0. 0. 0. 0. 0. 0. 0. 0. 0. 0. 0. 0.
2E20. 0. 0. 2. 0. .1 .1 .1 0. .01.1 0. 0. .01.5 .1 0. 0. .1 0. .1 0. 0. 0. .01
2E30. 0. 0. 0. 0. 0. 0. 0. 0. 0. 0. 0. 0. 0. 0. 0. 0. 0. 0. 0. 0. 0. 0. 0. 0.
2E40. .1 .1 0. 0. 0. 0. 0. 0. 0. 0. 0. 0. 0. 0. 0. 0. .1 0. 0. 0. 0. 0. 0. 0.
2E557.0. 0. 0. 0. 0. 0. 0.
2G115.0. 0. 0. 0. 0. 0. 3. 3. 17.0. 0. .5 0. .010. 0. 0. 2. 0. 0. 0. 0. 0. 0.
2G20. 0. 0. 2. 0. .1 0. .011. .010. 0. 0. .1 0. 0. 0. 0. .1 0. 0. 0. 1. 0. 0.
2G30. 0. 0. 0. 0. 0. 0. 0. 0. 0. 0. 0. 0. 0. 0. 0. 0. 0. 0. 0. 0. 0. 0. 0. 0.
2G40. .01.5 0. .010. 0. 0. .010. 0. 0. 0. 0. 0. 0. 0. 0. 0. 0. 0. 0. 0. 0. 0.
2G558.0. 0. 0. 0. 0. 0. 0.
2I18. 0. 0. 0. 0. 0. 0. 3. 10.20.0. .1 .5 0. .5 0. 0. 0. 2. 0. 0. 0. 0. 0. 0.
2I20. 0. 0. 1. 0. .010. .010. .01.010. 0. .010. 0. 0. 0. 0. 0. 0. 0. 1. 0. 0.
2I30. 0. 0. 0. 0. 0. 0. 0. 0. 0. 0. 0. 0. 0. 0. 0. 0. 0. 0. 0. 0. 0. 0. 0. 0.
2I40. .1 .1 0. 0. 0. 0. 0. 0. 0. 0. 0. 0. 0. 0. 0. 0. 0. 0. 0. 0. 0. 0. 0. 0.
2I558.0. 0. 0. 0. 0. 0. 0.
4A13. 0. 0. 1. 0. 0. 0. 2. 5. 25.1. 0. 1. 0. .1 0. 0. 0. 0. 0. 0. 0. 0. 0. 0.
4A20. 0. 0. 1. 0. .1 .010. 3. .010. 0. 0. .010. .1 0. 0. .1 0. 0. 0. 0. 0. 0.
4A30. 0. 0. 0. 0. 0. 0. 0. 0. 0. 0. 0. 0. 0. 0. 0. 0. 0. 0. 0. 0. 0. 0. 0. 0.
4A40. .01.5 0. 0. 0. 0. 0. 0. 0. 0. 0. 0. 0. 0. 0. 0. 0. 0. 0. 0. 0. 0. 0. 0.
4A558.0. 0. 0. 0. 0. 0. 0.
4C14. 0. 0. 0. 0. 0. 0. 1. 12.12.0. 0. .5 0. 0. 0. 0. 0. 5. 0. 0. 0. 0. 0. 0.
4C20. 0. 0. .5 0. .01.1 .1 .1 .010. 0. 0. .010. .010. .01.010. 0. 0. 1. 0. .01
4C30. 0. 0. 0. 0. 0. 0. 0. 0. 0. 0. 0. 0. 0. 0. 0. 0. 0. 0. 0. 0. 0. 0. 0. 0.
4C40. .1 .010. .010. 0. 0. 0. 0. 0. 0. 0. 0. 0. 0. 0. 0. 0. 0. 0. 0. 0. 0. 0.
4C558.0. 0. 0. 0. 0. 0. 0.
4E110.0. 0. 0. 0. 0. 0. 3. 5. 15.0. .5 .1 0. 0. 0. 0. 0. 1. 0. 0. 0. 0. 0. 0.
4E20. 0. 0. 1. 0. .010. .01.5 0. .01.1 0. .010. .1 0. .01.01.010. 0. .1 0. 0.
4E30. 0. 0. 0. 0. 0. 0. 0. 0. 0. 0. 0. 0. 0. 0. 0. 0. 0. 0. 0. 0. 0. 0. 0. 0.
4E40. .1 .1 0. 0. .1 0. 0. 0. 0. 0. 0. 0. 0. 0. 0. 0. 0. 0. 0. 0. 0. 0. 0. 0.
4E556.0. 0. 0. 0. 0. 0. 0.
4G13. 0. 0. 0. 0. 0. 0. 10.3. 15.0. 0. .1 0. 0. 0. 0. 0. 5. 0. 0. 0. 0. 0. 0.
4G20. 0. 0. .5 0. .01.01.01.1 0. .1 0. 0. .010. .010. 0. .010. 0. 0. 2. 0. 0.
4G30. 0. 0. 0. 0. 0. 0. 0. 0. 0. 0. 0. 0. 0. 0. 0. 0. 0. 0. 0. 0. 0. 0. 0. 0.
4G40. .1 .1 0. 0. 0. 0. 0. 0. 0. 0. 0. 0. 0. 0. 0. 0. 0. 0. 0. 0. 0. 0. 0. 0.
4G557.0. 0. 0. 0. 0. 0. 0.
4I110.0. 0. 0. 0. 0. 0. .1 12.15.0. .5 0. 0. 0. 0. 0. 0. 0. 0. 0. 0. 0. 0. 0.
4I20. 0. 0. 1. 0. .1 0. .010. 0. .1 0. 0. .1 0. 0. 0. 0. .1 0. 0. 0. .5 0. 0.
4I30. 0. 0. 0. 0. 0. 0. 0. 0. 0. 0. 0. 0. 0. 0. 0. 0. 0. 0. 0. 0. 0. 0. 0. 0.
4I40. .1 0. .010. 0. 0. 0. 0. 0. 0. 0. 0. 0. 0. 0. 0. 0. 0. 0. 0. 0. 0. 0. 0.
4I556.0. 0. 0. 0. 0. 0. 0.
6A110..5 0. 0. 0. 0. 0. 2. 12.15..5 0. .5 0. .1 0. 0. 0. 0. 0. 0. 0. 0. 0. 0.
6A20. 0. 0. 1. 0. 0. .010. .1 .1 .010. 0. .010. .010. 0. .010. 0. 0. 0. 0. 0.
6A30. 0. 0. 0. 0. 0. 0. 0. 0. 0. 0. 0. 0. 0. 0. 0. 0. 0. 0. 0. 0. 0. 0. 0. 0.
6A40. .01.010. 0. 0. 0. 0. 0. 0. 0. 0. 0. 0. 0. 0. 0. 0. 0. 0. 0. 0. 0. 0. 0.
6A557.0. 0. 0. 0. 0. 0. 0.
6C112.0. 0. 0. 0. 0. 0. 2. 3. 5. 0. 0. .1 0. 0. 0. 0. 0. 1. 0. 0. 0. 0. 0. .1
6C20. 0. 0. .5 0. .010. 0. .1 .01.010. 0. .010. 0. 0. 0. 0. 0. 0. 0. .5 0. 0.
6C30. 0. 0. 0. 0. 0. 0. 0. 0. 0. 0. 0. 0. 0. 0. 0. 0. 0. 0. 0. 0. 0. 0. 0. 0.
6C40. .01.010. 0. 0. 0. 0. 0. 0. 0. 0. 0. 0. 0. 0. 0. 0. 0. 0. 0. 0. 0. 0. 0.
6C556.0. 0. 0. 0. 0. 0. 0.
6E13. 0. 0. 0. 0. 0. 0. 3. 1. 6. 0. 0. 0. 0. 0. 0. 0. 0. 1. 0. 0. 0. 0. 0. 0.
6E20. 0. 0. .1 0. .01.1 0. .1 .01.1 .010. .010. .5 0. 0. 0. 0. 0. 0. .1 0. 0.
6E30. 0. 0. 0. 0. 0. 0. 0. 0. 0. 0. 0. 0. 0. 0. 0. 0. 0. 0. 0. 0. 0. 0. 0. 0.
6E40. .1 .010. 0. 0. 0. 0. 0. 0. 0. 0. 0. 0. 0. 0. 0. 0. 0. 0. 0. 0. 0. 0. 0.
6E557.0. 0. 0. 0. 0. 0. 0.
6G1.1 0. 0. 0. 0. 0. 0. 2. 2. 6. 0. .01.5 0. 0. 0. 0. 0. 0. 0. 0. 0. 0. 0. 0.
6G20. 0. 0. .1 0. .01.1 .01.1 .01.01.010. .010. 0. 0. 0. .010. 0. 0. 0. 0. 0.
6G30. 0. 0. 0. 0. 0. 0. 0. 0. 0. 0. 0. 0. 0. 0. 0. 0. 0. 0. 0. 0. 0. 0. 0. 0.
6G40. .1 .1 0. .010. 0. 0. 0. 0. 0. 0. 0. 0. 0. 0. 0. 0. 0. 0. 0. 0. 0. 0. 0.
6G558.0. 0. 0. 0. 0. 0. 0.
6I16. 0. 0. 0. 0. 0. 0. 2. .5 25.0. .01.1 0. 0. 0. 0. 0. 2. 0. 0. 0. 0. 0. 0.
6I20. 0. 0. 0. 0. 0. 0. .010. .01.1 0. 0. .010. 0. 0. 0. 0. 0. 0. 0. 0. 0. 0.
6I30. 0. 0. 0. 0. 0. 0. 0. 0. 0. 0. 0. 0. 0. 0. 0. 0. 0. 0. 0. 0. 0. 0. 0. 0.
6I40. .010. 0. .010. 0. 0. 0. 0. 0. 0. 0. 0. 0. 0. 0. 0. 0. 0. 0. 0. 0. 0. 0.
6I559.0. 0. 0. 0. 0. 0. 0.
8A14. 0. 0. 0. 0. 0. 0. 3. 1. 6. 0. 0. 1. 0. 0. 0. 0. 0. 0. 0. 0. 0. 0. 0. 0.
8A20. 0. 0. .5 0. .1 0. 0. 0. .01.1 0. 0. 0. 0. .1 0. 0. .010. 0. 0. 0. 0. 0.
8A30. 0. 0. 0. 0. 0. 0. 0. 0. 0. 0. 0. 0. 0. 0. 0. 0. 0. 0. 0. 0. 0. 0. 0. 0.
8A40. .1 .010. .010. 0. 0. 0. 0. 0. 0. 0. 0. 0. 0. 0. 0. 0. 0. 0. 0. 0. 0. 0.
8A558.0. 0. 0. 0. 0. 0. 0.
8C12. 0. 0. 0. 0. 0. 0. 3. 3. 15.0. 0. .1 0. 0. 0. 0. 0. .1 0. 0. 0. 0. 0. 0.
8C20. 0. 0. .1 0. 0. 0. 0. 0. .010. 0. 0. .010. 0. 0. 0. 0. 0. 0. 0. 0. 0. 0.
8C30. 0. 0. 0. 0. 0. 0. 0. 0. 0. 0. 0. 0. 0. 0. 0. 0. 0. 0. 0. 0. 0. 0. 0. 0.
8C40. .010. 0. .010. 0. 0. 0. 0. 0. 0. 0. 0. 0. 0. 0. 0. 0. 0. 0. 0. 0. 0. 0.
8C553.0. 0. 0. 0. 0. 0. 0.
8E13. 0. 0. 0. 0. 0. 0. .5 2. 3. 0. 0. 0. 0. 0. 0. 0. 0. 0. 0. 0. 0. 0. 0. 0.
8E20. 0. 0. .1 0. 0. 0. .010. .010. 0. 0. .010. .1 0. 0. 0. 0. 0. 0. 0. 0. 0.
8E30. 0. 0. 0. 0. 0. 0. 0. 0. 0. 0. 0. 0. 0. 0. 0. 0. 0. 0. 0. 0. 0. 0. 0. 0.
8E40. .010. 0. .010. 0. 0. 0. 0. 0. 0. 0. 0. 0. 0. 0. 0. 0. 0. 0. 0. 0. 0. 0.
8E552.0. 0. 0. 0. 0. 0. 0.
8G11. 0. 0. 0. 0. 0. 0. 1. 3. 25.0. .5 0. 0. 0. 0. 0. 0. 6. 0. 0. 0. 0. 0. 0.
8G20. 0. 0. .1 0. 0. 0. .010. 0. 0. 0. 0. .010. 0. .010. 0. 0. 0. 0. .5 0. 0.
8G30. 0. 0. 0. 0. 0. 0. 0. 0. 0. 0. 0. 0. 0. 0. 0. 0. 0. 0. 0. 0. 0. 0. 0. 0.
8G40. .1 .1 0. .1 0. 0. 0. 0. 0. 0. 0. 0. 0. 0. 0. 0. 0. 0. 0. 0. 0. 0. 0. 0.
8G553.0. 0. 0. 0. 0. 0. 0.
8I16. 0. 0. 1. 0. 0. 0. 3. 5. 20..5 .5 .5 0. 0. 0. 0. 0. 2. 0. 0. 0. 0. 0. 0.
8I20. 0. 0. .5 0. 0. 0. .01.5 0. .1 0. 0. .010. 0. .1 .1 0. .1 0. 0. 1. 0. 0.
8I30. 0. 0. 0. 0. 0. 0. 0. 0. 0. 0. 0. 0. 0. 0. 0. 0. 0. 0. 0. 0. 0. 0. 0. 0.
8I40. .01.5 0. .010. 0. 0. 0. 0. 0. 0. 0. 0. 0. 0. 0. 0. 0. 0. 0. 0. 0. 0. 0.
8I553.0. 0. 0. 0. 0. 0. 0.
0A15. 0. 0. .1 0. 0. 0. 3. 5. 12.1. 0. 1. 0. .5 0. 0. 0. 3. 0. 0. 0. 0. 0. 0.
0A20. 0. 0. 0. 0. .01.010. 1. .010. 0. 0. 0. 0. 0. 0. 0. 0. 0. .010. 0. .5 0.
0A30. 0. 0. 0. 0. 0. 0. 0. 0. 0. 0. 0. 0. 0. 0. 0. 0. 0. 0. 0. 0. 0. 0. 0. 0.
0A40. 0. 1. 0. .010. 0. 0. .010. 0. 0. 0. 0. 0. 0. 0. 0. 0. 0. 0. 0. 0. 0. 0.
0A541.0. 0. 0. 0. 0. 0. 0.
0C13. 0. 0. .1 0. 0. 0. 1. 5. 20..5 0. 2. 0. 0. 0. 0. 0. 0. 0. 0. 0. 0. 0. 0.
0C20. 0. 0. 0. 0. .010. 0. .1 0. 0. 0. 0. .010. 0. 0. 0. 0. 0. 0. 0. 0. .1 0.
0C30. 0. 0. 0. 0. 0. 0. 0. 0. 0. 0. 0. 0. 0. 0. 0. 0. 0. 0. 0. 0. 0. 0. 0. 0.
0C40. .01.5 0. 0. 0. 0. 0. 0. 0. 0. 0. 0. 0. 0. 0. 0. 2. 0. 0. 0. 0. 0. 0. 0.
0C541.0. 0. 0. 0. 0. 0. 0.
0E13. 0. 0. 0. 0. 0. 0. 2. 3. 17..1 0. .5 0. .1 0. 0. 0. 2. 0. 0. 0. 0. 0. 0.
0E20. 0. 0. 0. 0. .01.010. 1. .010. 0. 0. .010. .1 0. 0. .010. 0. 0. 0. 0. 0.
0E30. 0. 0. 0. 0. 0. 0. 0. 0. 0. 0. 0. 0. 0. 0. 0. 0. 0. 0. 0. 0. 0. 0. 0. 0.
0E40. .01.1 0. 0. 0. 0. 0. 0. 0. 0. 0. 0. 0. 0. 0. 0. 1. 0. 0. 0. 0. 0. 0. 0.
0E542.0. 0. 0. 0. 0. 0. 0.
0G15. .1 0. 0. 0. 0. 0. 2. 10.10.0. 0. 0. 0. 0. 0. 0. 0. 2. 0. 0. 0. 0. 0. 0.
0G20. 0. 0. 0. 0. 0. .010. .5 .010. 0. 0. 0. 0. 0. 0. 0. 0. 0. 0. 0. 0. 0. 0.
0G30. 0. 0. 0. 0. 0. 0. 0. 0. 0. 0. 0. 0. 0. 0. 0. 0. 0. 0. 0. 0. 0. 0. 0. 0.
0G40. .01.1 0. 0. 0. 0. 0. .1 0. 0. 0. 0. 0. 0. 0. 0. 0. 0. 0. 0. 0. 0. 0. 0.
0G543.0. 0. 0. 0. 0. 0. 0.
0I110.0. 0. 0. 0. 0. 0. .5 8. 12.0. .010. 0. 0. 0. 0. 0. 0. 0. 0. 0. 0. 0. 0.
0I20. 0. 0. 0. 0. .01.010. .1 .01.1 0. 0. 0. 0. 0. 0. .1 .010. 0. 0. 0. 0. 0.
0I30. 0. 0. 0. 0. 0. 0. 0. 0. 0. 0. 0. 0. 0. 0. 0. 0. 0. 0. 0. 0. 0. 0. 0. 0.
0I40. .1 0. 0. 0. 0. 0. 0. 0. 0. 0. 0. 0. 0. 0. 0. 0. 0. 0. 0. 0. 0. 0. 0. 0.
0I545.0. 0. 0. 0. 0. 0. 0.
2A14. 0. 0. .5 0. 0. 0. .5 20.15..1 0. 1. 0. .1 0. 0. 0. 0. 0. 0. 0. 0. 0. 0.
2A20. 0. 0. 0. 0. .01.010. 1. 0. 0. 0. 0. 0. .1 .1 0. 0. 0. 0. .1 0. 0. 0. 0.
2A30. 0. 0. 0. 0. 0. 0. 0. 0. 0. 0. 0. 0. 0. 0. 0. 0. 0. 0. 0. 0. 0. 0. 0. 0.
2A40. .01.5 0. 0. 0. 0. 0. 0. 0. 0. 0. 0. 0. 0. 0. 0. 0. 0. 0. 0. 0. 0. 0. 0.
2A544.0. 0. 0. 0. 0. 0. 0.
2C110.0. 0. .1 0. 0. 0. .5 20.15..5 0. .5 0. .010. 0. 0. 0. 0. 0. 0. 0. 0. 0.
2C20. 0. 0. 0. 0. .01.010. .1 0. 0. 0. 0. 0. .1 .1 0. .01.010. 0. 0. 0. 0. 0.
2C30. 0. 0. 0. 0. 0. 0. 0. 0. 0. 0. 0. 0. 0. 0. 0. 0. 0. 0. 0. 0. 0. 0. 0. 0.
2C40. .01.5 0. 0. 0. 0. 0. 0. 0. 0. 0. 0. 0. 0. 0. 0. 0. 0. 0. 0. 0. 0. 0. 0.
2C544.0. 0. 0. 0. 0. 0. 0.
2E15. 0. 0. .1 0. 0. 0. .5 12.12..1 0. .1 0. 0. 0. 0. 0. 0. 0. 0. 0. 0. 0. 0.
2E20. 0. 0. 0. 0. .01.010. 0. .01.1 0. 0. 0. .5 .1 0. 0. .1 0. .010. 0. 0. 0.
2E30. 0. 0. 0. 0. 0. 0. 0. 0. 0. 0. 0. 0. 0. 0. 0. 0. 0. 0. 0. 0. 0. 0. 0. 0.
2E40. .1 .1 0. 0. 0. 0. 0. 0. 0. 0. 0. 0. 0. 0. 0. 0. .1 0. 0. 0. 0. 0. 0. 0.
2E544.0. 0. 0. 0. 0. 0. 0.
2G117.0. 0. 0. 0. 0. 0. 2. 2. 20.0. .1 0. 0. 0. 0. 0. 0. 1. 0. 0. 0. 0. 0. 0.
2G20. 0. 0. 0. 0. 0. 0. 0. 1. .010. 0. 0. .010. .010. 0. .010. 0. 0. 0. 0. 0.
2G30. 0. 0. 0. 0. 0. 0. 0. 0. 0. 0. 0. 0. 0. 0. 0. 0. 0. 0. 0. 0. 0. 0. 0. 0.
2G40. .01.1 0. .010. 0. 0. 0. 0. 0. 0. 0. 0. 0. 0. 0. 0. 0. 0. 0. 0. 0. 0. 0.
2G543.0. 0. 0. 0. 0. 0. 0.
2I18. 0. 0. 0. 0. 0. 0. 1. 15.20.0. .1 .1 0. .1 0. 0. 0. 2. 0. 0. 0. 0. 0. 0.
2I20. 0. 0. 0. 0. .010. 0. 0. 0. .01.1 0. .010. .010. 0. 0. 0. 0. 0. 0. 0. 0.
2I30. 0. 0. 0. 0. 0. 0. 0. 0. 0. 0. 0. 0. 0. 0. 0. 0. 0. 0. 0. 0. 0. 0. 0. 0.
2I40. .1 .1 0. 0. 0. 0. 0. 0. 0. 0. 0. 0. 0. 0. 0. 0. 0. 0. 0. 0. 0. 0. 0. 0.
2I543.0. 0. 0. 0. 0. 0. 0.
4A15. 0. 0. 1. 0. 0. 0. 1. 10.25..1 0. .5 0. .1 0. 0. 0. 0. 0. 0. 0. 0. 0. 0.
4A20. 0. 0. 0. 0. .01.010. 1. .01.010. 0. .010. .1 0. 0. .010. 0. 0. 0. 0. 0.
4A30. 0. 0. 0. 0. 0. 0. 0. 0. 0. 0. 0. 0. 0. 0. 0. 0. 0. 0. 0. 0. 0. 0. 0. 0.
4A40. .01.1 0. 0. 0. 0. 0. 0. 0. 0. 0. 0. 0. 0. 0. 0. 0. 0. 0. 0. 0. 0. 0. 0.
4A544.0. 0. 0. 0. 0. 0. 0.
4C14. 0. 0. 0. 0. 0. 0. 2. 5. 15.0. 0. 0. 0. 0. 0. 0. 0. 3. 0. 0. 0. 0. 0. 0.
4C20. 0. 0. 0. 0. .01.010. .1 0. .010. 0. .010. .010. .01.010. 0. 0. 0. 0. 0.
4C30. 0. 0. 0. 0. 0. 0. 0. 0. 0. 0. 0. 0. 0. 0. 0. 0. 0. 0. 0. 0. 0. 0. 0. 0.
4C40. .01.010. .010. 0. 0. 0. 0. 0. 0. 0. 0. 0. 0. 0. 0. 0. 0. 0. 0. 0. 0. 0.
4C544.0. 0. 0. 0. 0. 0. 0.
4E112.0. 0. 0. 0. 0. 0. 3. 2. 20.0. .1 0. 0. 0. 0. 0. 0. 1. 0. 0. 0. 0. 0. 0.
4E20. 0. 0. 0. 0. .01.010. .5 0. 0. .1 0. 0. 0. .1 0. .010. 0. 0. 0. 0. 0. 0.
4E30. 0. 0. 0. 0. 0. 0. 0. 0. 0. 0. 0. 0. 0. 0. 0. 0. 0. 0. 0. 0. 0. 0. 0. 0.
4E40. .1 .1 0. 0. .1 0. 0. 0. 0. 0. 0. 0. 0. 0. 0. 0. 0. 0. 0. 0. 0. 0. 0. 0.
4E543.0. 0. 0. 0. 0. 0. 0.
4G13. 0. 0. 0. 0. 0. 0. 10.7. 20.0. 0. .010. 0. 0. 0. 0. 3. 0. 0. 0. 0. 0. 0.
4G20. 0. 0. 0. 0. .01.010. .5 0. .1 0. 0. 0. 0. .010. 0. .010. 0. 0. 0. 0. 0.
4G30. 0. 0. 0. 0. 0. 0. 0. 0. 0. 0. 0. 0. 0. 0. 0. 0. 0. 0. 0. 0. 0. 0. 0. 0.
4G40. .1 .1 0. 0. 0. 0. 0. 0. 0. 0. 0. 0. 0. 0. 0. 0. 0. 0. 0. 0. 0. 0. 0. 0.
4G543.0. 0. 0. 0. 0. 0. 0.
4I110.0. 0. 0. 0. 0. 0. .1 10.20..01.1 0. 0. 0. 0. 0. 0. 0. 0. 0. 0. 0. 0. 0.
4I20. 0. 0. 0. 0. 0. 0. 0. 0. 0. .5 0. 0. .010. 0. 0. 0. .1 0. 0. 0. 0. 0. 0.
4I30. 0. 0. 0. 0. 0. 0. 0. 0. 0. 0. 0. 0. 0. 0. 0. 0. 0. 0. 0. 0. 0. 0. 0. 0.
4I40. .1 0. 0. 0. 0. 0. 0. 0. 0. 0. 0. 0. 0. 0. 0. 0. 0. 0. 0. 0. 0. 0. 0. 0.
4I544.0. 0. 0. 0. 0. 0. 0.
6A110.0. 0. 0. 0. 0. 0. .5 5. 30..1 0. 0. 0. .1 0. 0. 0. 0. 0. 0. 0. 0. 0. 0.
6A20. 0. 0. 0. 0. 0. .010. .1 .01.01.010. 0. 0. .1 0. 0. .010. 0. 0. 0. 0. 0.
6A30. 0. 0. 0. 0. 0. 0. 0. 0. 0. 0. 0. 0. 0. 0. 0. 0. 0. 0. 0. 0. 0. 0. 0. 0.
6A40. .01.010. 0. 0. 0. 0. 0. 0. 0. 0. 0. 0. 0. 0. 0. 0. 0. 0. 0. 0. 0. 0. 0.
6A544.0. 0. 0. 0. 0. 0. 0.
6C117.0. 0. 0. 0. 0. 0. 2. 4. 9. 0. 0. .010. 0. 0. 0. 0. 1. 0. 0. 0. 0. 0. .1
6C20. 0. 0. 0. 0. 0. 0. 0. .01.010. 0. 0. .010. 0. 0. 0. .010. 0. 0. 0. 0. 0.
6C30. 0. 0. 0. 0. 0. 0. 0. 0. 0. 0. 0. 0. 0. 0. 0. 0. 0. 0. 0. 0. 0. 0. 0. 0.
6C40. .01.010. 0. 0. 0. 0. 0. 0. 0. 0. 0. 0. 0. 0. 0. 0. 0. 0. 0. 0. 0. 0. 0.
6C544.0. 0. 0. 0. 0. 0. 0.
6E14. 0. 0. 0. 0. 0. 0. 3. 1. 8. 0. 0. 0. 0. 0. 0. 0. 0. 2. 0. 0. 0. 0. 0. 0.
6E20. 0. 0. 0. 0. 0. .1 0. .5 .01.1 .010. .010. .010. 0. .010. 0. 0. 0. 0. 0.
6E30. 0. 0. 0. 0. 0. 0. 0. 0. 0. 0. 0. 0. 0. 0. 0. 0. 0. 0. 0. 0. 0. 0. 0. 0.
6E40. .1 .010. 0. 0. 0. 0. 0. 0. 0. 0. 0. 0. 0. 0. 0. 0. 0. 0. 0. 0. 0. 0. 0.
6E544.0. 0. 0. 0. 0. 0. 0.
6G1.5 0. 0. 0. 0. 0. 0. 1. 1. 10.0. 0. 0. 0. 0. 0. 0. 0. 0. 0. 0. 0. 0. 0. 0.
6G20. 0. 0. 0. 0. .010. 0. .1 .01.1 .1 0. 0. 0. 1. 0. 0. .010. 0. 0. 0. 0. 0.
6G30. 0. 0. 0. 0. 0. 0. 0. 0. 0. 0. 0. 0. 0. 0. 0. 0. 0. 0. 0. 0. 0. 0. 0. 0.
6G40. .1 .1 0. 0. 0. 0. 0. 0. 0. 0. 0. 0. 0. 0. 0. 0. 0. 0. 0. 0. 0. 0. 0. 0.
6G543.0. 0. 0. 0. 0. 0. 0.
6I16. 0. 0. 0. 0. 0. 0. 1. .5 25.0. 0. 0. 0. 0. 0. 0. 0. 2. 0. 0. 0. 0. 0. 0.
6I20. 0. 0. 0. 0. 0. 0. 0. 0. 0. .1 0. 0. .010. 0. 0. 0. 0. 0. 0. 0. 0. 0. 0.
6I30. 0. 0. 0. 0. 0. 0. 0. 0. 0. 0. 0. 0. 0. 0. 0. 0. 0. 0. 0. 0. 0. 0. 0. 0.
6I40. .010. 0. .010. 0. 0. 0. 0. 0. 0. 0. 0. 0. 0. 0. 0. 0. 0. 0. 0. 0. 0. 0.
6I544.0. 0. 0. 0. 0. 0. 0.
8A16. 0. 0. 0. 0. 0. 0. 2. 2. 15.0. 0. .010. 0. 0. 0. 0. 0. 0. 0. 0. 0. 0. 0.
8A20. 0. 0. 0. 0. 0. 0. .01.01.01.1 0. 0. 0. 0. .1 0. 0. .010. 0. 0. 0. 0. 0.
8A30. 0. 0. 0. 0. 0. 0. 0. 0. 0. 0. 0. 0. 0. 0. 0. 0. 0. 0. 0. 0. 0. 0. 0. 0.
8A40. .010. 0. .010. 0. 0. 0. 0. 0. 0. 0. 0. 0. 0. 0. 0. 0. 0. 0. 0. 0. 0. 0.
8A545.0. 0. 0. 0. 0. 0. 0.
8C13. 0. 0. 0. 0. 0. 0. 1. 1. 15.0. 0. 0. 0. 0. 0. 0. 0. 1. 0. 0. 0. 0. 0. 0.
8C20. 0. 0. 0. 0. 0. 0. 0. 0. .010. 0. 0. 0. 0. .010. 0. 0. 0. 0. 0. 0. 0. 0.
8C30. 0. 0. 0. 0. 0. 0. 0. 0. 0. 0. 0. 0. 0. 0. 0. 0. 0. 0. 0. 0. 0. 0. 0. 0.
8C40. .010. 0. 0. 0. 0. 0. 0. 0. 0. 0. 0. 0. 0. 0. 0. 0. 0. 0. 0. 0. 0. 0. 0.
8C544.0. 0. 0. 0. 0. 0. 0.
8E13. 0. 0. 0. 0. 0. 0. .5 2. 4. 0. 0. 0. 0. 0. 0. 0. 0. 0. 0. 0. 0. 0. 0. 0.
8E20. 0. 0. 0. 0. 0. 0. 0. 0. 0. 0. 0. 0. .010. .1 0. 0. 0. 0. 0. 0. 0. 0. 0.
8E30. 0. 0. 0. 0. 0. 0. 0. 0. 0. 0. 0. 0. 0. 0. 0. 0. 0. 0. 0. 0. 0. 0. 0. 0.
8E40. .010. 0. .010. 0. 0. 0. 0. 0. 0. 0. 0. 0. 0. 0. 0. 0. 0. 0. 0. 0. 0. 0.
8E544.0. 0. 0. 0. 0. 0. 0.
8G11. 0. 0. 0. 0. 0. 0. 1. 2. 25.0. 0. 0. 0. 0. 0. 0. 0. 5. 0. 0. 0. 0. 0. 0.
8G20. 0. 0. 0. 0. 0. 0. 0. 0. 0. 0. 0. 0. 0. 0. 0. .010. 0. 0. 0. 0. 0. 0. 0.
8G30. 0. 0. 0. 0. 0. 0. 0. 0. 0. 0. 0. 0. 0. 0. 0. 0. 0. 0. 0. 0. 0. 0. 0. 0.
8G40. .01.010. .010. 0. 0. 0. 0. 0. 0. 0. 0. 0. 0. 0. 0. 0. 0. 0. 0. 0. 0. 0.
8G546.0. 0. 0. 0. 0. 0. 0.
8I18. 0. 0. .5 0. 0. 0. 2. 12.20.0. 0. 0. 0. 0. 0. 0. 0. 2. 0. 0. 0. 0. 0. 0.
8I20. 0. 0. 0. 0. 0. 0. 0. 1. 0. 0. 0. 0. 0. 0. 0. 0. .010. .1 0. 0. 0. 0. 0.
8I30. 0. 0. 0. 0. 0. 0. 0. 0. 0. 0. 0. 0. 0. 0. 0. 0. 0. 0. 0. 0. 0. 0. 0. 0.
8I40. .1 .5 0. .01.1 0. 0. 0. 0. 0. 0. 0. 0. 0. 0. 0. 0. 0. 0. 0. 0. 0. 0. 0.
8I546.0. 0. 0. 0. 0. 0. 0.
0A14. 0. 0. .1 0. 0. 0. 1. 3. 20..1 0. .1 0. .010. 0. 0. 1. 0. 0. 0. 0. 0. 0.
0A20. 0. 0. 0. 0. 0. 0. 0. .5 0. 0. 0. 0. 0. 0. .010. 0. 0. 0. 0. 0. 0. .1 0.
0A30. 0. 0. 0. 0. 0. 0. 0. 0. 0. 0. 0. 0. 0. 0. 0. 0. 0. 0. 0. 0. 0. 0. 0. 0.
0A40. .01.1 0. .010. 0. 0. .010. 0. 0. 0. 0. 0. 0. 0. 0. 0. 0. 0. 0. 0. 0. 0.
0A539.0. 0. 0. 0. 0. 0. 0.
0C13. 0. 0. .1 0. 0. 0. .5 2. 25..010. .1 0. 0. 0. 0. 0. 0. 0. 0. 0. 0. 0. 0.
0C20. 0. 0. 0. 0. 0. 0. 0. .1 0. 0. .010. 0. 0. .010. 0. 0. 0. 0. 0. 0. 0. 0.
0C30. 0. 0. 0. 0. 0. 0. 0. 0. 0. 0. 0. 0. 0. 0. 0. 0. 0. 0. 0. 0. 0. 0. 0. 0.
0C40. .01.1 0. 0. 0. 0. 0. 0. 0. 0. 0. 0. 0. 0. 0. 0. 2. 0. 0. 0. 0. 0. 0. 0.
0C536.0. 0. 0. 0. 0. 0. 0.
0E14. 0. 0. 0. 0. 0. 0. .5 2. 25.0. 0. .1 0. 0. 0. 0. 0. 1. 0. 0. 0. 0. 0. 0.
0E20. 0. 0. 0. 0. .010. 0. .5 0. .010. 0. 0. 0. .010. 0. 0. 0. 0. 0. 0. 0. 0.
0E30. 0. 0. 0. 0. 0. 0. 0. 0. 0. 0. 0. 0. 0. 0. 0. 0. 0. 0. 0. 0. 0. 0. 0. 0.
0E40. .01.1 0. 0. 0. 0. 0. 0. 0. 0. 0. 0. 0. 0. 0. 0. 1. 0. 0. 0. 0. 0. 0. 0.
0E537.0. 0. 0. 0. 0. 0. 0.
0G17. .1 0. 0. 0. 0. 0. 2. 4. 17.0. 0. .010. 0. 0. 0. 0. 2. 0. 0. 0. 0. 0. 0.
0G20. 0. 0. 0. 0. .010. 0. .5 0. 0. 0. 0. 0. 0. 0. 0. 0. 0. 0. 0. 0. 0. 0. 0.
0G30. 0. 0. 0. 0. 0. 0. 0. 0. 0. 0. 0. 0. 0. 0. 0. 0. 0. 0. 0. 0. 0. 0. 0. 0.
0G40. .01.010. 0. 0. 0. 0. 0. 0. 0. 0. 0. 0. 0. 0. 0. 0. 0. 0. 0. 0. 0. 0. 0.
0G537.0. 0. 0. 0. 0. 0. 0.
0I112.0. 0. 0. 0. .010. .1 5. 17.0. .010. 0. 0. 0. 0. 0. 0. 0. 0. 0. 0. 0. 0.
0I20. 0. 0. 0. 0. 0. .010. 0. 0. .010. 0. 0. 0. 0. 0. .1 0. 0. 0. 0. 0. 0. 0.
0I30. 0. 0. 0. 0. 0. 0. 0. 0. 0. 0. 0. 0. 0. 0. 0. 0. 0. 0. 0. 0. 0. 0. 0. 0.
0I40. .010. 0. 0. 0. 0. 0. 0. 0. 0. 0. 0. 0. 0. 0. 0. 0. 0. 0. 0. 0. 0. 0. 0.
0I533.0. 0. 0. 0. 0. 0. 0.
2A18. 0. 0. .1 0. 0. 0. .5 20.25..1 0. .5 0. 0. 0. 0. 0. 0. 0. 0. 0. 0. 0. 0.
2A20. 0. 0. 0. 0. 0. .010. 2. 0. 0. 0. 0. 0. 0. .010. 0. 0. 0. 0. 0. 0. 0. 0.
2A30. 0. 0. 0. 0. 0. 0. 0. 0. 0. 0. 0. 0. 0. 0. 0. 0. 0. 0. 0. 0. 0. 0. 0. 0.
2A40. .01.1 0. 0. 0. 0. 0. 0. 0. 0. 0. 0. 0. 0. 0. 0. 0. 0. 0. 0. 0. 0. 0. 0.
2A538.0. 0. 0. 0. 0. 0. 0.
2C112.0. 0. .1 0. 0. 0. .5 17.23..1 0. .1 0. 0. 0. 0. 0. 0. 0. 0. 0. 0. 0. 0.
2C20. 0. 0. 0. 0. 0. 0. 0. .1 0. 0. 0. 0. .010. .1 0. 0. 0. 0. 0. 0. 0. 0. 0.
2C30. 0. 0. 0. 0. 0. 0. 0. 0. 0. 0. 0. 0. 0. 0. 0. 0. 0. 0. 0. 0. 0. 0. 0. 0.
2C40. .01.1 0. 0. 0. 0. 0. 0. 0. 0. 0. 0. 0. 0. 0. 0. 0. 0. 0. 0. 0. 0. 0. 0.
2C537.0. 0. 0. 0. 0. 0. 0.
2E17. 0. 0. 0. .010. 0. .5 12.20.0. 0. .1 0. 0. 0. 0. 0. 0. 0. 0. 0. 0. 0. 0.
2E20. 0. 0. 0. 0. 0. 0. 0. 0. 0. .010. 0. 0. .01.1 0. 0. 0. 0. 0. 0. 0. 0. 0.
2E30. 0. 0. 0. 0. 0. 0. 0. 0. 0. 0. 0. 0. 0. 0. 0. 0. 0. 0. 0. 0. 0. 0. 0. 0.
2E40. .01.010. 0. 0. 0. 0. 0. 0. 0. 0. 0. 0. 0. 0. 0. 0. 0. 0. 0. 0. 0. 0. 0.
2E538.0. 0. 0. 0. 0. 0. 0.
2G120.0. 0. 0. 0. 0. 0. 1. 1. 20.0. 0. .010. 0. 0. 0. 0. 1. 0. 0. 0. 0. 0. 0.
2G20. 0. 0. 0. 0. 0. 0. 0. 1. 0. 0. 0. 0. .010. 0. 0. 0. 0. 0. 0. 0. 0. 0. 0.
2G30. 0. 0. 0. 0. 0. 0. 0. 0. 0. 0. 0. 0. 0. 0. 0. 0. 0. 0. 0. 0. 0. 0. 0. 0.
2G40. .01.1 0. 0. 0. 0. 0. .010. 0. 0. 0. 0. 0. 0. 0. 0. 0. 0. 0. 0. 0. 0. 0.
2G535.0. 0. 0. 0. 0. 0. 0.
2I110.0. 0. 0. 0. 0. 0. .5 7. 30.0. 0. .010. .1 0. 0. 0. 1. 0. 0. 0. 0. 0. 0.
2I20. 0. 0. 0. 0. .010. 0. 0. 0. .010. 0. .010. 0. 0. 0. 0. 0. 0. 0. 0. 0. 0.
2I30. 0. 0. 0. 0. 0. 0. 0. 0. 0. 0. 0. 0. 0. 0. 0. 0. 0. 0. 0. 0. 0. 0. 0. 0.
2I40. .01.010. 0. 0. 0. 0. 0. 0. 0. 0. 0. 0. 0. 0. 0. 0. 0. 0. 0. 0. 0. 0. 0.
2I538.0. 0. 0. 0. 0. 0. 0.
4A18. 0. 0. .1 0. 0. 0. .5 10.40..1 0. .1 0. .010. 0. 0. 0. 0. 0. 0. 0. 0. 0.
4A20. 0. 0. 0. 0. 0. 0. 0. .5 .010. 0. 0. 0. 0. .010. 0. 0. 0. 0. 0. 0. 0. 0.
4A30. 0. 0. 0. 0. 0. 0. 0. 0. 0. 0. 0. 0. 0. 0. 0. 0. 0. 0. 0. 0. 0. 0. 0. 0.
4A40. .01.1 0. 0. 0. 0. 0. 0. 0. 0. 0. 0. 0. 0. 0. 0. 0. 0. 0. 0. 0. 0. 0. 0.
4A537.0. 0. 0. 0. 0. 0. 0.
4C18. 0. 0. 0. 0. 0. 0. 1. 10.15.0. 0. .010. 0. 0. 0. 0. 2. 0. 0. 0. 0. 0. 0.
4C20. 0. 0. 0. 0. 0. 0. 0. 0. .010. 0. 0. 0. 0. .010. .010. 0. 0. 0. 0. 0. 0.
4C30. 0. 0. 0. 0. 0. 0. 0. 0. 0. 0. 0. 0. 0. 0. 0. 0. 0. 0. 0. 0. 0. 0. 0. 0.
4C40. .01.010. 0. 0. 0. 0. 0. 0. 0. 0. 0. 0. 0. 0. 0. 0. 0. 0. 0. 0. 0. 0. 0.
4C537.0. 0. 0. 0. 0. 0. 0.
4E110.0. 0. 0. 0. 0. 0. 1. 2. 18.0. .1 .010. 0. 0. 0. 0. .5 0. 0. 0. 0. 0. 0.
4E20. 0. 0. 0. 0. 0. 0. 0. .1 0. .010. 0. 0. 0. .010. 0. 0. 0. 0. 0. 0. 0. 0.
4E30. 0. 0. 0. 0. 0. 0. 0. 0. 0. 0. 0. 0. 0. 0. 0. 0. 0. 0. 0. 0. 0. 0. 0. 0.
4E40. .01.010. 0. 0. 0. 0. 0. 0. 0. 0. 0. 0. 0. 0. 0. 0. 0. 0. 0. 0. 0. 0. 0.
4E537.0. 0. 0. 0. 0. 0. 0.
4G14. 0. 0. 0. 0. 0. 0. 6. 5. 25.0. 0. .010. 0. 0. 0. 0. 3. 0. 0. 0. 0. 0. 0.
4G20. 0. 0. 0. 0. .010. 0. .1 0. .010. 0. 0. 0. .010. .1 0. 0. 0. 0. 0. 0. 0.
4G30. 0. 0. 0. 0. 0. 0. 0. 0. 0. 0. 0. 0. 0. 0. 0. 0. 0. 0. 0. 0. 0. 0. 0. 0.
4G40. .01.1 0. 0. 0. 0. 0. 0. 0. 0. 0. 0. 0. 0. 0. 0. 0. 0. 0. 0. 0. 0. 0. 0.
4G536.0. 0. 0. 0. 0. 0. 0.
4I115.0. 0. 0. 0. 0. 0. .1 8. 20.0. .010. 0. 0. 0. 0. 0. 0. 0. 0. 0. 0. 0. 0.
4I20. 0. 0. 0. 0. .010. 0. 0. 0. .1 0. 0. .010. 0. 0. 0. .010. 0. 0. 0. 0. 0.
4I30. 0. 0. 0. 0. 0. 0. 0. 0. 0. 0. 0. 0. 0. 0. 0. 0. 0. 0. 0. 0. 0. 0. 0. 0.
4I40. .010. 0. 0. 0. 0. 0. 0. 0. 0. 0. 0. 0. 0. 0. 0. 0. 0. 0. 0. 0. 0. 0. 0.
4I536.0. 0. 0. 0. 0. 0. 0.
6A110..5 0. 0. 0. 0. 0. .5 4. 30..1 0. .010. 0. 0. 0. 0. 0. 0. 0. 0. 0. 0. 0.
6A20. 0. 0. 0. 0. 0. 0. 0. .01.01.010. 0. 0. 0. .010. .1 0. 0. 0. 0. 0. 0. 0.
6A30. 0. 0. 0. 0. 0. 0. 0. 0. 0. 0. 0. 0. 0. 0. 0. 0. 0. 0. 0. 0. 0. 0. 0. 0.
6A40. .01.010. 0. 0. 0. 0. 0. 0. 0. 0. 0. 0. 0. 0. 0. 0. 0. 0. 0. 0. 0. 0. 0.
6A538.0. 0. 0. 0. 0. 0. 0.
6C120.0. 0. 0. 0. 0. 0. .5 3. 10.0. 0. .010. 0. 0. 0. 0. .5 0. 0. 0. 0. 0. .01
6C20. 0. 0. 0. 0. 0. 0. 0. 0. 0. 0. 0. 0. .010. 0. 0. 0. 0. 0. 0. 0. 0. 0. 0.
6C30. 0. 0. 0. 0. 0. 0. 0. 0. 0. 0. 0. 0. 0. 0. 0. 0. 0. 0. 0. 0. 0. 0. 0. 0.
6C40. .010. 0. 0. 0. 0. 0. 0. 0. 0. 0. 0. 0. 0. 0. 0. 0. 0. 0. 0. 0. 0. 0. 0.
6C536.0. 0. 0. 0. 0. 0. 0.
6E15. 0. 0. 0. 0. 0. 0. .5 1. 10.0. 0. 0. 0. 0. 0. 0. 0. 1. 0. 0. 0. 0. 0. 0.
6E20. 0. 0. 0. 0. 0. .010. .1 0. .1 0. 0. 0. 0. .1 0. 0. 0. 0. 0. 0. 0. 0. 0.
6E30. 0. 0. 0. 0. 0. 0. 0. 0. 0. 0. 0. 0. 0. 0. 0. 0. 0. 0. 0. 0. 0. 0. 0. 0.
6E40. .01.010. 0. 0. 0. 0. 0. 0. 0. 0. 0. 0. 0. 0. 0. 0. 0. 0. 0. 0. 0. 0. 0.
6E536.0. 0. 0. 0. 0. 0. 0.
6G1.5 0. 0. 0. 0. 0. 0. .5 2. 8. 0. 0. .010. 0. 0. 0. 0. 0. 0. 0. 0. 0. 0. 0.
6G20. 0. 0. 0. 0. 0. 0. 0. 0. 0. .1 0. 0. 0. 0. .1 0. 0. 0. 0. 0. 0. 0. 0. 0.
6G30. 0. 0. 0. 0. 0. 0. 0. 0. 0. 0. 0. 0. 0. 0. 0. 0. 0. 0. 0. 0. 0. 0. 0. 0.
6G40. .01.010. 0. 0. 0. 0. 0. 0. 0. 0. 0. 0. 0. 0. 0. 0. 0. 0. 0. 0. 0. 0. 0.
6G536.0. 0. 0. 0. 0. 0. 0.
6I15. 0. 0. 0. 0. 0. 0. .5 .1 25.0. 0. .010. 0. 0. 0. 0. 0. 0. 0. 0. 0. 0. 0.
6I20. 0. 0. 0. 0. 0. 0. 0. 0. 0. .010. 0. 0. 0. 0. 0. 0. 0. 0. 0. 0. 0. 0. 0.
6I30. 0. 0. 0. 0. 0. 0. 0. 0. 0. 0. 0. 0. 0. 0. 0. 0. 0. 0. 0. 0. 0. 0. 0. 0.
6I40. 0. 0. 0. 0. 0. 0. 0. 0. 0. 0. 0. 0. 0. 0. 0. 0. 0. 0. 0. 0. 0. 0. 0. 0.
6I536.0. 0. 0. 0. 0. 0. 0.
8A18. 0. 0. 0. 0. 0. 0. 1. 3. 20..1 0. .1 0. 0. 0. 0. 0. 0. 0. 0. 0. 0. 0. 0.
8A20. 0. 0. 0. 0. 0. 0. 0. .1 0. .1 0. 0. 0. 0. .1 0. 0. 0. 0. 0. 0. 0. 0. 0.
8A30. 0. 0. 0. 0. 0. 0. 0. 0. 0. 0. 0. 0. 0. 0. 0. 0. 0. 0. 0. 0. 0. 0. 0. 0.
8A40. .010. 0. 0. 0. 0. 0. 0. 0. 0. 0. 0. 0. 0. 0. 0. 0. 0. 0. 0. 0. 0. 0. 0.
8A538.0. 0. 0. 0. 0. 0. 0.
8C15. 0. 0. 0. 0. 0. 0. .5 4. 20.0. 0. 0. 0. 0. 0. 0. 0. .1 0. 0. 0. 0. 0. 0.
8C20. 0. 0. 0. 0. 0. 0. 0. 0. .010. 0. 0. 0. 0. .010. 0. 0. 0. 0. 0. 0. 0. 0.
8C30. 0. 0. 0. 0. 0. 0. 0. 0. 0. 0. 0. 0. 0. 0. 0. 0. 0. 0. 0. 0. 0. 0. 0. 0.
8C40. .010. 0. .010. 0. 0. 0. 0. 0. 0. 0. 0. 0. 0. 0. 0. 0. 0. 0. 0. 0. 0. 0.
8C538.0. 0. 0. 0. 0. 0. 0.
8E14. 0. 0. 0. 0. 0. 0. .1 1. 3. 0. 0. 0. 0. 0. 0. 0. 0. 0. 0. 0. 0. 0. 0. 0.
8E20. 0. 0. 0. 0. 0. 0. 0. 0. 0. 0. 0. 0. 0. 0. .1 0. 0. 0. 0. 0. 0. 0. 0. 0.
8E30. 0. 0. 0. 0. 0. 0. 0. 0. 0. 0. 0. 0. 0. 0. 0. 0. 0. 0. 0. 0. 0. 0. 0. 0.
8E40. .010. 0. 0. 0. 0. 0. 0. 0. 0. 0. 0. 0. 0. 0. 0. 0. 0. 0. 0. 0. 0. 0. 0.
8E537.0. 0. 0. 0. 0. 0. 0.
8G13. 0. 0. 0. 0. 0. 0. .1 2. 25.0. 0. 0. 0. 0. 0. 0. 0. 2. 0. 0. 0. 0. 0. 0.
8G20. 0. 0. 0. 0. 0. 0. 0. 0. 0. 0. 0. 0. 0. 0. 0. 0. 0. 0. 0. 0. 0. 0. 0. 0.
8G30. 0. 0. 0. 0. 0. 0. 0. 0. 0. 0. 0. 0. 0. 0. 0. 0. 0. 0. 0. 0. 0. 0. 0. 0.
8G40. .01.010. .010. 0. 0. 0. 0. 0. 0. 0. 0. 0. 0. 0. 0. 0. 0. 0. 0. 0. 0. 0.
8G536.0. 0. 0. 0. 0. 0. 0.
8I18. 0. 0. .5 0. 0. 0. 1. 12.15.0. 0. .010. 0. 0. 0. 0. 1. 0. 0. 0. 0. 0. 0.
8I20. 0. 0. 0. 0. 0. 0. 0. .5 0. 0. 0. 0. 0. 0. 0. 0. 0. 0. .1 0. 0. 0. 0. 0.
8I30. 0. 0. 0. 0. 0. 0. 0. 0. 0. 0. 0. 0. 0. 0. 0. 0. 0. 0. 0. 0. 0. 0. 0. 0.
8I40. .1 .1 0. 0. 0. 0. 0. 0. 0. 0. 0. 0. 0. 0. 0. 0. 0. 0. 0. 0. 0. 0. 0. 0.
8I537.0. 0. 0. 0. 0. 0. 0.
