0A1  5  0  0 .1  0  0  0 .5  5 10 .1.01 .1  0 .1  0  0  0  1  0  0  0  0  0  0
0A2  0  0  0  0  0  0.01  0  2  0  0  0  0.01  0  0  0  0  0.01  0  0.01  1  0
0A3  0  0  0  0  0  0  0  0  0  0  0  0  0  0  0  0  0  0  0  0  0  0  0  0  0
0A4  0.01 .1  0  0  0  0  0  0  0  0  0  0  0  0  0  0  0  0  0  0  0  0  0  0
0A5 41  0  0  0  0  0  0  0  0  0  0  0  0 
0C1  3  0  0  0  0  0  0 .1  7 12.01  0 .1  0  0  0  0  0  0  0  0  0  0  0  0
0C2  0  0  0  0  0  0  0  0 .1  0  0.01  0  0.01.01  0.01  0  0  0  0  0  0  0
0C3  0  0  0  0  0  0  0  0  0  0  0  0  0  0  0  0  0  0  0  0  0  0  0  0  0
0C4  0.01.01  0  0  0  0  0  0  0  0  0  0  0  0  0  0  2  0  0  0  0  0  0  0
0C5 43  0  0  0  0  0  0  0  0  0  0  0  0 
0E1  3  0  0  0  0  0  0 .1  4 17.01  0.01  0  0  0  0  0 .5  0  0  0  0  0  0
0E2  0  0  0.01  0  0  0  0  1  0  0  0  0  0  0 .1  0  0  0.01  0  0  0  0  0
0E3 .1  0  0  0  0  0  0  0  0  0  0  0  0  0  0  0  0  0  0  0  0  0  0  0  0
0E4  0.01.01  0  0  0  0  0  0  0  0  0  0  0  0  0  0  1  0  0  0  0  0  0  0
0E5 44  0  0  0  0  0  0  0  0  0  0  0  0 
0G1  4  0 .5  0  0  0  0 .5  7 10  0  0.01  0  0  0  0  0  1  0  0  0  0  0  0
0G2  0  0  0  0  0  0  0  0  1  0  0  0  0  0  0  0  0  0  0  0  0  0  0  0  0
0G3  0  0  0  0  0  0  0  0  0  0  0  0  0  0  0  0  0  0  0  0  0  0  0  0  0
0G4  0.01.01  0  0  0  0  0  0  0  0  0  0  0  0  0  0  0  0  0  0  0  0  0  0
0G5 41  0  0  0  0  0  0  0  0  0  0  0  0 
0I1  8  0  0  0  0  0  0 .1  7  8  0  0.01  0  0  0  0  0  0  0  0  0  0  0  0
0I2  0  0  0  0  0.01  0  0  0  0  0  0  0  0  0  0  0 .1  0  0  0  0  0  0  0
0I3 .1  0  0  0  0  0  0  0  0  0  0  0  0  0  0  0  0  0  0  0  0  0  0  0  0
0I4  0.01  0  0  0  0  0  0  0  0  0  0  0  0  0  0  0  0  0  0  0  0  0  0  0
0I5 44  0  0  0  0  0  0  0  0  0  0  0  0 
2I1  6  0  0  0  0  0  0 .5 13 17  0.01.01  0 .1  0  0  0  1  0  0  0  0  0  0
2I2  0  0  0  0  0  0  0  0  0  0  0  0  0  0  0  0  0.01  0  0  0  0  0  0  0
2I3 .1  0  0  0  0  0  0  0  0  0  0  0  0  0  0  0  0  0  0  0  0  0  0  0  0
2I4  0.01 .1  0  0  0  0  0  0  0  0  0  0  0  0  0  0  0  0  0  0  0  0  0  0
2I5 41  0  0  0  0  0  0  0  0  0  0  0  0 
2G1 15  0  0  0  0  0  0 .1  3 17  0  0  0  0  1  0  0  0  0  0  0  0  0  0  0
2G2  0  0  0  0  0  0  0  0  3  0  0  0  0  0  0 .1  0  0  0  0  0  0  0  0  0
2G3.01  0  0  0  0  0  0  0  0  0  0  0  0  0  0  0  0  0  0  0  0  0  0  0  0
2G4  0.01.01  0  0  0  0  0  0  0.01  0  0  0  0  0  0  0  0  0  0  0  0  0  0
2G5 44  0  0  0  0  0  0  0  0  0  0  0  0 
2E1  4  0  0  0  0  0  0 .5 10 10  0.01.01  0  0  0  0  0  0  0  0  0  0  0  0
2E2  0  0  0  0  0  0.01  0  0  0.01  0  0.01.01 .1  0  0  0  0  0  0  0  0  0
2E3  0  0  0  0  0  0  0  0  0  0  0  0  0  0  0  0  0  0  0  0  0  0  0  0  0
2E4  0.01.01  0  0  0  0  0  0  0  0  0  0  0  0  0  0  0  0  0  0  0  0  0  0
2E5 41  0  0  0  0  0  0  0  0  0  0  0  0 
2C1  8  0  0 .1  0  0  0 .1 17 17 .1  0.01  0  0  0  0  0  0  0  0  0  0  0  0
2C2  0  0  0  0  0  0  0  0 .1  0  0  0  0  0.01 .1  0 .1  0.01  0  0  0  0  0
2C3  0  0  0  0  0  0  0  0  0  0  0  0  0  0  0  0  0  0  0  0  0  0  0  0  0
2C4  0.01.01  0  0  0  0  0  0  0  0  0  0  0  0  0  0  0  0  0  0  0  0  0  0
2C5 41  0  0  0  0  0  0  0  0  0  0  0  0 
2A1  4  0  0 .1  0  0  0 .1 19 17.01  0 .1  0 .1  0  0  0  0  0  0  0  0  0  0
2A2  0  0  0  0  0  0  0  0 .5  0  0  0  0  0.01.01  0  0  0  0  0  0  0  0  0
2A3  0  0  0  0  0  0  0  0  0  0  0  0  0  0  0  0  0  0  0  0  0  0  0  0  0
2A4  0.01 .1  0  0  0  0  0  0  0  0  0  0  0  0  0  0  0  0  0  0  0  0  0  0
2A5 42  0  0  0  0  0  0  0  0  0  0  0  0 
4A1  4  0  0.01  0  0  0 .1 15 20 .1  0  0  0.01  0  0  0  0  0  0  0  0  0  0
4A2  0  0  0  0  0  0  0  0 .5  0  0  0  0  0  0 .1  0  0  0  0  0  0  0  0  0
4A3  0  0  0  0  0  0  0  0  0  0  0  0  0  0  0  0  0  0  0  0  0  0  0  0  0
4A4  0.01.01  0  0  0  0  0  0  0  0  0  0  0  0  0  0  0  0  0  0  0  0  0  0
4A5 45  0  0  0  0  0  0  0  0  0  0  0  0 
4C1  7  0  0  0  0  0  0 .5 12 15  0 .1.01  0  0  0  0  0  2  0  0  0  0  0  0
4C2  0  0  0  0  0  0.01  0  0  0.01  0  0  0  0  0  0  0  0  0  0  0  0  0  0
4C3.01  0  0  0  0  0  0  0  0  0  0  0  0  0  0  0  0  0  0  0  0  0  0  0  0
4C4  0.01.01  0  0  0  0  0  0  0  0  0  0  0  0  0  0  0  0  0  0  0  0  0  0
4C5 45  0  0  0  0  0  0  0  0  0  0  0  0 
4E1  8  0  0  0  0  0  0  1  7 13  0.01 .1  0  0  0  0  0 .5  0  0  0  0  0  0
4E2  0  0  0  0  0  0  0  0 .5  0.01 .1  0  0  0 .1  0.01  0.01  0  0  0  0  0
4E3  0  0  0  0  0  0  0  0  0  0  0  0  0  0  0  0  0  0  0  0  0  0  0  0  0
4E4  0.01.01  0  0 .1  0  0  0  0  0  0  0  0  0  0  0  0  0  0  0  0  0  0  0
4E5 44  0  0  0  0  0  0  0  0  0  0  0  0 
4G1  3  0  0  0  0  0  0  1  6 25  0  0.01  0  0  0  0  0  1  0  0  0  0  0  0
4G2  0  0  0  0  0  0  0  0 .1  0.01  0  0.01  0 .1  0 .1  0  0  0  0  0  0  0
4G3  0  0  0  0  0  0  0  0  0  0  0  0  0  0  0  0  0  0  0  0  0  0  0  0  0
4G4  0.01.01  0  0  0  0  0  0  0  0  0  0  0  0  0  0  0  0  0  0  0  0  0  0
4G5 44  0  0  0  0  0  0  0  0  0  0  0  0 
4I1  8  0  0  0  0  0  0.01 10 15  0.01  0  0  0  0  0  0  0  0  0  0  0  0  0
4I2  0  0  0  0  0  0  0  0  0  0.01  0  0.01  0  0  0  0  0  0  0  0  0  0  0
4I3.01  0  0  0  0  0  0  0  0  0  0  0  0  0  0  0  0  0  0  0  0  0  0  0  0
4I4  0.01  0  0  0  0  0  0  0  0  0  0  0  0  0  0  0  0  0  0  0  0  0  0  0
4I5 45  0  0  0  0  0  0  0  0  0  0  0  0 
6I1  4  0  0  0  0  0  0 .1  1 25  0  0.01  0  0  0  0  0  0  0  0  0  0  0  0
6I2  0  0  0  0  0  0  0  0  0  0  0  0  0.01  0  0  0  0  0  0  0  0  0  0  0
6I3  0  0  0  0  0  0  0  0  0  0  0  0  0  0  0  0  0  0  0  0  0  0  0  0  0
6I4  0.01.01  0  0  0  0  0  0  0  0  0  0  0  0  0  0  0  0  0  0  0  0  0  0
6I5 48  0  0  0  0  0  0  0  0  0  0  0  0 
6G1 .5  0  0  0  0  0  0 .5  2  7  0.01 .1  0  0  0  0  0  0  0  0  0  0  0  0
6G2  0  0  0  0  0.01  0  0 .1  0  0  0  0  0  0 .1  0  0  0  0  0  0  0  0  0
6G3  0  0  0  0  0  0  0  0  0  0  0  0  0  0  0  0  0  0  0  0  0  0  0  0  0
6G4  0.01  0  0.01  0  0  0  0  0  0  0  0  0  0  0  0  0  0  0  0  0  0  0  0
6G5 46  0  0  0  0  0  0  0  0  0  0  0  0 
6E1  4  0  0  0  0  0  0 .5  3  5  0  0  0  0  0  0  0  0 .5  0  0  0  0  0  0
6E2  0  0  0.01  0  0.01  0 .5  0 .1.01  0.01  0 .1  0  0  0  0  0  0  0  0  0
6E3.01  0  0  0  0  0  0  0  0  0  0  0  0  0  0  0  0  0  0  0  0  0  0  0  0
6E4  0.01.01  0  0  0  0  0  0  0  0  0  0  0  0  0  0  0  0  0  0  0  0  0  0
6E5 46  0  0  0  0  0  0  0  0  0  0  0  0 
6C1 17  0  0  0  0  0  0 .1  7  9  0  0.01  0  0  0  0  0 .5  0  0  0  0  0 .1
6C2  0  0  0  0  0  0  0  0  0  0  0  0  0.01  0.01  0  0  0  0  0  0  0  0  0
6C3.01  0  0  0  0  0  0  0  0  0  0  0  0  0  0  0  0  0  0  0  0  0  0  0  0
6C4  0.01  0  0  0  0  0  0  0  0  0  0  0  0  0  0  0  0  0  0  0  0  0  0  0
6C5 48  0  0  0  0  0  0  0  0  0  0  0  0 
6A1  8  0 .5  0  0  0  0  0 10 25 .1  0.01  0  0  0  0  0  0  0  0  0  0  0  0
6A2  0  0  0  0  0  0  0  0  0.01  0.01  0  0  0.01  0  0  0  0  0  0  0  0  0
6A3  0  0  0  0  0  0  0  0  0  0  0  0  0  0  0  0  0  0  0  0  0  0  0  0  0
6A4  0.01.01  0  0  0  0  0  0  0  0  0  0  0  0  0  0  0  0  0  0  0  0  0  0
6A5 45  0  0  0  0  0  0  0  0  0  0  0  0 
8A1  5  0  0  0  0  0  0 .5  3 15 .1  0.01  0  0  0  0  0  0  0  0  0  0  0  0
8A2  0  0  0  0  0  0  0  0  0  0  0  0  0  0  0 .1  0  0  0  0  0  0  0  0  0
8A3.01  0  0  0  0  0  0  0  0  0  0  0  0  0  0  0  0  0  0  0  0  0  0  0  0
8A4  0.01.01  0  0  0  0  0  0  0  0  0  0  0  0  0  0  0  0  0  0  0  0  0  0
8A5 49  0  0  0  0  0  0  0  0  0  0  0  0 
8C1  3  0  0  0  0  0  0 .5  3 15  0  0  0  0  0  0  0  0  0  0  0  0  0  0  0
8C2  0  0  0  0  0  0  0  0  0.01  0  0  0  0  0  0  0  0  0  0  0  0  0  0  0
8C3  0  0  0  0  0  0  0  0  0  0  0  0  0  0  0  0  0  0  0  0  0  0  0  0  0
8C4  0.01  0  0  0  0  0  0  0  0  0  0  0  0  0  0  0  0  0  0  0  0  0  0  0
8C5 50  0  0  0  0  0  0  0  0  0  0  0  0 
8E1  4  0  0  0  0  0  0 .1  2  3  0  0  0  0  0  0  0  0  0  0  0  0  0  0  0
8E2  0  0  0  0  0  0  0  0  0  0  0  0  0.01  0  0  0  0  0  0  0  0  0  0  0
8E3  0  0  0  0  0  0  0  0  0  0  0  0  0  0  0  0  0  0  0  0  0  0  0  0  0
8E4  0.01  0  0  0  0  0  0  0  0  0  0  0  0  0  0  0  0  0  0  0  0  0  0  0
8E5 49  0  0  0  0  0  0  0  0  0  0  0  0 
8G1  1  0  0  0  0  0  0 .1  4 20  0.01  0  0  0  0  0  0  1  0  0  0  0  0  0
8G2  0  0  0  0  0  0  0  0  0  0  0  0  0  0  0  0  0  0  0  0  0  0  0  0  0
8G3  0  0  0  0  0  0  0  0  0  0  0  0  0  0  0  0  0  0  0  0  0  0  0  0  0
8G4  0.01.01  0  0  0  0  0  0  0  0  0  0  0  0  0  0  0  0  0  0  0  0  0  0
8G5 50  0  0  0  0  0  0  0  0  0  0  0  0 
8I1  5  0  0 .1  0  0  0 .5 10 14.01  0 .1  0  0  0  0  0  1  0  0  0  0  0  0
8I2  0  0  0  0  0  0  0  0 .5  0  0  0  0.01  0  0  0 .1  0 .1  0  0  0  0  0
8I3  0  0  0  0  0  0  0  0  0  0  0  0  0  0  0  0  0  0  0  0  0  0  0  0  0
8I4  0.01.01  0  0  0  0  0  0  0  0  0  0  0  0  0  0  0  0  0  0  0  0  0  0
8I5 47  0  0  0  0  0  0  0  0  0  0  0  0 
0A1  3  0  0 .5  0  0  0  3 10  8  3 .5  2  0 .1  0  0  0  4  0  0  0  0  0  0
0A2  0  0  0  2  0 .1 .1 .5  2.01  0  0  0  0  0  0  1 .1  0  0 .5  0  4  2.01
0A3.01  0  0  0  0  0  0  0  0  0  0  0  0  0  0  0  0  0  0  0  0  0  0  0  0
0A4  0.01 .5  0  0  0  0  0  0  0  0  0  0  0  0  0  0  0  0  0  0  0  0  0  0
0A5 56  0  0  0  0  0  0  0  0  0  0  0  0
0C1  2  0  0  0  0  0  0  3  8 12  1 .1  3  0  0  0  0  0  0  0  0  0  0  0  0
0C2  0  0  0  3  0  0  0  1 .5.01  0  0  0 .1 .1 .1  0.01  0  0 .1  0 .5  0.01
0C3.01  0  0  0  0  0  0  0  0  0  0  0  0  0  0  0  0  0  0  0  0  0  0  0  0
0C4  0.01 .5  0  0  0  0  0  0  0  0  0  0  0  0  0  0  3  0  0  0  0  0  0  0
0C5 69  0  0  0  0  0  0  0  0  0  0  0  0
0E1  4  0  0  0  0  0  0  2  8 20  1 .5  3  0  0  0  0  0  3  0  0  0  0  0  0
0E2  0  0  0  4  0  0 .1 .5  2.01 .1  0  0 .1  0.01  0.01 .1  0  0  0  0  0  0
0E3 .1  0  0  0  0  0  0  0  0  0  0  0  0  0  0  0  0  0  0  0  0  0  0  0  0
0E4  0.01 .1  0  0  0  0  0  0  0  0  0  0  0  0  0  0  1  0  0  0  0  0  0  0
0E5 68  0  0  0  0  0  0  0  0  0  0  0  0
0G1  6  0  0  0  0  0  0  5 15 10  0  0  1  0  0  0  0  0  6  0  0  0  0  0  0
0G2  0  0  0  2  0.01  0  1  4.01  0  0  0 .5  0  0  0  0.01  0  0  0  0  0  0
0G3  0  0  0  0  0  0  0  0  0  0  0  0  0  0  0  0  0  0  0  0  0  0  0  0  0
0G4  0.01 .1  0  0  0  0  0.01  0  0  0  0  0  0  0  0  0  0  0  0  0  0  0  0
0G5 67  0  0  0  0  0  0  0  0  0  0  0  0
0I1  9  0  0  0  0 .1  0  2 10 10  0 .1 .1  0  0  0  0  0  0  0  0  0  0  0  0
0I2  0  0  0  2  0.01 .1 .5 .1.01 .1  0  0.01  0  0  0.01  0  0  0  0  0  0  0
0I3 .1  0  0  0  0  0  0  0  0  0  0  0  0  0  0  0  0  0  0  0  0  0  0  0  0
0I4  0.01  0  0  0  0  0  0  0  0  0  0  0  0  0  0  0  0  0  0  0  0  0  0  0
0I5 74  0  0  0  0  0  0  0  0  0  0  0  0
2I1 10  0  0  0  0  0  0  4 17 14  0  0 .1  0 .1  0  0  0  4  0  0  0  0  0  0
2I2  0  0  0  3  0 .1  0 .1  0  0  0  0  0 .5  0  0  0  0  0  0  0  0  1  0  0
2I3  0  0  0  0  0  0  0  0  0  0  0  0  0  0  0  0  0  0  0  0  0  0  0  0  0
2I4  0.01 .1  0  0  0  0  0  0  0  0  0  0  0  0  0  0  0  0  0  0  0  0  0  0
2I5 70  0  0  0  0  0  0  0  0  0  0  0  0
2G1 17  0  0  0  0  0  0  3  3 17  0 .1  0  0  0  0  0  0  4  0  0  0  0  0  0
2G2  0  0  0  3  0.01  0.01  2  0.01  0  0 .1  0.01  0  0 .1  0  0  0  1  0  0
2G3  0  0  0  0  0  0  0  0  0  0  0  0  0  0  0  0  0  0  0  0  0  0  0  0  0
2G4  0.01 .1  0.01  0  0  0.01  0  0  0  0  0  0  0  0  0  0  0  0  0  0  0  0
2G5 75  0  0  0  0  0  0  0  0  0  0  0  0
2E1  4  0  0 .1  0  0  0  2 14 14  0 .1  1  0  0  0  0  0  0  0  0  0  0  0  0
2E2  0  0  0  3  0 .1.01 .5  0.01 .1  0  0 .5 .1.01  0  0 .5  0  0  0  0  0.01
2E3  0  0  0  0  0  0  0  0  0  0  0  0  0  0  0  0  0  0  0  0  0  0  0  0  0
2E4  0 .1 .1  0  0  0  0  0  0  0  0  0  0  0  0  0  0  0  0  0  0  0  0  0  0
2E5 71  0  0  0  0  0  0  0  0  0  0  0  0
2C1 10  0  0  1  0  0  0  2 20 15  3  0  1  0  0  0  0  0  0  0  0  0  0  0  0
2C2  0  0  0  2  0 .1.01  2 .5  0.01  0  0 .1  0  0  0  0 .1  0 .1  0 .5  0.01
2C3  0  0  0  0  0  0  0  0  0  0  0  0  0  0  0  0  0  0  0  0  0  0  0  0  0
2C4  0.01 .5  0  0  0  0  0  0  0  0  0  0  0  0  0  0  0  0  0  0  0  0  0  0
2C5 71  0  0  0  0  0  0  0  0  0  0  0  0
2A1  7  0  0  1  0  0  3 25 20  3  0  2  0 .5  0  0  0  0  0  0  0  0  0  0  0
2A2  0  0  0  4  0 .1 .1  1  5.01  0  0  0 .5  0 .1  0  0  0  0 .5  0  0  0  0
2A3  0  0  0  0  0  0  0  0  0  0  0  0  0  0  0  0  0  0  0  0  0  0  0  0  0
2A4  0.01 .5  0  0  0  0  0  0  0  0  0  0  0  0  0  0  0  0  0  0  0  0  0  0
2A5 71  0  0  0  0  0  0  0  0  0  0  0  0
4A1  6  0  0  1  0  0  0  4 15 30  2  0  1  0 .1  0  0  0  0  0  0  0  0  0  0
4A2  0  0  0  3  0 .1.01  2  4.01 .1  0  0 .5  0.01  0  0 .1  0 .1  0 .5  0.01
4A3  0  0  0  0  0  0  0  0  0  0  0  0  0  0  0  0  0  0  0  0  0  0  0  0  0
4A4  0.01 .1  0  0  0  0  0  0  0  0  0  0  0  0  0  0  0  0  0  0  0  0  0  0
4A5 72  0  0  0  0  0  0  0  0  0  0  0  0
4C1  4  0  0  0  0  0  0  2 20  5  0 .1 .5  0  0  0  0  0  8  0  0  0  0  0  0
4C2  0  0  0  1  0 .1 .1 .5 .5.01  0  0  0.01  0  0  0 .1.01  0  0  0  2  0.01
4C3  0  0  0  0  0  0  0  0  0  0  0  0  0  0  0  0  0  0  0  0  0  0  0  0  0
4C4  0.01.01  0  0  0  0  0  0  0  0  0  0  0  0  0  0  0  0  0  0  0  0  0  0
4C5 70  0  0  0  0  0  0  0  0  0  0  0  0
4E1 12  0  0  0  0  0  0  4  6 12  0 .5  2  0  0  0  0  0 .5  0  0  0  0  0  0
4E2  0  0  0  3  0  0  0  1  2  0  0 .1  0 .1  0 .1  0  0.01  0  0  0 .1  0  0
4E3  0  0  0  0  0  0  0  0  0  0  0  0  0  0  0  0  0  0  0  0  0  0  0  0  0
4E4  0.01  0  0  0  0  0  0.01  0  0  0  0  0  0  0  0  0  0  0  0  0  0  0  0
4E5 72  0  0  0  0  0  0  0  0  0  0  0  0
4G1  3  0  0  0  0  0  0  7  5 25  0  0 .5  0  0  0  0  0  8  0  0  0  0  0  0
4G2  0  0  0 .5  0 .1.01 .5  0.01  0  0  0 .5  0  0  0 .1 .1  0  0  0  1  0  0
4G3  0  0  0  0  0  0  0  0  0  0  0  0  0  0  0  0  0  0  0  0  0  0  0  0  0
4G4  0.01 .1  0  0  0  0  0  0  0  0  0  0  0  0  0  0  0  0  0  0  0  0  0  0
4G5 71  0  0  0  0  0  0  0  0  0  0  0  0
4I1 12  0  0  0  0  0  0 .5 13 13  0 .5  0  0  0  0  0  0  0  0  0  0  0  0  0
4I2  0  0  0  2  0 .1  0 .5  0  0 .5  0  0 .5  0  0  0  0 .1  0  0  0  1  0  0
4I3  0  0  0  0  0  0  0  0  0  0  0  0  0  0  0  0  0  0  0  0  0  0  0  0  0
4I4  0.01  0  0  0  0  0  0  0  0  0  0  0  0  0  0  0  0  0  0  0  0  0  0  0
4I5 74  0  0  0  0  0  0  0  0  0  0  0  0
6I1  6  0  0  0  0  0  0  1  1 28  0.01 .1  0  0  0  0  0  3  0  0  0  0  0  0
6I2  0  0  0.01  0  0  0  0  0  0  0  0  0 .1  0  0  0  0  0  0  0  0  0  0  0
6I3  0  0  0  0  0  0  0  0  0  0  0  0  0  0  0  0  0  0  0  0  0  0  0  0  0
6I4  0.01  0  0  0  0  0  0  0  0  0  0  0  0  0  0  0  0  0  0  0  0  0  0  0
6I5 76  0  0  0  0  0  0  0  0  0  0  0  0
6G1 .5  0  0  0  0  0  0  3  2 12  0  0  1  0  0  0  0  0  0  0  0  0  0  0  0
6G2  0  0  0  1  0 .1 .1 .1 .1.01 .1  0  0 .5  0 .5  0  0 .1  0  0  0  0  0  0
6G3  0  0  0  0  0  0  0  0  0  0  0  0  0  0  0  0  0  0  0  0  0  0  0  0  0
6G4  0.01.01  0  0  0  0  0  0  0  0  0  0  0  0  0  0  0  0  0  0  0  0  0  0
6G5 76  0  0  0  0  0  0  0  0  0  0  0  0
6E1  6  0  0  0  0  0  0  4  1 12  0  0  0  0  0  0  0  0  3  0  0  0  0  0  0
6E2  0  0  0  0  2  0  0 .1.01 .5.01 .1  0  0 .1  0 .1  0  0.01  0  0  1  0.01
6E3  0  0  0  0  0  0  0  0  0  0  0  0  0  0  0  0  0  0  0  0  0  0  0  0  0
6E4  0.01.01  0  0  0  0  0  0  0  0  0  0  0  0  0  0  0  0  0  0  0  0  0  0
6E5 76  0  0  0  0  0  0  0  0  0  0  0  0
6C1 15  0  0  0  0  0  0  2  5 11  0  0 .5  0  0  0  0  0  1  0  0  0  0  0 .5
6C2  0  0  0  1  0 .1  0 .5 .5.01  0  0  0 .1  0  0  0  0  0  0  0  0  0  1  0
6C3  0  0  0  0  0  0  0  0  0  0  0  0  0  0  0  0  0  0  0  0  0  0  0  0  0
6C4  0.01.01  0  0  0  0  0  0  0  0  0  0  0  0  0  0  0  0  0  0  0  0  0  0
6C5 75  0  0  0  0  0  0  0  0  0  0  0  0
6A1  6 .5  0  0  0  0  0  2 10 30  1  0  1  0 .1  0  0  0  0  0  0  0  0  0  0
6A2  0  0  0  2  0 .1  0 .5  0.01  0  0  0 .1  0  0  0  0 .1  0  0  0  0  0.01
6A3  0  0  0  0  0  0  0  0  0  0  0  0  0  0  0  0  0  0  0  0  0  0  0  0  0
6A4  0.01.01  0  0  0  0  0  0  0  0  0  0  0  0  0  0  0  0  0  0  0  0  0  0
6A5 74  0  0  0  0  0  0  0  0  0  0  0  0
8A1  4  0  0  0  0  0  0  3  3 12 .5  0  1  0  0  0  0  0  0  0  0  0  0  0  0
8A2  0  0  0 .5  0.01.01 .1  0.01 .1  0  0  0  0.01  0  0 .1  0  0  0  0  0  0
8A3  0  0  0  0  0  0  0  0  0  0  0  0  0  0  0  0  0  0  0  0  0  0  0  0  0
8A4  0.01  0  0.01  0  0  0  0  0  0  0  0  0  0  0  0  0  0  0  0  0  0  0  0
8A5 75  0  0  0  0  0  0  0  0  0  0  0  0
8C1  4  0  0  0  0  0  0  5  4 20  0  0 .1  0  0  0  0  0 .5  0  0  0  0  0  0
8C2  0  0  0 .5  0  0  0 .5  0 .1  0  0  0 .5  0 .1  0  0  0  0  0  0  0  0  0
8C3  0  0  0  0  0  0  0  0  0  0  0  0  0  0  0  0  0  0  0  0  0  0  0  0  0
8C4  0.01  0  0  0  0  0  0  0  0  0  0  0  0  0  0  0  0  0  0  0  0  0  0  0
8C5 76  0  0  0  0  0  0  0  0  0  0  0  0
8E1  3  0  0  0  0  0  0  1  3  3  0  0  0  0  0  0  0  0  0  0  0  0  0  0  0
8E2  0  0  0 .5  0  0  0 .1  0  0  0  0  0 .1  0 .1  0  0  0  0  0  0  0  0  0
8E3  0  0  0  0  0  0  0  0  0  0  0  0  0  0  0  0  0  0  0  0  0  0  0  0  0
8E4  0.01  0  0  0  0  0  0  0  0  0  0  0  0  0  0  0  0  0  0  0  0  0  0  0
8E5 80  0  0  0  0  0  0  0  0  0  0  0  0
8G1  2  0  0  0  0  0  0  1  4 25  0.01  0  0  0  0  0  0  4  0  0  0  0  0  0
8G2  0  0  0 .1  0  0  0 .1  0.01  0  0  0 .1  0  0  0  0  0  0  0  0  1  0  0
8G3  0  0  0  0  0  0  0  0  0  0  0  0  0  0  0  0  0  0  0  0  0  0  0  0  0
8G4  0.01.01  0.01  0  0  0  0  0  0  0  0  0  0  0  0  0  0  0  0  0  0  0  0
8G5 76  0  0  0  0  0  0  0  0  0  0  0  0
8I1 10  0  0  2  0  0  0  4 12 18  1 .5  2  0  0  0  0  0  3  0  0  0  0  0  0
8I2  0  0  0 .5  0  0  0 .5  1  0  0  0  0.01  0  0 .5 .1  0 .1  0  0  1  0  0
8I3  0  0  0  0  0  0  0  0  0  0  0  0  0  0  0  0  0  0  0  0  0  0  0  0  0
8I4  0 .1 .1  0  0  0  0  0  0  0  0  0  0  0  0  0  0  0  0  0  0  0  0  0  0
8I5 77  0  0  0  0  0  0  0  0  0  0  0  0
