0A1  4  0  0  0  0  0  0 .5  3  3  0  0  0  0  0  0  0  0  0 .1  0  0  0  0  0
0A2  0  0  0  0  0  0  0  0 .5  0  0  0  0  0  0  0  0  0  0  0  0  0  0.01  0
0A3  0  0  0  0  0  0  0  0  0  0  0  0  0  0  0  0  0  0  0  0  0  0  0  0  0
0A4  0.01  0  0.01  0  0  0  0  0  0  0  0  0  0  0  0  0  0  0  0  0  0  0  0
0A5 51  0  0  0  0  0  0  0  0  0  0  0  0 
0C1  7  0  0  0  0  0  0 .1  3  4  0  0  0  0  0  0  0  0  0  0  0  0  0  0  0
0C2  0  0  0.01  0  0  0  0  1  0  0  0  0  0  0 .1  0 .1  0  0  0  0  0  0  0
0C3  0  0  0  0  0  0  0  0  0  0  0  0  0  0  0  0  0  0  0  0  0  0  0  0  0
0C4  0.01  0  0  0  0  0  0  0  0  0  0  0  0  0  0  0  0  0  0  0  0  0  0  0
0C5 52  0  0  0  0  0  0  0  0  0  0  0  0 
0E1 10  0  0  0  0  0  0 .5  2  4  0  0  0  0  0  0  0  0  0  0  0  0  0  0  0
0E2  0  0  0.01  0  0  0  0  1  0  0  0  0.01  0  0  0  0  0  0  0  0  0  0  0
0E3  0  0  0  0  0  0  0  0  0  0  0  0  0  0  0  0  0  0  0  0  0  0  0  0  0
0E4  0.01  0  0  0  0  0  0  0  0  0  0  0  0  0  0  0  0  0  0  0  0  0  0  0
0E5 53  0  0  0  0  0  0  0  0  0  0  0  0 
0G1  3  0  0  0  0  0  0 .1  2  3  0  0  0  0  0  0  0  0  0  0  0  0  0  0  0
0G2  0  0  0.01  0  0  0  0 .1.01.01  0  0  0  0  0  0 .1  0  0  0  0  0  0  0
0G3  0  0  0  0  0  0  0  0  0  0  0  0  0  0  0  0  0  0  0  0  0  0  0  0  0
0G4  0.01  0  0.01  0  0  0  0  0  0  0  0  0  0  0  0  0  0  0  0  0  0  0  0
0G5 56  0  0  0  0  0  0  0  0  0  0  0  0 
0I1  3  0  0  0  0  0  0 .1 .5  2  0  0  0  0  0  0  0  0  0  0  0  0  0  0  0
0I2  0  0  0 .1  0  0  0  0 .5  0  0  0  0  0  0  0  0  0.01  0  0  0  0  0  0
0I3  0  0  0  0  0  0  0  0  0  0  0  0  0  0  0  0  0  0  0  0  0  0  0  0  0
0I4  0.01  0  0.01  0  0  0  0  0  0  0  0  0  0  0  0  0  0  0  0  0  0  0  0
0I5 55  0  0  0  0  0  0  0  0  0  0  0  0 
2I1  6  0  0  0  0  0  0 .1  2  4  0  0  0  0  0  0  0  0  0  0  0  0  0  0  0
2I2  0  0  0.01  0  0  0  0  1  0  0  0  0.01  0  0  0 .1  0  0  0  0  0  0  0
2I3  0  0  0  0  0  0  0  0  0  0  0  0  0  0  0  0  0  0  0  0  0  0  0  0  0
2I4  0.01  0  0.01  0  0  0  0  0  0  0  0  0  0  0  0  0  0  0  0  0  0  0  0
2I5 51  0  0  0  0  0  0  0  0  0  0  0  0 
2G1  7  0  0  0  0  0  0 .5  2  6  0  0  0  0  0  0  0  0  0  0  0  0  0  0  0
2G2  0  0  0.01  0  0  0  0 .5  0  0  0  0  0  0.01  0  0  0  0  0  0  0  0  0
2G3  0  0  0  0  0  0  0  0  0  0  0  0  0  0  0  0  0  0  0  0  0  0  0  0  0
2G4  0.01  0  0  0  0  0  0  0  0  0  0  0  0  0  0  0  0  0  0  0  0  0  0  0
2G5 53  0  0  0  0  0  0  0  0  0  0  0  0 
2E1  7  0  0  0  0  0  0 .5  5  3  0  0  0  0  0  0  0  0  0  0  0  0  0  0  0
2E2  0  0  0  0  0  0  0  0 .5  0  0  0  0.01  0.01  0  0  0  0  0  0  0  0  0
2E3  0  0  0  0  0  0  0  0  0  0  0  0  0  0  0  0  0  0  0  0  0  0  0  0  0
2E4  0.01.01  0.01  0  0  0  0  0  0  0  0  0  0  0  0  0  0  0  0  0  0  0  0
2E5 51  0  0  0  0  0  0  0  0  0  0  0  0 
2C1  5  0  0  0  0  0  0  1  5  1  0  0  0  0  0  0  0  0  0  0  0  0  0  0  0
2C2  0  0  0  0  0  0  0  0 .5.01  0  0  0.01  0  0  0  0  0  0  0  0  0  0  0
2C3  0  0  0  0  0  0  0  0  0  0  0  0  0  0  0  0  0  0  0  0  0  0  0  0  0
2C4  0.01  0  0.01  0  0  0  0  0  0  0  0  0  0  0  0  0  0  0  0  0  0  0  0
2C5 54  0  0  0  0  0  0  0  0  0  0  0  0 
2A1  7  0  0  0  0  0  0 .1  5  3  0  0  0  0  0  0  0  0  0  0  0  0  0  0  0
2A2  0  0  0  0  0  0  0  0 .1  0  0  0  0  0  0  0  0.01  0  0  0  0  0.01  0
2A3  0  0  0  0  0  0  0  0  0  0  0  0  0  0  0  0  0  0  0  0  0  0  0  0  0
2A4  0.01  0  0.01  0  0  0  0  0  0  0  0  0  0  0  0  0  0  0  0  0  0  0  0
2A5 55  0  0  0  0  0  0  0  0  0  0  0  0 
4A1  8  0  0  0  0  0  0 .5 12 .1  0  0  0  0  0  0  0.01  0  2  0  0  0  0  0
4A2  0  0  0  0  0  0  0  0  1  0  0  0  0  0  0  0  0  0  0  0  0  0  0.01  0
4A3  0  0  0  0  0  0  0  0  0  0  0  0  0  0  0  0  0  0  0  0  0  0  0  0  0
4A4  0.01.01  0.01.01  0  0  0  0  0  0  0  0  0  0  0  0  0  0  0  0  0  0  0
4A5 54  0  0  0  0  0  0  0  0  0  0  0  0 
4C1  5  0  0  0  0  0  0 .1  6  1  0  0  0  0  0  0  0  0  0  1  0  0  0  0  0
4C2  0  0  0  0  0  0  0  0 .5  0  0  0  0.01  0  0  0  0  0  0  0  0  0  0  0
4C3  0  0  0  0  0  0  0  0  0  0  0  0  0  0  0  0  0  0  0  0  0  0  0  0  0
4C4  0.01  0  0  0  0  0  0  0  0  0  0  0  0  0  0  0  0  0  0  0  0  0  0  0
4C5 51  0  0  0  0  0  0  0  0  0  0  0  0 
4E1  7  0  0  0  0  0  0 .1 14  1  0  0  0  0  0  0  0  0  0  0  0  0  0  0  0
4E2  0  0  0  0  0  0  0  0 .5  0  0  0  0  0  0.01  0  0  0  0  0  0  0  0  0
4E3  0  0  0  0  0  0  0  0  0  0  0  0  0  0  0  0  0  0  0  0  0  0  0  0  0
4E4  0.01.01  0  0  0  0  0  0  0  0  0  0  0  0  0  0  0  0  0  0  0  0  0  0
4E5 54  0  0  0  0  0  0  0  0  0  0  0  0 
4G1  8  0  0  0  0  0  0 .5 12  2  0  0  0  0  0  0  0  0  0  0  0  0  0  0  0
4G2  0  0  0.01  0  0  0  0 .1  0  0  0  0 .1  0  0  0  0  0  0  0  0  0  0  0
4G3  0  0  0  0  0  0  0  0  0  0  0  0  0  0  0  0  0  0  0  0  0  0  0  0  0
4G4  0.01  0  0.01  0  0  0  0  0  0  0  0  0  0  0  0  0  0  0  0  0  0  0  0
4G5 60  0  0  0  0  0  0  0  0  0  0  0  0 
4I1  5  0  0  0  0  0  0 .5  3  3  0  0  0  0  0  0  0  0  0  0  0  0  0  0  0
4I2  0  0  0  0  0  0  0  0  0  0  0  0  0 .1  0  0  0  0  0  0  0  0  0  0  0
4I3  0  0  0  0  0  0  0  0  0  0  0  0  0  0  0  0  0  0  0  0  0  0  0  0  0
4I4  0.01  0  0.01  0  0  0  0  0  0  0  0  0  0  0  0  0  0  0  0  0  0  0  0
4I5 57  0  0  0  0  0  0  0  0  0  0  0  0 
6I1  0  0  0  0  0  0  0 .5  7  5  0  0  0  0  0  0  0  0  0  0  0  0  0  0  0
6I2  0  0  0.01  0  0  0  0 .5  0  0  0  0.01  0  0  0 .1  0  0  0  0  0 .1  0
6I3  0  0  0  0  0  0  0  0  0  0  0  0  0  0  0  0  0  0  0  0  0  0  0  0  0
6I4  0.01  0  0.01  0  0  0  0  0  0  0  0  0  0  0  0  0  0  0  0  0  0  0  0
6I5 55  0  0  0  0  0  0  0  0  0  0  0  0 
6G1  2  0  0  0  0  0  0 .5 14  8.01  0  0  0  0  0  0  0  0  0  0  0  0  0  0
6G2  0  0  0.01  0  0  0  0 .5  0  0  0  0.01  0  0  0 .1  0  0  0  0  0 .1  0
6G3  0  0  0  0  0  0  0  0  0  0  0  0  0  0  0  0  0  0  0  0  0  0  0  0  0
6G4  0.01.01  0.01  0  0  0  0  0  0  0  0  0  0  0  0  0  0  0  0  0  0  0  0
6G5 56  0  0  0  0  0  0  0  0  0  0  0  0 
6E1  8  0  0  0  0  0  0 .5  7  4  0  0  0  0  0  0  0  0  0  0  0  0  0  0  0
6E2  0  0  0  0  0  0  0  0 .5  0  0  0  0.01  0  0  0.01  0  0  0  0  0.01  0
6E3  0  0  0  0  0  0  0  0  0  0  0  0  0  0  0  0  0  0  0  0  0  0  0  0  0
6E4  0.01.01  0.01  0  0  0  0  0  0  0  0  0  0  0  0  0  0  0  0  0  0  0  0
6E5 53  0  0  0  0  0  0  0  0  0  0  0  0 
6C1  6  0  0  0  0  0  0 .1  8  0  0  0  0  0  0  0  0 .1  0 .5  0  0  0  0  0
6C2  0  0  0  0  0  0  0  0  1  0  0  0  0  0  0.01  0  0  0  0  0  0  0  0  0
6C3  0  0  0  0  0  0  0  0  0  0  0  0  0  0  0  0  0  0  0  0  0  0  0  0  0
6C4  0.01.01  0  0  0  0  0  0  0  0  0  0  0  0  0  0  0  0  0  0  0  0  0  0
6C5 52  0  0  0  0  0  0  0  0  0  0  0  0 
6A1  8  0  0  0  0  0  0 .5  4 .1  0  0  0  0  0  0  0  0  0  0  0  0  0  0  0
6A2  0  0  0  0  0  0  0  0  2  0  0  0  0  0  0.01  0 .1  0  0  0  0  0  0  0
6A3  0  0  0  0  0  0  0  0  0  0  0  0  0  0  0  0  0  0  0  0  0  0  0  0  0
6A4  0.01  0  0.01  0  0  0  0  0  0  0  0  0  0  0  0  0  0  0  0  0  0  0  0
6A5 53  0  0  0  0  0  0  0  0  0  0  0  0 
8A1  6  0  0  0  0  0  0 .5  8  3.01  0  0  0  0  0  0  0  0  0  0  0  0  0  0
8A2  0  0  0  0  0  0  0  0 .5  0  0  0  0  0  0.01  0 .1  0  0  0  0  0  0  0
8A3  0  0  0  0  0  0  0  0  0  0  0  0  0  0  0  0  0  0  0  0  0  0  0  0  0
8A4  0.01  0  0.01.01  0  0  0  0  0  0  0  0  0  0  0  0  0  0  0  0  0  0  0
8A5 56  0  0  0  0  0  0  0  0  0  0  0  0 
8C1  1  0  0  0  0  0  0 .5 10  3  0  0  0  0  0  0  0  0  0  0  0  0  0  0  0
8C2  0  0  0  0  0  0  0  0  2  0  0  0  0  0  0 .1  0 .1  0  0  0  0  0  0  0
8C3  0  0  0  0  0  0  0  0  0  0  0  0  0  0  0  0  0  0  0  0  0  0  0  0  0
8C4  0.01  0  0.01  0  0  0  0  0  0  0  0  0  0  0  0  0  0  0  0  0  0  0  0
8C5 53  0  0  0  0  0  0  0  0  0  0  0  0 
8E1  4  0  0  0  0  0  0 .5  5  2.01  0  0  0  0  0  0 .1  0  0  0  0  0  0  0
8E2  0  0  0  0  0  0  0  0 .5  0  0  0  0 .1  0  0  0  0  0  0  0  0  0.01  0
8E3  0  0  0  0  0  0  0  0  0  0  0  0  0  0  0  0  0  0  0  0  0  0  0  0  0
8E4  0.01  0  0.01  0  0  0  0  0  0  0  0  0  0  0  0  0  0  0  0  0  0  0  0
8E5 53  0  0  0  0  0  0  0  0  0  0  0  0 
8G1 10  0  0  0  0  0  0 .5 12 12.01  0  0  0  0  0  0  0  0  0  0  0  0  0  0
8G2  0  0  0  0  0  0  0  0  2  0  0  0  0 .1  0  0  0.01  0  0  0  0  0 .1  0
8G3  0  0  0  0  0  0  0  0  0  0  0  0  0  0  0  0  0  0  0  0  0  0  0  0  0
8G4  0.01.01  0  0  0  0  0  0  0  0  0  0  0  0  0  0  0  0  0  0  0  0  0  0
8G5 53  0  0  0  0  0  0  0  0  0  0  0  0 
8I1 11  0  0  0  0  0  0 .5 25  3  0  0  0  0  0  0  0  0  0  0  0  0  0  0  0
8I2  0  0  0  0  0  0  0  0  1  0  0  0  0.01  0 .1  0 .1  0  0  0  0  0  2  0
8I3  0  0  0  0  0  0  0  0  0  0  0  0  0  0  0  0  0  0  0  0  0  0  0  0  0
8I4  0.01 .1  0  0  0  0  0  0  0  0  0  0  0  0  0  0  0  0  0  0  0  0  0  0
8I5 52  0  0  0  0  0  0  0  0  0  0  0  0 
0A1  4  0  0  0  0  0  0  3  4  3  0  0  0  0  0  0  0  0  0  0  0  0  0  0  0
0A2  0  0  0 .1  0  0  0 .1  1  0  0  0  0  0  0 .1  0  0  0  0  0  0  0  1  0
0A3  0  0  0  0  0  0  0  0  0  0  0  0  0  0  0  0  0  0  0  0  0  0  0  0  0
0A4  0 .1  0  0.01  0  0  0  0  0  0.01  0  0  0  0  0  0  0  0  0  0  0  0  0
0A5 63  0  0  0  0  0  0  0  0  0  0  0  0
0C1  8  0  0  0  0  0  0  3  5  3  0  0  0  0  0  0  0  0  0  0  0  0  0  0  0
0C2  0  0  0 .5  0  0  0  0  2.01  0  0  0 .1  0 .1  0 .1  0  0  0  0  0 .1  0
0C3  0  0  0  0  0  0  0  0  0  0  0  0  0  0  0  0  0  0  0  0  0  0  0  0  0
0C4  0.01  0  0.01  0  0  0  0  0  0.01  0  0  0  0  0  0  0  0  0  0  0  0  0
0C5 63  0  0  0  0  0  0  0  0  0  0  0  0
0E1 10  0  0  0  0  0  0  5  3  3  0  0 .1  0  0  0  0  0  0  0  0  0  0  0  0
0E2  0  0  0 .5  0  0  0 .1  3  0  0  0  0 .1  0.01  0 .1  0  0  0  0  0  2.01
0E3  0  0  0  0  0  0  0  0  0  0  0  0  0  0  0  0  0  0  0  0  0  0  0  0  0
0E4  0.01  0  0.01  0  0  0  0  0  0  0  0  0  0  0  0  0  0  0  0  0  0  0  0
0E5 64  0  0  0  0  0  0  0  0  0  0  0  0
0G1  4  0  0  0  0  0  0  4  3  3  0  0  0  0  0  0  0  0  0  0  0  0  0  0  0
0G2  0  0  0 .5  0  0  0  0  1  0  0  0  0 .1  0 .1  0 .1  0  0  0  0  0  0  0
0G3  0  0  0  0  0  0  0 .5  0  0  0  0  0  0  0  0  0  0  0  0  0  0  0  0  0
0G4  0.01  0  0.01  0  0  0  0  0  0  0  0  0  0  0  0  0  0  0  0  0  0  0  0
0G5 64  0  0  0  0  0  0  0  0  0  0  0  0
0I1  2  0  0  0  0  0  0  2  1  2  0  0  0  0  0  0  0  0  0  0  0  0  0  0  0
0I2  0  0  0 .5  0  0  0  0  1.01  0  0  0.01  0 .1  0  0 .1  0  0  0  0  0  0
0I3  0  0  0  0  0  0  0  0  0  0  0  0  0  0  0  0  0  0  0  0  0  0  0  0  0
0I4  0 .1  0  0 .1  0  0  0  0  0  0  0  0  0  0  0  0  0  0  0  0  0  0  0  0
0I5 66  0  0  0  0  0  0  0  0  0  0  0  0
2I1  3  0  0  0  0  0  0  2  3  2  0  0 .1  0  0  0  0  0  0  0  0  0  0  0  0
2I2  0  0  0 .1  0  0  0.01  3.01  0  0  0 .5  0 .1  0  0 .1  0  0  0  0 .5  0
2I3  0  0  0  0  0  0  0  0  0  0  0  0  0  0  0  0  0  0  0  0  0  0  0  0  0
2I4  0 .1  0  0.01  0  0  0  0  0  0  0  0  0  0  0  0  0  0  0  0  0  0  0  0
2I5 64  0  0  0  0  0  0  0  0  0  0  0  0
2G1  7  0  0  0  0  0  0  3  3  7  0  0 .1  0  0  0  0  0  0  0  0  0  0  0  0
2G2  0  0  0 .5  0  0  0  0  2.01  0  0  0  0  0 .1  0.01  0  0  0  0  0  0  0
2G3  0  0  0  0  0  0  0  0  0  0  0  0  0  0  0  0  0  0  0  0  0  0  0  0  0
2G4  0.01  0  0.01  0  0  0  0  0  0  0  0  0  0  0  0  0  0  0  0  0  0  0  0
2G5 65  0  0  0  0  0  0  0  0  0  0  0  0
2E1  7  0  0  0  0  0  0  4  7  2  0  0 .1  0  0  0  0  0  0  0  0  0  0  0  0
2E2  0  0  0 .5  0  0  0 .1  2.01  0  0  0 .1  0  0  1  0  0  0  0  0  0  3  0
2E3  0  0  0  0  0  0  0  0  0  0  0  0  0  0  0  0  0  0  0  0  0  0  0  0  0
2E4  0.01.01  0.01  0  0  0  0  0  0  0  0  0  0  0  0  0  0  0  0  0  0  0  0
2E5 64  0  0  0  0  0  0  0  0  0  0  0  0
2C1  6  0  0  0  0  0  0  7 10  1  0  0  0  0  0  0  0  0  0  0  0  0  0  0  0
2C2  0  0  0 .5  0  0  0.01  3.01  0  0  0 .5  0  0  0  0  0  0 .1  0  0  3  0
2C3  0  0  0  0  0  0  0  0  0  0  0  0  0  0  0  0  0  0  0  0  0  0  0  0  0
2C4  0 .1  0  0.01  0  0  0  0  0  0  0  0  0  0  0  0  0  0  0  0  0  0  0  0
2C5 64  0  0  0  0  0  0  0  0  0  0  0  0
2A1  8  0  0  0  0  0  0  3  8  2  0  0  0  0  0  0  0  0  0  0  0  0  0  0  0
2A2  0  0  0 .1  0  0  0 .1  2.01  0  0  0  0  0  0  0 .1  0  0  0  0  0  3  0
2A3  0  0  0  0  0  0  0  0  0  0  0  0  0  0  0  0  0  0  0  0  0  0  0  0  0
2A4  0.01  0  0.01  0  0  0  0  0  0  0  0  0  0  0  0  0  0  0  0  0  0  0  0
2A5 65  0  0  0  0  0  0  0  0  0  0  0  0
4A1  8  0  0  0  0  0  0  5 15 .5  0  0 .5  0  0  0  0 .5  0  2  0  0  0  0  0
4A2  0  0  0 .5  0  0  0 .1  1  0  0  0  0  0  0 .1  0 .1  0  0  0  0  0  2  0
4A3  0  0  0  0  0  0  0  0  0  0  0  0  0  0  0  0  0  0  0  0  0  0  0  0  0
4A4  0 .1  0  0.01 .1  0  0  0  0  0  0  0  0  0  0  0  0  0  0  0  0  0  0  0
4A5 64  0  0  0  0  0  0  0  0  0  0  0  0
4C1  4  0  0  0  0  0  0  3  8  1  0  0  0  0  0  0  0  0  0  1  0  0  0  0  0
4C2  0  0  0 .5  0  0  0 .1  1.01  0  0  0  0  0  0  2  0  0  0  0  0  0  2  0
4C3  0  0  0  0  0  0  0  0  0  0  0  0  0  0  0  0  0  0  0  0  0  0  0  0  0
4C4  0.01  0  0.01.01  0  0  0  0  0  0  0  0  0  0  0  0  0  0  0  0  0  0  0
4C5 64  0  0  0  0  0  0  0  0  0  0  0  0
4E1  7  0  0  0  0  0  0  4 18  2  0  0  0  0  0  0  0  0  0  0  0  0  0  0  0
4E2  0  0  0 .5  0  0  0 .5  0.01  0  0  0  0  0 .1 .1 .1  0  0  0  0  0  2  0
4E3  0  0  0  0  0  0  0  0  0  0  0  0  0  0  0  0  0  0  0  0  0  0  0  0  0
4E4  0.01.01  0 .1  0  0  0  0  0  0  0  0  0  0  0  0  0  0  0  0  0  0  0  0
4E5 64  0  0  0  0  0  0  0  0  0  0  0  0
4G1  6  0  0  0  0  0  0  8  7  2  0  0  0  0  0  0  0  0  0  0  0  0  0  0  0
4G2  0  0  0 .5  0  0  0  1  2  0  0  0  0  1  0  0  0  0  0  0  0  0  0  3  0
4G3  0  0  0  0  0  0  0  0  0  0  0  0  0  0  0  0  0  0  0  0  0  0  0  0  0
4G4  0.01  0  0 .1  0  0  0  0  0  0  0  0  0  0  0  0  0  0  0  0  0  0  0  0
4G5 65  0  0  0  0  0  0  0  0  0  0  0  0
4I1  5  0  0  0  0  0  0  4  8  2  0  0  0  0  0  0  0  0  0  0  0  0  0  0  0
4I2  0  0  0 .1  0  0  0  0  2  0  0  0  0  1  0  0  1  0  0  0  0  0  0  1  0
4I3  0  0  0  0  0  0  0  0  0  0  0  0  0  0  0  0  0  0  0  0  0  0  0  0  0
4I4  0 .1  0  0.01  0  0  0  0  0  0  0  0  0  0  0  0  0  0  0  0  0  0  0  0
4I5 64  0  0  0  0  0  0  0  0  0  0  0  0
6I1  0  0  0  0  0  0  0  5  7 12  0  0  0  0  0  0  0  0  0  0  0  0  0  0  0
6I2  0  0  0  2  0  0  0 .1  0  1  0  0  0 .1  0  0  0  0  0  0  0  0  0 10  0
6I3  0  0  0  0  0  0  0  0  0  0  0  0  0  0  0  0  0  0  0  0  0  0  0  0  0
6I4  0 .1  0  0 .5  0  0  0  0  0  0.01  0  0  0  0  0  0  0  0  0  0  0  0  0
6I5 63  0  0  0  0  0  0  0  0  0  0  0  0
6G1  1  0  0  0  0  0  0  7 12 12 .5  0  0  0  0  0  0  0  0  0  0  0  0  0  0
6G2  0  0  0 .5  0  0  0 .1 .5.01  0  0  0 .5  0  0  0 .1  0  0  0  0  0  2  0
6G3  0  0  0  0  0  0  0  0  0  0  0  0  0  0  0  0  0  0  0  0  0  0  0  0  0
6G4  0.01  0  0 .1  0  0  0  0  0  0  0  0  0  0  0  0  0  0  0  0  0  0  0  0
6G5 64  0  0  0  0  0  0  0  0  0  0  0  0
6E1  7  0  0  0  0  0  0  3 10  2  0  0  0  0  0  0  0  0  0  0  0  0  0  0  0
6E2  0  0  0 .5  0  0  0 .5  1  0  0  0  0  1  0  0  0  0  0  0 .1  0  0 .5  0
6E3  0  0  0  0  0  0  0  0  0  0  0  0  0  0  0  0  0  0  0  0  0  0  0  0  0
6E4  0 .1  0  0 .1.01  0  0  0  0  0  0  0  0  0  0  0  0  0  0  0  0  0  0  0
6E5 64  0  0  0  0  0  0  0  0  0  0  0  0
6C1  5  0  0  0  0  0  0  3 14  0  0  0  0  0  0  0  0  0  0  1  0  0  0  0  0
6C2  0  0  0 .5  0  0  0.01  3.01  0  0  0  0  0  0  0  0  0  0 .1  0  0  2  0
6C3  0  0  0  0  0  0  0  0  0  0  0  0  0  0  0  0  0  0  0  0  0  0  0  0  0
6C4  0 .1 .1  0 .1  0  0  0  0  0  0  0  0  0  0  0  0  0  0  0  0  0  0  0  0
6C5 64  0  0  0  0  0  0  0  0  0  0  0  0
6A1  7  0  0  0  0  0  0  3  7 .1  0  0  0  0  0  0  0  0  0  0  0  0  0  0  0
6A2  0  0  0 .5  0  0  0.01  4.01  0  0  0  0  0  0  0 .1  0  0  0  0  0  5  0
6A3  0  0  0  0  0  0  0  0  0  0  0  0  0  0  0  0  0  0  0  0  0  0  0  0  0
6A4  0 .1  0  0 .1.01  0  0  0  0  0  0  0  0  0  0  0  0  0  0  0  0  0  0  0
6A5 64  0  0  0  0  0  0  0  0  0  0  0  0
8A1  6  0  0  0  0  0  0  4  8  2 .1  0  0  0  0  0  0  0  0  0  0  0  0  0  0
8A2  0  0  0 .5  0  0  0  0  3.01  0  0  0  0  0.01  0 .1  0  0  0  0  0  1  0
8A3  0  0  0  0  0  0  0  0  0  0  0  0  0  0  0  0  0  0  0  0  0  0  0  0  0
8A4  0 .1  0  0  0 .1  0  0  0  0  0.01  0  0  0  0  0  0  0  0  0  0  0  0  0
8A5 64  0  0  0  0  0  0  0  0  0  0  0  0
8C1  1  0  0  0  0  0  0  7 15  3  0  0  0  0  0  0  0  0  0  0  0  0  0  0  0
8C2  0  0  0  1  0  0  0 .1  4.01  0  0  0  0  0.01  0 .1  0  0  0  0  0  1  0
8C3  0  0  0  0  0  0  0  0  0  0  0  0  0  0  0  0  0  0  0  0  0  0  0  0  0
8C4  0 .1  0  0 .1  0  0  0  0  0  0  0  0  0  0  0  0  0  0  0  0  0  0  0  0
8C5 64  0  0  0  0  0  0  0  0  0  0  0  0
8E1  5  0  0  0  0  0  0  4  6  2 .5  0  1  0  0  0  0 .1  0  0  0  0  0  0  0
8E2  0  0  0 .5  0  0  0 .1  2.01  0  0  0  1  0  0  0.01  0  0  0  0  0  1  0
8E3  0  0  0  0  0  0  0  0  0  0  0  0  0  0  0  0  0  0  0  0  0  0  0  0  0
8E4  0 .1  0.01 .1 .1  0  0  0  0  0  0  0  0  0  0  0  0  0  0  0  0  0  0  0
8E5 64  0  0  0  0  0  0  0  0  0  0  0  0
8G1  8  0  0  0  0  0  0  4 18  8  1  0  0  0  0  0  0  0  0  0  0  0  0  0  0
8G2  0  0  0  1  0  0  0 .5  3 .1  0  0  0  1  0  0  0  0  0  0  0  0  0 12  0
8G3  0  0  0  0  0  0  0  0  0  0  0  0  0  0  0  0  0  0  0  0  0  0  0  0  0
8G4  0 .1  0  0 .5 .1  0  0  0  0  0  0  0  0  0  0  0  0  0  0  0  0  0  0  0
8G5 63  0  0  0  0  0  0  0  0  0  0  0  0
8I1 12  0  0  0  0  0  0  5 25  2  0  0 .5  0  0  0  0  0  0  0  0  0  0  0  0
8I2  0  0  0  0  0  0  0 .1 .1.01  0  0  0  1  0  0  0  0  0  0  0  0  0 30  0
8I3  0  0  0  0  0  0  0  0  0  0  0  0  0  0  0  0  0  0  0  0  0  0  0  0  0
8I4  0  0  1  0 .1  0  0  0  0  0  0  0  0  0  0  0  0  0  0  0  0  0  0  0  0
8I5 63  0  0  0  0  0  0  0  0  0  0  0  0
