0A1  3  0  0  0  0  0  0 .1 25  5  0  0  0  0  0  0  0  0  0  0  0  0  0  0  0
0A2  0  0  0.01  0  0  0  0  2.01  0  0  0.01  0  0 .1  0  0  0  0  0  0  0  0
0A3  0  0  0  0  0  0  0  0  0  0  0  0  0  0  0  0  0  0  0  0  0  0  0  0  0
0A4  0.01.01  0.01.01  0  0  0  0  0  0  0  0  0  0  0  0  0  0  0  0  0  0  0
0A5 45  0  0  0  0  0  0  0  0  0  0  0  0 
0C1  6  0  0  0  0  0  0 .1  1 25  0  0  0  0  0  0  0  0  0  0  0  0  0  0  0
0C2  0  0  0.01  0  0  0  0  0  0  0  0  0.01  0 .1 .1  0  0  0  0  0  0  0  0
0C3  0  0  0  0  0  0  0  0  0  0  0  0  0  0  0  0  0  0  0  0  0  0  0  0  0
0C4  0.01  0  0.01  0  0  0  0  0  0  0  0  0  0  0  0  0  0  0  0  0  0  0  0
0C5 45  0  0  0  0  0  0  0  0  0  0  0  0 
0E1  1  0  0  0  0  0  0 .1 15 12  0  0  0  0  0  0  0  0  0  0  0  0  0  0  0
0E2  0  0  0  0  0  0  0  0 .5  0  0  0  0 .1  0  0 .1.01  0  0  0  0  0  0  0
0E3  0  0  0  0  0  0  0  0  0  0  0  0  0  0  0  0  0  0  0  0  0  0  0  0  0
0E4  0.01.01  0  0  0  0  0  0  0  0  0  0  0  0  0  0  0  0  0  0  0  0  0  0
0E5 45  0  0  0  0  0  0  0  0  0  0  0  0 
0G1  2  0  0  0  0  0  0 .1 25 10  0  0  0  0  0  0  0  0  0  0  0  0  0  0  0
0G2  0  0  0  0  0  0  0  0  1  0  0  0  0.01  0.01  0.01  0  0  0  0  0  0  0
0G3  0  0  0  0  0  0  0  0  0  0  0  0  0  0  0  0  0  0  0  0  0  0  0  0  0
0G4  0.01 .1  0  0  0  0  0  0  0  0  0  0  0  0  0  0  0  0  0  0  0  0  0  0
0G5 44  0  0  0  0  0  0  0  0  0  0  0  0 
0I1 .1  0  0  0  0  0  0 .1 15 12  0  0.01  0  0  0  0  0  0  0  0  0  0  0  0
0I2  0  0  0  0  0  0  0  0  1  0  0  0  0.01  0.01  0 .1  0  0  0  0  0.01  0
0I3  0  0  0  0  0  0  0  0  0  0  0  0  0  0  0  0  0  0  0  0  0  0  0  0  0
0I4  0.01.01  0  0  0  0  0  0  0  0  0  0  0  0  0  0  0  0  0  0  0  0  0  0
0I5 43  0  0  0  0  0  0  0  0  0  0  0  0 
2I1 10  0  0  0  0  0  0 .5  6 12  0  0  0  0  0  0  0  0  0  0  0  0  0  0  0
2I2  0  0  0 .1  0  0  0  0 .5.01  0  0  0.01  0  0.01  0  0  0  0  0  0  0  0
2I3  0  0  0  0  0  0  0  0  0  0  0  0  0  0  0  0  0  0  0  0  0  0  0  0  0
2I4  0.01  0  0  0  0  0  0  0  0  0  0  0  0  0  0  0  0  0  0  0  0  0  0  0
2I5 46  0  0  0  0  0  0  0  0  0  0  0  0 
2G1  0  0  0  0  0  0  0 .5  4 35  0  0  0  0  0  0  0  0  0  1  0  0  0  0  0
2G2  0  0  0 .1  0  0  0  0 .1  0  0  0  0 .1  0.01.01.01  0  0  0  0  0.01  0
2G3  0  0  0  0  0  0  0  0  0  0  0  0  0  0  0  0  0  0  0  0  0  0  0  0  0
2G4  0.01.01  0  0  0  0  0  0  0  0  0  0  0  0  0  0  0  0  0  0  0  0  0  0
2G5 46  0  0  0  0  0  0  0  0  0  0  0  0 
2E1  4  0  0  0  0  0  0 .5 15 20  0  0 .1  0  0  0  0  0  0  0  0  0  0  0  0
2E2  0  0  0 .1  0  0  0  0  1  0  0  0  0 .1  0.01.01.01  0  0  0  0  0  0  0
2E3  0  0  0  0  0  0  0  0  0  0  0  0  0  0  0  0  0  0  0  0  0  0  0  0  0
2E4  0 .1  0  0  0  0  0  0  0  0  0  0  0  0  0  0  0  0  0  0  0  0  0  0  0
2E5 45  0  0  0  0  0  0  0  0  0  0  0  0 
2C1  4  0  0  0  0  0  0 .5  2 30  0  0  0  0  0  0  0  0  0  0  0  0  0  0  0
2C2  0  0  0  0  0  0  0  0  1  0  0  0  0 .1  0.01 .1 .1  0  0  0  0  0  0  0
2C3  0  0  0  0  0  0  0  0  0  0  0  0  0  0  0  0  0  0  0  0  0  0  0  0  0
2C4  0.01 .1  0  0  0  0  0  0  0  0  0  0  0  0  0  0  0  0  0  0  0  0  0  0
2C5 45  0  0  0  0  0  0  0  0  0  0  0  0 
2A1  2  0  0  0  0  0  0 .5 12 25  0  0  0  0  0  0  0  0  0  0  0  0  0  0  0
2A2  0  0  0  0  0  0  0  0  2.01  0  0  0 .1  0  0.01  0  0  0  0  0  0  0  0
2A3  0  0  0  0  0  0  0  0  0  0  0  0  0  0  0  0  0  0  0  0  0  0  0  0  0
2A4  0.01  0  0  0  0  0  0  0  0  0  0  0  0  0  0  0  0  0  0  0  0  0  0  0
2A5 45  0  0  0  0  0  0  0  0  0  0  0  0 
4A1  5  0  0  0  0  0  0 .5  3 12  0  0  0  0  0  0  0  0  0  0  0  0  0  0  0
4A2  0  0  0.01  0  0  0  0  3  0  0  0  0.01  0.01.01 .1  0  0  0  0  0  0  0
4A3  0  0  0  0  0  0  0  0  0  0  0  0  0  0  0  0  0  0  0  0  0  0  0  0  0
4A4  0.01.01  0  0  0  0  0  0  0  0  0  0  0  0  0  0  0  0  0  0  0  0  0  0
4A5 45  0  0  0  0  0  0  0  0  0  0  0  0 
4C1  6  0  0  0  0  0  0 .1  5 10  0  0  0  0  0  0  0  0  0  0  0  0  0  0  0
4C2  0  0  0 .1  0  0  0  0  2  0  0  0  0 .1  0  0  0.01  0  0  0  0  0.01  0
4C3  0  0  0  0  0  0  0  0  0  0  0  0  0  0  0  0  0  0  0  0  0  0  0  0  0
4C4  0.01.01  0  0  0  0  0  0  0  0  0  0  0  0  0  0  0  0  0  0  0  0  0  0
4C5 45  0  0  0  0  0  0  0  0  0  0  0  0 
4E1  0  0  0  0  0  0  0 .5  2 20  0  0  0  0  0  0  0  0  0  0  0  0  0  0  0
4E2  0  0  0.01  0  0  0  0  3  0  0  0  0 .1  0  0 .1  0  0  0  0  0  0  0  0
4E3  0  0  0  0  0  0  0  0  0  0  0  0  0  0  0  0  0  0  0  0  0  0  0  0  0
4E4  0.01  0  0  0  0  0  0  0  0  0  0  0  0  0  0  0  0  0  0  0  0  0  0  0
4E5 45  0  0  0  0  0  0  0  0  0  0  0  0 
4G1  2  0  0  0  0  0  0  1  8 20  0  0  0  0  0  0  0  0  0  0  0  0  0  0  0
4G2  0  0  0.01  0  0  0  0  3  0  0  0  0 .5  0.01 .1 .1  0  0  0  0  0 .1  0
4G3  0  0  0  0  0  0  0  0  0  0  0  0  0  0  0  0  0  0  0  0  0  0  0  0  0
4G4  0.01  0  0  0  0  0  0  0  0  0  0  0  0  0  0  0  0  0  0  0  0  0  0  0
4G5 45  0  0  0  0  0  0  0  0  0  0  0  0 
4I1  3  0  0  0  0  0  0  1  8 20  0  0  0  0  0  0  0  0  0  0  0  0  0  0  0
4I2  0  0  0  0  0  0  0  0  2  0  0  0  0 .1  0 .1 .1.01  0  0  0  0  0  0  0
4I3  0  0  0  0  0  0  0  0  0  0  0  0  0  0  0  0  0  0  0  0  0  0  0  0  0
4I4  0.01  0  0  0  0  0  0  0  0  0  0  0  0  0  0  0  0  0  0  0  0  0  0  0
4I5 45  0  0  0  0  0  0  0  0  0  0  0  0 
6I1  5  0  0  0  0  0  0 .1  3 20  0  0.01  0  0  0  0  0  0  0  0  0  0  0  0
6I2  0  0  0 .1  0  0  0  0 .5  0  0  0  0 .1  0  0 .5  0  0  0  0  0  0  0  0
6I3  0  0  0  0  0  0  0  0  0  0  0  0  0  0  0  0  0  0  0  0  0  0  0  0  0
6I4  0.01.01  0  0  0  0  0  0  0  0  0  0  0  0  0  0  0  0  0  0  0  0  0  0
6I5 46  0  0  0  0  0  0  0  0  0  0  0  0 
6G1  3  0  0  0  0  0  0  1  7 20  0  0  0  0  0  0  0  0  0  0  0  0  0  0  0
6G2  0  0  0 .5  0  0  0  0  4  0  0  0  0  0  0  0 .5 .1  0  0  0  0  0  0  0
6G3  0  0  0  0  0  0  0  0  0  0  0  0  0  0  0  0  0  0  0  0  0  0  0  0  0
6G4  0.01.01  0  0  0  0  0  0  0  0  0  0  0  0  0  0  0  0  0  0  0  0  0  0
6G5 46  0  0  0  0  0  0  0  0  0  0  0  0 
6E1  5  0  0  0  0  0  0  1  5 20  0  0  0  0  0  0  0  0  0  0  0  0  0  0  0
6E2  0  0  0 .1  0  0  0  0  2  0  0  0  0 .1  0  0 .5 .1  0  0  0  0  0  0  0
6E3  0  0  0  0  0  0  0  0  0  0  0  0  0  0  0  0  0  0  0  0  0  0  0  0  0
6E4  0.01 .1  0  0  0  0  0  0  0  0  0  0  0  0  0  0  0  0  0  0  0  0  0  0
6E5 45  0  0  0  0  0  0  0  0  0  0  0  0 
6C1  7  0  0  0  0  0  0 .5  6 20.01  0.01  0  0  0  0  0  0  0  0  0  0  0  0
6C2  0  0  0.01  0  0  0  0  3.01  0  0  0.01  0.01 .5 .1  0  0  0  0  0 .1  0
6C3  0  0  0  0  0  0  0  0  0  0  0  0  0  0  0  0  0  0  0  0  0  0  0  0  0
6C4  0.01.01  0  0  0  0  0  0  0  0  0  0  0  0  0  0  0  0  0  0  0  0  0  0
6C5 45  0  0  0  0  0  0  0  0  0  0  0  0 
6A1  4  0  0  0  0  0  0 .5 10  7  0  0  0  0  0  0  0  0  0  0  0  0  0  0  0
6A2  0  0  0.01  0  0  0  0  3.01  0  0  0  0  0  0 .5.01  0  0  0  0  0 .1  0
6A3  0  0  0  0  0  0  0  0  0  0  0  0  0  0  0  0  0  0  0  0  0  0  0  0  0
6A4  0.01.01  0  0  0  0  0  0  0  0  0  0  0  0  0  0  0  0  0  0  0  0  0  0
6A5 45  0  0  0  0  0  0  0  0  0  0  0  0 
8A1 10  0  0  0  0  0  0  1 17 17  0  0  0  0  0  0  0  0  0  0  0  0  0  0  0
8A2  0  0  0  0  0  0  0  0  3  0  0  0  0  0  0.01  0.01  0  0  0  0  0 .1  0
8A3  0  0  0  0  0  0  0  0  0  0  0  0  0  0  0  0  0  0  0  0  0  0  0  0  0
8A4  0  0.01  0  0  0  0  0  0  0  0  0  0  0  0  0  0  0  0  0  0  0  0  0  0
8A5 45  0  0  0  0  0  0  0  0  0  0  0  0 
8C1  3  0  0  0  0  0  0 .5 10 15.01  0  0  0  0  0  0  0  0  0  0  0  0  0  0
8C2  0  0  0  0  0  0  0  0  3  0  0  0  0.01  0.01.01  0  0  0  0  0  0  0  0
8C3  0  0  0  0  0  0  0  0  0  0  0  0  0  0  0  0  0  0  0  0  0  0  0  0  0
8C4  0.01.01  0  0  0  0  0  0  0  0  0  0  0  0  0  0  0  0  0  0  0  0  0  0
8C5 44  0  0  0  0  0  0  0  0  0  0  0  0 
8E1  1  0  0  0  0  0  0 .5  6 15  0  0  0  0  0  0  0  0  0  0  0  0  0  0  0
8E2  0  0  0  0  0  0  0  0  2  0  0  0  0.01  0 .1  0  0  0  0  0  0.01 .1  0
8E3  0  0  0  0  0  0  0  0  0  0  0  0  0  0  0  0  0  0  0  0  0  0  0  0  0
8E4  0.01.01  0  0  0  0  0  0  0  0  0  0  0  0  0  0  0  0  0  0  0  0  0  0
8E5 45  0  0  0  0  0  0  0  0  0  0  0  0 
8G1  8  0  0  0  0  0  0 .5 12 12  0  0  0  0  0  0  0  0  0  0  0  0  0  0  0
8G2  0  0  0.01  0  0  0  0  4  0  0  0  0.01  0.01 .1  0  0  0  0  0  0 .1  0
8G3  0  0  0  0  0  0  0  0  0  0  0  0  0  0  0  0  0  0  0  0  0  0  0  0  0
8G4  0.01 .1  0  0  0  0  0  0  0  0  0  0  0  0  0  0  0  0  0  0  0  0  0  0
8G5 45  0  0  0  0  0  0  0  0  0  0  0  0 
8I1  0  0  0  0  0  0  0  1  3 14  0  0.01  0  0  0  0  0  0  0  0  0  0  0  0
8I2  0  0  0.01  0  0  0  0  3  0  0  0  0 .1  0.01 .1.01  0  0  0  0  0.01  0
8I3  0  0  0  0  0  0  0  0  0  0  0  0  0  0  0  0  0  0  0  0  0  0  0  0  0
8I4  0.01 .1  0  0  0  0  0  0  0  0  0  0  0  0  0  0  0  0  0  0  0  0  0  0
8I5 45  0  0  0  0  0  0  0  0  0  0  0  0 
0A1  4  0  0  0  0  0  0  5 20 10  0  0 .1  0  0  0  0  0  0  0  0  0  0  0  0
0A2  0  0  0 .1  0  0  0.01  2.01  0  0  0.01  0.01 .5  0.01  0.01  0  0  1  0
0A3  0  0  0  0  0  0  0  0  0  0  0  0  0  0  0  0  0  0  0  0  0  0  0  0  0
0A4  0.01 .1  0.01  0  0  0  0  0  0  0  0  0  0  0  0  0  0  0  0  0  0  0  0
0A5 70  0  0  0  0  0  0  0  0  0  0  0  0
0C1  6  0  0  0  0  0  0  2  1 20  0  0 .1  0  0  0  0  0  0  0  0  0  0  0  0
0C2  0  0  0 .1  0  0  0 .1 .1  0  0  0  0 .1  0  0  0  0  0  0  0  0  0  1  0
0C3  0  0  0  0  0  0  0  0  0  0  0  0  0  0  0  0  0  0  0  0  0  0  0  0  0
0C4  0.01  0  0.01  0  0  0  0  0  0  0  0  0  0  0  0  0  0  0  0  0  0  0  0
0C5 74  0  0  0  0  0  0  0  0  0  0  0  0
0E1  1  0  0  0  0  0  0  2 10 15.01  0 .1  0  0  0  0  0  0  0  0  0  0  0  0
0E2  0  0  0 .1  0  0  0.01  2.01  0  0  0 .5  0 .1 .5  0  0  0  0  0  0 .5  0
0E3  0  0  0  0  0  0  0  0  0  0  0  0  0  0  0  0  0  0  0  0  0  0  0  0  0
0E4  0 .1  0  0.01  0  0  0  0  0  0  0  0  0  0  0  0  0  0  0  0  0  0  0  0
0E5 70  0  0  0  0  0  0  0  0  0  0  0  0
0G1  3  0  0  0  0  0  0  2 22 17  0  0  0  0  0  0  0  0  0  0  0  0  0  0  0
0G2  0  0  0  1  0  0  0 .1  2.01  0  0  0  0  0 .1 .5 .1  0  0  0  0  0  3  0
0G3  0  0  0  0  0  0  0  0  0  0  0  0  0  0  0  0  0  0  0  0  0  0  0  0  0
0G4  0.01 .5  0  0  0  0  0  0  0  0  0  0  0  0  0  0  0  0  0  0  0  0  0  0
0G5 66  0  0  0  0  0  0  0  0  0  0  0  0
0I1 .5  0  0  0  0  0  0  1 14 10  0  0 .1  0  0  0  0  0  0  0  0  0  0  0  0
0I2  0  0  0  1  0  0  0 .1 .5  0  0  0  0  0  0 .1 .5  0  0  0  0  0  0  3  0
0I3  0  0  0  0  0  0  0  0  0  0  0  0  0  0  0  0  0  0  0  0  0  0  0  0  0
0I4  0 .1 .1  0  0  0  0  0  0  0  0  0  0  0  0  0  0  0  0  0  0  0  0  0  0
0I5 69  0  0  0  0  0  0  0  0  0  0  0  0
2I1  8  0  0  0  0  0  0  3  8 10  0  0 .1  0  0  0  0  0  0  0  0  0  0  0  0
2I2  0  0  0 .5  0  0  0 .5  0  0  0  0 .5  0 .1  0  0  0  0  0  0  0  0 .1  0
2I3  0  0  0  0  0  0  0  0  0  0  0  0  0  0  0  0  0  0  0  0  0  0  0  0  0
2I4  0 .1  0  0  0  0  0  0  0  0  0  0  0  0  0  0  0  0  0  0  0  0  0  0  0
2I5 73  0  0  0  0  0  0  0  0  0  0  0  0
2G1  0  0  0  0  0  0  0  8 .5 30  0  0  0  0  0  0  0  0  0  0  0  0  0  0  0
2G2  0  0  0 .5  0  0  0  0  1  0  0  0  0  1  0 .1  0  0  0  0  0  0  0  4  0
2G3  0  0  0  0  0  0  0  0  0  0  0  0  0  0  0  0  0  0  0  0  0  0  0  0  0
2G4  0 .1 .1  0  0  0  0  0  0  0  0  0  0  0  0  0  0  0  0  0  0  0  0  0  0
2G5 73  0  0  0  0  0  0  0  0  0  0  0  0
2E1 10  0  0  0  0  0  0  3 10  5  0  0 .5  0  0  0  0  0  0  0  0  0  0  0  0
2E2  0  0  0  1  0  0  0 .1  1  0  0  0  0  1  0 .1  0  0  0  0  0  0  0  2  0
2E3  0  0  0  0  0  0  0  0  0  0  0  0  0  0  0  0  0  0  0  0  0  0  0  0  0
2E4  0 .1  0  0  0  0  0  0  0  0  0.01  0  0  0  0  0  0  0  0  0  0  0  0  0
2E5 70  0  0  0  0  0  0  0  0  0  0  0  0
2C1  5  0  0  0  0  0  0  1  3 17  0  0 .1  0  0  0  0  0  0  0  0  0  0  0  0
2C2  0  0  0 .1  0  0  0 .1  1  0  0  0  0 .5  0  0 .1  0  0  0  0  0  0  0  0
2C3  0  0  0  0  0  0  0  0  0  0  0  0  0  0  0  0  0  0  0  0  0  0  0  0  0
2C4  0.01 .1  0  0  0  0  0  0  0  0  0  0  0  0  0  0  0  0  0  0  0  0  0  0
2C5 70  0  0  0  0  0  0  0  0  0  0  0  0
2A1  1  0  0  0  0  0  0  3 12 20  0  0  0  0  0  0  0  0  0  0  0  0  0  0  0
2A2  0  0  0 .1  0  0  0  0 .5.01  0  0  0 .5  0  0 .5  0  0  0  0  0  0 .1  0
2A3  0  0  0  0  0  0  0  0  0  0  0  0  0  0  0  0  0  0  0  0  0  0  0  0  0
2A4  0.01  0  0  0  0  0  0  0  0  0  0  0  0  0  0  0  0  0.01  0  0  0  0  0
2A5 71  0  0  0  0  0  0  0  0  0  0  0  0
4A1 10  0  0  0  0  0  0  1  7 10  0  0 .1  0  0  0  0  0  0  0  0  0  0  0  0
4A2  0  0  0  1  0  0  0  0  4.01  0  0  0 .1  0  0 .1 .1  0  0  0  0  0 .5  0
4A3  0  0  0  0  0  0  0  0  0  0  0  0  0  0  0  0  0  0  0  0  0  0  0  0  0
4A4  0 .1 .1  0  0  0  0  0  0  0  0  0  0  0  0  0  0  0  0  0  0  0  0  0  0
4A5 71  0  0  0  0  0  0  0  0  0  0  0  0
4C1 10  0  0  0  0  0  0  2  2  8  0  0.01  0  0  0  0  0  0  0  0  0  0  0  0
4C2  0  0  0 .5  0  0  0  0  2  0  0  0  0 .5  0  0  0  0  0  0  0  0  0  1  0
4C3  0  0  0  0  0  0  0  0  0  0  0  0  0  0  0  0  0  0  0  0  0  0  0  0  0
4C4  0.01 .1  0  0  0  0  0  0  0  0  0  0  0  0  0  0  0  0  0  0  0  0  0  0
4C5 68  0  0  0  0  0  0  0  0  0  0  0  0
4E1 .1  0  0  0  0  0  0  3  1 20  0  0 .1  0  0  0  0  0  0  0  0  0  0  0  0
4E2  0  0  0  2  0  0  0 .1  1  0  0  0  0 .5  0  0 .1  0  0  0  0  0  0  2  0
4E3  0  0  0  0  0  0  0  0  0  0  0  0  0  0  0  0  0  0  0  0  0  0  0  0  0
4E4  0 .1  0  0  0  0  0  0  0  0  0  0  0  0  0  0  0  0  0  0  0  0  0  0  0
4E5 68  0  0  0  0  0  0  0  0  0  0  0  0
4G1  3  0  0  0  0  0  0  6  4 25  0  0  0  0  0  0  0  0  0  0  0  0  0  0  0
4G2  0  0  0  2  0  0  0.01  4  0  0  0  0 .5  0 .1 .5 .1  0  0  0  0  0  1  0
4G3  0  0  0  0  0  0  0  0  0  0  0  0  0  0  0  0  0  0  0  0  0  0  0  0  0
4G4  0 .1  0  0  0  0  0  0  0  0  0  0  0  0  0  0  0  0  0  0  0  0  0  0  0
4G5 68  0  0  0  0  0  0  0  0  0  0  0  0
4I1  4  0  0  0  0  0  0  4  6 12  0  0 .1  0  0  0  0  0  0  0  0  0  0  0  0
4I2  0  0  0 .5  0  0  0 .1  2.01  0  0  0 .5  0  0 .1  0  0  0  0  0  0  1  0
4I3  0  0  0  0  0  0  0  0  0  0  0  0  0  0  0  0  0  0  0  0  0  0  0  0  0
4I4  0 .1  0  0.01  0  0  0  0  0  0  0  0  0  0  0  0  0  0  0  0  0  0  0  0
4I5 73  0  0  0  0  0  0  0  0  0  0  0  0
6I1  8  0  0  0  0  0  0  1  4 17  0  0 .1  0  0  0  0  0  0  0  0  0  0  0  0
6I2  0  0  0 .5  0  0  0 .1 .5  0  0  0  0  1  0  0 .5  0  0  0  0  0  0 .1  0
6I3  0  0  0  0  0  0  0  0  0  0  0  0  0  0  0  0  0  0  0  0  0  0  0  0  0
6I4  0 .1.01  0  0  0  0  0  0  0  0  0  0  0  0  0  0  0  0  0  0  0  0  0  0
6I5 70  0  0  0  0  0  0  0  0  0  0  0  0
6G1  3  0  0  0  0  0  0  2 12 15  0  0 .1  0  0  0  0  0  0  0  0  0  0  0  0
6G2  0  0  0  3  0  0  0 .1 .5  0  0  0  0  1  0  0 .5.01  0  0  0  0  0 .5  0
6G3  0  0  0  0  0  0  0  0  0  0  0  0  0  0  0  0  0  0  0  0  0  0  0  0  0
6G4  0.01 .1  0  0  0  0  0  0  0  0  0  0  0  0  0  0  0  0  0  0  0  0  0  0
6G5 70  0  0  0  0  0  0  0  0  0  0  0  0
6E1 10  0  0  0  0  0  0  3  5 20  0  0  0  0  0  0  0  0  0  0  0  0  0  0  0
6E2  0  0  0  2  0  0  0 .1  3  0  0  0  0  1  0  0 .5  0  0  0  0  0  0  3  0
6E3  0  0  0  0  0  0  0  0  0  0  0  0  0  0  0  0  0  0  0  0  0  0  0  0  0
6E4  0 .1 .1  0  0  0  0  0  0  0  0  0  0  0  0  0  0  0  0  0  0  0  0  0  0
6E5 71  0  0  0  0  0  0  0  0  0  0  0  0
6C1 10  0  0  0  0  0  0  2  6 15  0  0  0  0  0  0  0  0  0  0  0  0  0  0  0
6C2  0  0  0  1  0  0  0 .1  3  0  0  0  0  1  0  0  1 .1  0  0  0  0  0  1  0
6C3  0  0  0  0  0  0  0  0  0  0  0  0  0  0  0  0  0  0  0  0  0  0  0  0  0
6C4  0.01 .1  0  0  0  0  0  0  0  0  0  0  0  0  0  0  0  0  0  0  0  0  0  0
6C5 70  0  0  0  0  0  0  0  0  0  0  0  0
6A1  5  0  0  0  0  0  0  2  7  5  0  0  0  0  0  0  0  0  0  0  0  0  0  0  0
6A2  0  0  0 .5  0  0  0 .1  2  0  0  0  0 .1  0  0 .5  0  0  0  0  0  0  1  0
6A3  0  0  0  0  0  0  0  0  0  0  0  0  0  0  0  0  0  0  0  0  0  0  0  0  0
6A4  0 .1.01  0  0  0  0  0  0  0  0  0  0  0  0  0  0  0  0  0  0  0  0  0  0
6A5 74  0  0  0  0  0  0  0  0  0  0  0  0
8A1 10  0  0  0  0  0  0  2 20  8  0  0  0  0  0  0  0  0  0  0  0  0  0  0  0
8A2  0  0  0 .5  0  0  0 .1  2  0  0  0  0  1  0  0 .1  0  0  0  0  0  0  4  0
8A3  0  0  0  0  0  0  0  0  0  0  0  0  0  0  0  0  0  0  0  0  0  0  0  0  0
8A4  0 .1  0  0  0  0  0  0  0  0  0  0  0  0  0  0  0  0  0  0  0  0  0  0  0
8A5 74  0  0  0  0  0  0  0  0  0  0  0  0
8C1  5  0  0  0  0  0  0  2  4 18 .1  0 .1  0  0  0  0  0  0  0  0  0  0  0  0
8C2  0  0  0 .1  0  0  0 .1  2.01  0  0  0  1  0  0 .1  0  0  0  0  0  0  1  0
8C3  0  0  0  0  0  0  0  0  0  0  0  0  0  0  0  0  0  0  0  0  0  0  0  0  0
8C4  0.01 .1  0  0  0  0  0  0  0  0  0  0  0  0  0  0  0  0  0  0  0  0  0  0
8C5 72  0  0  0  0  0  0  0  0  0  0  0  0
8E1  1  0  0  0  0  0  0  1  4 10  0  0  0  0  0  0  0  0  0  0  0  0  0  0  0
8E2  0  0  0 .5  0  0  0  0  2.01  0  0  0  1  0  0  0.01  0  0  0  0  0  2  0
8E3  0  0  0  0  0  0  0  0  0  0  0  0  0  0  0  0  0  0  0  0  0  0  0  0  0
8E4  0.01 .1  0  0  0  0  0  0  0  0  0  0  0  0  0  0  0  0  0  0  0  0  0  0
8E5 75  0  0  0  0  0  0  0  0  0  0  0  0
8G1 10  0  0  0  0  0  0  2  8  8  0  0  0  0  0  0  0  0  0  0  0  0  0  0  0
8G2  0  0  0  2  0  0  0 .1  3.01  0  0  0  2  0  0 .1  0  0  0  0  0  0 .5  0
8G3  0  0  0  0  0  0  0  0  0  0  0  0  0  0  0  0  0  0  0  0  0  0  0  0  0
8G4  0 .1 .1  0  0  0  0  0  0  0  0  0  0  0  0  0  0  0  0  0  0  0  0  0  0
8G5 70  0  0  0  0  0  0  0  0  0  0  0  0
8I1  1  0  0  0  0  0  0  3  2  8  0  0 .5  0  0  0  0  0  0  0  0  0  0  0  0
8I2  0  0  0  2  0  0  0 .1  2.01  0  0  0  1  0 .1 .1  0.01  0  0  0  0  1  0
8I3  0  0  0  0  0  0  0  0  0  0  0  0  0  0  0  0  0  0  0  0  0  0  0  0  0
8I4  0.01.01  0  0  0  0  0  0  0  0  0  0  0  0  0  0  0  0  0  0  0  0  0  0
8I5 71  0  0  0  0  0  0  0  0  0  0  0  0
