0A12. 0. 0. 0. 0. 0. 0. .1 4. 0. 0. 0. 0. 0. 0. 0. 0. 0. 0. 10.0. 0. 0. 0. 0.
0A20. 0. 0. 0. 0. 0. 0. 0. .5 0. 0. 0. 0. 0. 0. .1 0. 0. 0. 0. 0. 0. 0. .1 0.
0A30. 0. 0. 0. 0. 0. 0. 0. 0. 0. 0. 0. 0. 0. 0. 0. 0. 0. 0. 0. 0. 0. 0. 0. 0.
0A40. 0. .010. 0. 0. 0. 0. 0. 0. 0. 0. 0. 0. 0. 0. 0. 2. 0. 0. 0. 0. 0. 0. 0.
0A534.0. 0. 0. 0. 0. 0. 0.
0C110.0. 20.0. 0. 0. 0. .1 3. 0. .1 0. 0. 0. 0. 0. 0. 0. 0. 20.0. 0. 0. 0. 0.
0C20. 0. 0. 0. 0. 0. 0. 0. .1 0. 0. 0. 0. 0. 0. .1 0. 0. 0. 0. 0. 0. 0. .1 0.
0C30. 0. 0. 0. 0. 0. 0. 0. 0. 0. 0. 0. 0. 0. 0. 0. 0. 0. 0. 0. 0. 0. 0. 0. 0.
0C40. 0. .010. 0. 0. 0. 0. 0. 0. 0. 0. 0. 0. 0. 0. 0. 8. .1 0. 0. 0. 0. 0. 0.
0C534.0. 0. 0. 0. 0. 0. 0.
0E11. 0. 4. 0. 0. 0. 0. .1 3. 0. .1 0. 0. 0. 0. 0. 0. 0. 0. 30.0. 0. 0. 0. 0.
0E20. 0. 0. 0. 0. 0. 0. 0. .5 0. 0. 0. 0. 0. 0. .010. 0. 0. 0. 0. 0. 0. .1 0.
0E30. 0. 0. 0. 0. 0. 0. 0. 0. 0. 0. 0. 0. 0. 0. 0. 0. 0. 0. 0. 0. 0. 0. 0. 0.
0E40. 0. 0. 0. 0. 0. 0. 0. 0. 0. 0. 0. 0. 0. 0. 0. 0. 0. .5 0. 0. 0. 0. 0. 0.
0E533.0. 0. 0. 0. 0. 0. 0.
0G15. 0. 2. 0. 0. 0. 0. .1 3. 0. 0. 0. 0. 0. 0. 0. 0. 0. 0. 7. 0. 0. 0. 0. .1
0G20. 0. 0. 0. 0. 0. 0. 0. 1. 0. 0. 0. 0. 0. 0. 0. 0. 0. 0. 0. 0. 0. 0. .1 0.
0G30. 0. 0. 0. 0. 0. 0. 0. 0. 0. 0. 0. 0. 0. 0. 0. 0. 0. 0. 0. 0. 0. 0. 0. 0.
0G40. 0. .010. 0. 0. 0. 0. 0. 0. 0. 0. 0. 0. 0. 0. 0. 0. 0. 0. 0. 0. 0. 0. 0.
0G533.0. 0. 0. 0. 0. 0. 0.
0I115.0. 0. .1 0. 0. 0. .1 7. 0. .010. 0. 0. 0. 0. 0. 0. 0. 6. 0. 0. 0. 0. 0.
0I20. 0. 0. 0. 0. 0. 0. 0. .5 0. 0. 0. 0. 0. 0. .010. 0. 0. 0. 0. 0. 0. .1 0.
0I30. 0. 0. 0. 0. 0. 0. 0. 0. 0. 0. 0. 0. 0. 0. 0. 0. 0. 0. 0. 0. 0. 0. 0. 0.
0I40. 0. .010. 0. 0. 0. 0. 0. 0. 0. 0. 0. 0. 0. 0. 0. 0. 0. 0. .010. 0. 0. 0.
0I533.0. 0. 0. 0. 0. 0. 0.
2A120.0. 0. 0. 0. 0. 0. .0120..1 .010. 0. 0. 0. 0. 0. 0. 0. 15.0. 0. 0. 0. 2.
2A20. 0. 0. 0. 0. 0. 0. 0. .5 0. 0. 0. 0. 0. 0. .010. 0. 0. 0. 0. 0. 0. .010.
2A30. 0. 0. 0. 0. 0. 0. 0. 0. 0. 0. 0. 0. 0. 0. 0. 0. 0. 0. 0. 0. 0. 0. 0. 0.
2A40. 0. .010. 0. 0. 0. 0. 0. 0. 0. 0. 0. 0. 0. 0. 0. 0. 0. 0. 0. 0. 0. 0. 0.
2A534.0. 0. 0. 0. 0. 0. 0.
2C15. 0. 20.0. 0. 0. 0. .1 5. 0. 0. 0. 0. 0. 0. 0. 0. 0. 0. 17.0. 0. 0. 0. .01
2C20. 0. 0. 0. 0. 0. 0. 0. .5 0. 0. 0. 0. 0. 0. 0. 0. 0. 0. 0. 0. 0. 0. .010.
2C30. 0. 0. .010. 0. 0. 0. 0. 0. 0. 0. 0. 0. 0. 0. 0. 0. 0. 0. 0. 0. 0. 0. 0.
2C40. 0. .010. 0. 0. 0. 0. 0. 0. 0. 0. 0. 0. 0. 0. 0. 0. 0. 0. 0. 0. 0. 0. 0.
2C533.0. 0. 0. 0. 0. 0. 0.
2E16. 0. 2. 0. 0. 0. 0. .0112.0. .1 0. 0. 0. 0. 0. 0. 0. 0. 25.0. 0. 0. 0. .1
2E20. 0. 0. 0. 0. 0. 0. 0. .5 0. 0. 0. 0. 0. 0. 0. 0. 0. 0. 0. 0. 0. 0. .1 0.
2E30. 0. 0. 0. 0. 0. 0. 0. 0. 0. 0. 0. 0. 0. 0. 0. 0. 0. 0. 0. 0. 0. 0. 0. 0.
2E40. 0. .010. 0. 0. 0. 0. 0. 0. 0. 0. 0. 0. 0. 0. 0. 0. 0. 0. 0. 0. 0. 0. 0.
2E534.0. 0. 0. 0. 0. 0. 0.
2G18. 0. 10.0. 0. 0. 0. .014. 0. .010. 0. 0. 0. 0. 0. 0. 0. 5. 0. 0. 0. 0. 0.
2G20. 0. 0. 0. 0. 0. 0. 0. .1 0. 0. 0. 0. 0. 0. 0. 0. 0. 0. 0. 0. 0. 0. .1 0.
2G30. 0. 0. 0. 0. 0. 0. 0. 0. 0. 0. 0. 0. 0. 0. 0. 0. 0. 0. 0. 0. 0. 0. 0. 0.
2G40. 0. .010. 0. 0. 0. 0. 0. 0. 0. 0. 0. 0. 0. 0. 0. 0. 0. 0. 0. 0. 0. 0. 0.
2G534.0. 0. 0. 0. 0. 0. 0.
2I112.0. 3. 0. 0. 0. 0. .016. 0. .010. 0. 0. 0. 0. 0. 0. 0. 6. 0. 0. 0. 0. 0.
2I20. 0. 0. 0. 0. 0. 0. 0. .1 0. 0. 0. 0. 0. 0. 0. 0. 0. 0. 0. 0. 0. 0. .1 0.
2I30. 0. 0. .1 0. 0. 0. 0. 0. 0. 0. 0. 0. 0. 0. 0. 0. 0. 0. 0. 0. 0. 0. 0. 0.
2I40. .01.010. 0. 0. 0. 0. 0. 0. 0. 0. 0. 0. 0. 0. 0. 0. 0. 0. 0. 0. 0. 0. 0.
2I534.0. 0. 0. 0. 0. 0. 0.
4A117.0. 17.0. 0. 0. 0. .1 7. 0. .1 0. 0. 0. 0. 0. 0. 0. 0. 6. 0. 0. 0. 0. 0.
4A20. 0. 0. 0. 0. 0. 0. 0. .1 0. 0. 0. 0. 0. 0. .010. 0. 0. 0. 0. 0. 0. .1 0.
4A30. 0. 0. 0. 0. 0. 0. 0. 0. 0. 0. 0. 0. 0. 0. 0. 0. 0. 0. 0. 0. 0. 0. 0. 0.
4A40. 0. .010. 0. 0. 0. 0. 0. 0. 0. 0. 0. 0. 0. 0. 0. 0. 0. 0. 0. 0. 0. 0. 0.
4A533.0. 0. 0. 0. 0. 0. 0.
4C115.0. 10.0. 0. 0. 0. .1 25..1 .010. 0. 0. 0. 0. 0. 0. 0. 3. 0. 0. 0. 0. 0.
4C20. 0. 0. 0. 0. 0. 0. 0. .1 0. 0. 0. 0. 0. 0. 0. 0. 0. 0. 0. 0. 0. 0. .1 0.
4C30. 0. 0. 0. 0. 0. 0. 0. 0. 0. 0. 0. 0. 0. 0. 0. 0. 0. 0. 0. 0. 0. 0. 0. 0.
4C40. .01.010. 0. 0. 0. 0. 0. 0. 0. 0. 0. 0. 0. 0. 0. 0. 0. 0. 0. 0. 0. 0. 0.
4C534.0. 0. 0. 0. 0. 0. 0.
4E110.0. 25..1 0. 0. 0. .013. 0. .1 0. 0. 0. 0. 0. 0. 0. 0. 3. 0. 0. 0. 0. .5
4E20. 0. 0. 0. 0. 0. 0. 0. .1 0. 0. 0. 0. 0. 0. 0. 0. 0. 0. 0. 0. 0. 0. .010.
4E30. 0. 0. .010. 0. 0. 0. 0. 0. 0. 0. 0. 0. 0. 0. 0. 0. 0. 0. 0. 0. 0. 0. 0.
4E40. 0. .010. 0. 0. 0. 0. 0. 0. 0. 0. 0. 0. 0. 0. 0. 0. 0. 0. 0. 0. 0. 0. 0.
4E534.0. 0. 0. 0. 0. 0. 0.
4G13. 0. 2. 0. 0. 0. 0. .1 15.0. .1 0. 0. 0. 0. 0. 0. 0. 0. 10.0. 0. 0. 0. 0.
4G20. 0. 0. 0. 0. 0. 0. 0. 2. 0. 0. 0. 0. 0. 0. 0. 0. 0. 0. 0. 0. 0. 0. .010.
4G30. 0. 0. 0. 0. 0. 0. 0. 0. 0. 0. 0. 0. 0. 0. 0. 0. 0. 0. 0. 0. 0. 0. 0. 0.
4G40. 0. .010. 0. 0. 0. 0. 0. 0. 0. 0. 0. 0. 0. 0. 0. 0. 0. 0. 0. 0. 0. 0. 0.
4G536.0. 0. 0. 0. 0. 0. 0.
4I16. 0. 5. 0. 0. 0. 0. .0110.0. .010. 0. 0. 0. 0. 0. 0. 0. 25.0. 0. 0. 0. 0.
4I20. 0. 0. 0. 0. 0. 0. 0. 2. 0. 0. 0. 0. 0. 0. 0. 0. 0. 0. 0. 0. 0. 0. .1 0.
4I30. 0. 0. 0. 0. 0. 0. 0. 0. 0. 0. 0. 0. 0. 0. 0. 0. 0. 0. 0. 0. 0. 0. 0. 0.
4I40. 0. .010. 0. 0. 0. 0. 0. 0. 0. 0. 0. 0. 0. 0. 0. 0. .1 0. 0. 0. 0. 0. 0.
4I534.0. 0. 0. 0. 0. 0. 0.
6A13. 0. 20..1 0. 0. 0. .1 4. 0. .010. 0. 0. 0. 0. 0. 0. 0. 15.0. 0. 0. 0. 0.
6A20. 0. 0. 0. 0. 0. 0. 0. .1 0. 0. 0. 0. 0. 0. 0. 0. 0. 0. 0. 0. 0. 0. .1 0.
6A30. 0. 0. 0. 0. 0. 0. 0. 0. 0. 0. 0. 0. 0. 0. 0. 0. 0. 0. 0. 0. 0. 0. 0. 0.
6A40. 0. .010. 0. 0. 0. 0. 0. 0. 0. 0. 0. 0. 0. 0. 0. 0. .5 0. 0. 0. 0. 0. 0.
6A534.0. 0. 0. 0. 0. 0. 0.
6C13. 0. 6. 2. 0. 0. 0. .1 8. 0. .010. 0. 0. 0. 0. 0. 0. 0. 20.0. 0. 0. 0. 0.
6C20. 0. 0. 0. 0. 0. 0. 0. .1 0. 0. 0. 0. 0. 0. 0. 0. 0. 0. 0. 0. 0. 0. .1 0.
6C30. 0. 0. 0. 0. 0. 0. 0. 0. 0. 0. 0. 0. 0. 0. 0. 0. 0. 0. 0. 0. 0. 0. 0. 0.
6C40. 0. .010. 0. 0. 0. 0. 0. 0. 0. 0. 0. 0. 0. 0. 0. 0. 0. 0. 0. 0. 0. 0. 0.
6C534.0. 0. 0. 0. 0. 0. 0.
6E14. 0. 10..5 0. 0. 0. 0. 20.0. .010. 0. 0. 0. 0. 0. 0. 0. 12.0. 0. 0. 0. 0.
6E20. 0. 0. 0. 0. 0. 0. 0. 2. 0. 0. 0. 0. 0. 0. 0. 0. 0. 0. 0. 0. 0. 0. .1 0.
6E30. 0. 0. 0. 0. 0. 0. 0. 0. 0. 0. 0. 0. 0. 0. 0. 0. 0. 0. 0. 0. 0. 0. 0. 0.
6E40. 0. .010. 0. 0. 0. 0. 0. 0. 0. 0. 0. 0. 0. 0. 0. 0. 0. 0. 0. 0. 0. 0. 0.
6E536.0. 0. 0. 0. 0. 0. 0.
6G115.0. 2. .1 0. 0. 0. .1 7. 0. .1 0. 0. 0. 0. 0. 0. 0. 0. 4. 0. 0. 0. 0. 0.
6G20. 0. 0. 0. 0. 0. 0. 0. 5. 0. 0. 0. 0. 0. 0. 0. 0. 0. 0. 0. 0. 0. 0. .010.
6G30. 0. 0. .1 0. 0. 0. 0. 0. 0. 0. 0. 0. 0. 0. 0. 0. 0. 0. 0. 0. 0. 0. 0. 0.
6G40. 0. .010. 0. 0. 0. 0. 0. 0. 0. 0. 0. 0. 0. 0. 0. 0. 0. 0. 0. 0. 0. 0. 0.
6G535.0. 0. 0. 0. 0. 0. 0.
6I117.0. 25.0. 0. 0. 0. .01.5 0. .1 0. 0. 0. 0. 0. 0. 0. 0. .1 0. 0. 0. 0. 0.
6I20. 0. 0. 0. 0. 0. 0. 0. .1 0. 0. 0. 0. 0. 0. 0. 0. 0. 0. 0. 0. 0. 0. .1 0.
6I30. 0. 0. 0. 0. 0. 0. 0. 0. 0. 0. 0. 0. 0. 0. 0. 0. 0. 0. 0. 0. 0. 0. 0. 0.
6I40. 0. .010. 0. 0. 0. 0. 0. 0. 0. 0. 0. 0. 0. 0. 0. 0. 0. 0. 0. 0. 0. 0. 0.
6I535.0. 0. 0. 0. 0. 0. 0.
8A13. 0. .1 .010. 0. 0. .1 8. 0. .010. 0. 0. 0. 0. 0. 0. 0. 20.0. 0. 0. 0. 0.
8A20. 0. 0. 0. 0. 0. 0. 0. .1 0. 0. 0. 0. 0. 0. 1. 0. 0. 0. 0. 0. 0. 0. .1 0.
8A30. 0. 0. 0. 0. 0. 0. 0. 0. 0. 0. 0. 0. 0. 0. 0. 0. 0. 0. 0. 0. 0. 0. 0. 0.
8A40. 0. .010. 0. 0. 0. 0. 0. 0. 0. 0. 0. 0. 0. 0. 0. 0. .5 0. 0. 0. 0. 0. 0.
8A534.0. 0. 0. 0. .5 .010.
8C14. 0. 17.0. 0. 0. 0. .5 6. .1 .010. 0. 0. 0. 0. 0. 0. 0. 10.0. 0. 0. 0. 0.
8C20. 0. 0. 0. 0. 0. 0. 0. .1 0. 0. 0. 0. 0. 0. .1 0. 0. 0. 0. 0. 0. 0. .1 0.
8C30. 0. 0. 0. 0. 0. 0. 0. 0. 0. 0. 0. 0. 0. 0. 0. 0. 0. 0. 0. 0. 0. 0. 0. 0.
8C40. 0. .010. 0. 0. 0. 0. 0. 0. 0. 0. 0. 0. 0. 0. 0. .1 0. 0. 0. 0. 0. 0. 0.
8C533.0. 0. 0. 0. .010. 0.
8E11. 0. 25.0. 0. 0. 0. 0. .5 0. .1 0. 0. 0. 0. 0. 0. 0. 0. 7. 0. 0. 0. 0. 0.
8E20. 0. 0. 0. 0. 0. 0. 0. .1 0. 0. 0. 0. 0. 0. 0. 0. 0. 0. 0. 0. 0. 0. .1 0.
8E30. 0. 0. 0. 0. 0. 0. 0. 0. 0. 0. 0. 0. 0. 0. 0. 0. 0. 0. 0. 0. 0. 0. 0. 0.
8E40. 0. 0. 0. 0. 0. 0. 0. 0. 0. 0. 0. 0. 0. 0. 0. 0. 0. 0. 0. 0. 0. 0. 0. 0.
8E536.0. 0. 0. 0. 0. 0. 0.
8G115.0. 20.0. 0. 0. 0. .0110.0. .010. 0. 0. 0. 0. 0. 0. 0. 7. 0. 0. 0. 0. .01
8G20. 0. 0. 0. 0. 0. 0. 0. .1 0. 0. 0. 0. 0. 0. 0. 0. 0. 0. 0. 0. 0. 0. .1 0.
8G30. 0. 0. 0. 0. 0. 0. 0. 0. 0. 0. 0. 0. 0. 0. 0. 0. 0. 0. 0. 0. 0. 0. 0. 0.
8G40. 0. .010. 0. 0. 0. 0. 0. 0. 0. 0. 0. 0. 0. 0. 0. 0. 0. 0. 0. 0. 0. 0. 0.
8G534.0. 0. 0. 0. 0. 0. 0.
8I117.0. 0. 0. 0. 0. 0. .1 20..1 .010. 0. 0. 0. 0. 0. 0. 0. 5. 0. 0. 0. 0. .1
8I20. 0. 0. 0. 0. 0. 0. 0. 1. 0. 0. 0. 0. 0. 0. 0. 0. 0. 0. 0. 0. 0. 0. .010.
8I30. 0. 0. 0. 0. 0. 0. 0. 0. 0. 0. 0. 0. 0. 0. 0. 0. 0. 0. 0. 0. 0. 0. 0. 0.
8I40. .01.010. 0. 0. 0. 0. 0. 0. 0. 0. 0. 0. 0. 0. 0. 0. .5 0. 0. 0. 0. 0. 0.
8I534.0. 0. 0. 0. 0. 0. 0.
0A13. 0. 0. 0. 0. 0. 0. .1 3. 0. 0. 0. 0. 0. 0. 0. 0. .010. 4. 0. 0. 0. 0. 0.
0A20. 0. 0. 0. 0. 0. 0. 0. .1 0. 0. 0. 0. 0. 0. .1 0. 0. 0. 0. 0. 0. 0. .010.
0A30. 0. 0. 0. 0. 0. 0. 0. 0. 0. 0. 0. 0. 0. 0. 0. 0. 0. 0. 0. 0. 0. 0. 0. 0.
0A40. 0. .010. 0. 0. 0. 0. 0. 0. 0. 0. 0. 0. 0. 0. 0. 2. 0. 0. 0. 0. 0. 0. 0.
0A536.0. 0. 0. 0. 0. 0. 0.
0C15. 0. 25.0. 0. 0. 0. .1 2. 0. .1 0. 0. 0. 0. 0. 0. .010. 17.0. 0. 0. 0. 0.
0C20. 0. 0. 0. 0. 0. 0. 0. .1 0. 0. 0. 0. 0. 0. .010. 0. 0. 0. 0. 0. 0. .5 0.
0C30. 0. 0. 0. 0. 0. 0. 0. 0. 0. 0. 0. 0. 0. 0. 0. 0. 0. 0. 0. 0. 0. 0. 0. 0.
0C40. 0. .010. 0. 0. 0. 0. 0. 0. 0. .010. 0. 0. 0. 0. 10.0. 0. 0. 0. 0. .1 0.
0C534.0. 0. 0. 0. 0. 0. 0.
0E12. 0. 10.0. 0. 0. 0. .1 2. .1 .010. 0. 0. 0. 0. 0. .1 0. 25.0. 0. 0. 0. 0.
0E20. 0. 0. 0. 0. 0. 0. 0. .5 0. 0. 0. 0. 0. 0. .010. 0. 0. 0. 0. 0. 0. .1 0.
0E30. 0. 0. 0. 0. 0. 0. 0. 0. 0. 0. 0. 0. 0. 0. 0. 0. 0. 0. 0. 0. 0. 0. 0. 0.
0E40. 0. 0. 0. 0. 0. 0. 0. 0. 0. 0. .010. 0. 0. 0. 0. 0. 0. 0. 0. 0. 0. .5 0.
0E533.0. 0. 0. 0. 0. 0. 0.
0G18. 0. 2. 0. 0. 0. 0. .1 3. .5 .010. 0. 0. 0. 0. 0. .010. 6. 0. 0. 0. 0. .1
0G20. 0. 0. 0. 0. 0. 0. 0. 2. 0. 0. 0. 0. 0. 0. 0. 0. 0. 0. 0. 0. 0. 0. .5 0.
0G30. 0. 0. 0. 0. 0. 0. 0. 0. 0. 0. 0. 0. 0. 0. 0. 0. 0. 0. 0. 0. 0. 0. 0. 0.
0G40. 0. .1 0. 0. 0. 0. 0. 0. 0. 0. 0. 0. 0. 0. 0. 0. 0. 0. 0. 0. 0. 0. 0. 0.
0G534.0. 0. 0. 0. 0. 0. 0.
0I115.0. 1. .1 0. 0. 0. .1 5. 0. .010. 0. 0. 0. 0. 0. 0. 0. 5. 0. 0. 0. 0. 0.
0I20. 0. 0. 0. 0. 0. 0. 0. .5 0. 0. 0. 0. 0. 0. .010. 0. 0. 0. 0. 0. 0. .1 0.
0I30. 0. 0. 0. 0. 0. 0. 0. 0. 0. 0. 0. 0. 0. 0. 0. 0. 0. 0. 0. 0. 0. 0. 0. 0.
0I40. 0. .010. 0. 0. 0. 0. 0. 0. 0. 0. 0. 0. 0. 0. 0. 0. 0. 0. .010. 0. 0. 0.
0I535.0. 0. 0. 0. 0. 0. 0.
2A115.0. 0. 0. 0. 0. 0. .1 8. 15..1 0. 0. 0. 0. 0. 0. .1 0. 12.0. 0. 0. 0. 1.
2A20. 0. 0. 0. 0. 0. 0. 0. 4. 0. 0. 0. 0. 0. 0. .1 0. 0. 0. 0. 0. 0. 0. .1 0.
2A30. 0. 0. 0. 0. 0. 0. 0. 0. 0. 0. 0. 0. 0. 0. 0. 0. 0. 0. 0. 0. 0. 0. 0. 0.
2A40. 0. .1 0. 0. 0. 0. 0. 0. 0. 0. 0. 0. 0. 0. 0. 0. 0. 0. 0. 0. 0. 0. 0. 0.
2A537.0. 0. 0. 0. 0. 0. 0.
2C18. 0. 20.0. 0. 0. 0. .1 6. 0. .010. 0. 0. 0. 0. 0. .1 0. 15.0. 0. 0. 0. 0.
2C20. 0. 0. 0. 0. 0. 0. 0. 2. 0. 0. 0. 0. 0. 0. .010. 0. 0. 0. 0. 0. 0. .5 0.
2C30. 0. 0. 0. 0. 0. 0. 0. 0. 0. 0. 0. 0. 0. 0. 0. 0. 0. 0. 0. 0. 0. 0. 0. 0.
2C40. 0. .010. 0. 0. 0. 0. 0. 0. 0. 0. 0. 0. 0. 0. 0. 0. 0. 0. 0. 0. 0. 0. 0.
2C535.0. 0. 0. 0. 0. 0. 0.
2E16. 0. 3. 0. 0. 0. 0. .1 17..1 .1 0. 0. 0. 0. 0. 0. .1 0. 20.0. 0. 0. 0. .01
2E20. 0. 0. 0. 0. 0. 0. 0. 1. 0. 0. 0. 0. 0. 0. .010. 0. 0. 0. 0. 0. 0. .1 0.
2E30. 0. 0. 0. 0. 0. 0. 0. 0. 0. 0. 0. 0. 0. 0. 0. 0. 0. 0. 0. 0. 0. 0. 0. 0.
2E40. 0. .1 0. 0. 0. 0. 0. 0. 0. 0. 0. 0. 0. 0. 0. 0. 0. 0. 0. 0. 0. 0. 0. 0.
2E535.0. 0. 0. 0. 0. 0. 0.
2G18. 0. 10.0. 0. 0. 0. .1 10.0. .010. 0. 0. 0. 0. 0. .1 0. 8. 0. 0. 0. 0. .1
2G20. 0. 0. 0. 0. 0. 0. 0. .5 0. 0. 0. 0. 0. 0. .010. 0. 0. 0. 0. 0. 0. .5 0.
2G30. 0. 0. 0. 0. 0. 0. 0. 0. 0. 0. 0. 0. 0. 0. 0. 0. 0. 0. 0. 0. 0. 0. 0. 0.
2G40. 0. .010. 0. 0. 0. 0. 0. 0. 0. 0. 0. 0. 0. 0. 0. 0. 0. 0. 0. 0. 0. 0. 0.
2G537.0. 0. 0. 0. 0. 0. 0.
2I16. 0. 6. 0. 0. 0. 0. .1 12.0. .010. 0. 0. 0. 0. 0. .1 0. 15.0. 0. 0. 0. 0.
2I20. 0. 0. 0. 0. 0. 0. 0. .1 0. 0. 0. 0. 0. 0. .010. 0. 0. 0. 0. 0. 0. .5 0.
2I30. 0. 0. .1 0. 0. 0. 0. 0. 0. 0. 0. 0. 0. 0. 0. 0. 0. 0. 0. 0. 0. 0. 0. 0.
2I40. 0. 0. 0. 0. 0. 0. 0. 0. 0. 0. .1 0. 0. 0. 0. 0. 0. 0. 0. 0. 0. 0. 0. 0.
2I535.0. 0. 0. 0. 0. 0. 0.
4A117.0. 20.0. 0. 0. 0. .1 6. .5 .1 0. 0. 0. 0. 0. 0. .010. 10.0. 0. 0. 0. 0.
4A20. 0. 0. 0. 0. 0. 0. 0. .1 0. 0. 0. 0. 0. 0. 0. 0. 0. 0. 0. 0. 0. 0. 1. 0.
4A30. 0. 0. 0. 0. 0. 0. 0. 0. 0. 0. 0. 0. 0. 0. 0. 0. 0. 0. 0. 0. 0. 0. 0. 0.
4A40. 0. .1 0. 0. 0. 0. 0. 0. 0. 0. 0. 0. 0. 0. 0. 0. 0. 0. 0. 0. 0. 0. 0. 0.
4A536.0. 0. 0. 0. 0. 0. 0.
4C120.0. 12..1 0. 0. 0. .0115..5 .010. 0. 0. 0. 0. 0. .1 0. 4. 0. 0. 0. 0. 0.
4C20. 0. 0. 0. 0. 0. 0. 0. 4. 0. 0. 0. 0. 0. 0. .1 0. 0. 0. 0. 0. 0. 0. .5 0.
4C30. 0. 0. 0. 0. 0. 0. 0. 0. 0. 0. 0. 0. 0. 0. 0. 0. 0. 0. 0. 0. 0. 0. 0. 0.
4C40. .01.010. 0. 0. 0. 0. 0. 0. 0. 0. 0. 0. 0. 0. 0. 0. 0. 0. 0. 0. 0. 0. 0.
4C538.0. 0. 0. 0. 0. 0. 0.
4E112.0. 25..1 0. 0. 0. .013. 0. .1 0. 0. 0. 0. 0. 0. 0. 0. 3. 0. 0. 0. 0. .5
4E20. 0. 0. 0. 0. 0. 0. 0. 2. 0. 0. 0. 0. 0. 0. 0. 0. 0. 0. 0. 0. 0. 0. .1 0.
4E30. 0. 0. 0. 0. 0. 0. 0. 0. 0. 0. 0. 0. 0. 0. 0. 0. 0. 0. 0. 0. 0. 0. 0. 0.
4E40. .01.1 0. 0. 0. 0. 0. 0. 0. 0. 0. 0. 0. 0. 0. 0. 0. 0. 0. 0. 0. 0. 0. 0.
4E536.0. 0. 0. 0. 0. 0. 0.
4G14. 0. 1. .010. 0. 0. .1 17..1 .1 0. 0. 0. 0. 0. 0. 0. 0. 10.0. 0. 0. 0. .01
4G20. 0. 0. 0. 0. 0. 0. 0. 2. 0. 0. 0. 0. 0. 0. 0. 0. 0. 0. 0. 0. 0. 0. .1 0.
4G30. 0. 0. 0. 0. 0. 0. 0. 0. 0. 0. 0. 0. 0. 0. 0. 0. 0. 0. 0. 0. 0. 0. 0. 0.
4G40. 0. .010. 0. 0. 0. 0. 0. 0. 0. 0. 0. 0. 0. 0. 0. 0. 0. 0. 0. 0. 0. 0. 0.
4G536.0. 0. 0. 0. 0. 0. 0.
4I112.0. 6. 0. 0. 0. 0. .1 10.0. .1 0. 0. 0. 0. 0. 0. .5 0. 20.0. 0. 0. 0. .01
4I20. 0. 0. 0. 0. 0. 0. 0. 3. 0. 0. 0. 0. 0. 0. 0. 0. 0. 0. 0. 0. 0. 0. .1 0.
4I30. 0. 0. 0. 0. 0. 0. 0. 0. 0. 0. 0. 0. 0. 0. 0. 0. 0. 0. 0. 0. 0. 0. 0. 0.
4I40. 0. .010. 0. 0. 0. 0. 0. 0. 0. 0. 0. 0. 0. 0. 0. 0. 0. 0. 0. 0. 0. 1. 0.
4I534.0. 0. 0. 0. 0. 0. 0.
6A11. 0. 20.0. 0. 0. 0. 0. 5. 0. .010. 0. 0. 0. 0. 0. .1 0. 17.0. 0. 0. 0. 0.
6A20. 0. 0. 0. 0. 0. 0. 0. .1 0. 0. 0. 0. 0. 0. 0. 0. 0. 0. 0. 0. 0. 0. 1. 0.
6A30. 0. 0. 0. 0. 0. 0. 0. 0. 0. 0. 0. 0. 0. 0. 0. 0. 0. 0. 0. 0. 0. 0. 0. 0.
6A40. 0. .010. 0. 0. 0. 0. 0. 0. 0. 0. 0. 0. 0. 0. 0. 0. .5 0. 0. 0. 0. 0. 0.
6A540.0. 0. 0. 0. 0. 0. 0.
6C13. 0. 8. 4. 0. 0. 0. .5 20.0. .1 0. 0. 0. 0. 0. 0. .1 0. 20.0. 0. 0. 0. 0.
6C20. 0. 0. 0. 0. 0. 0. 0. .1 0. 0. 0. 0. 0. 0. 0. 0. 0. 0. 0. 0. 0. 0. .1 0.
6C30. 0. 0. .1 0. 0. 0. 0. 0. 0. 0. 0. 0. 0. 0. 0. 0. 0. 0. 0. 0. 0. 0. 0. 0.
6C40. 0. .010. 0. 0. 0. 0. 0. 0. 0. 0. 0. 0. 0. 0. 0. 0. 0. 0. 0. 0. 0. 0. 0.
6C540.0. 0. 0. 0. 0. 0. 0.
6E15. 0. 17.1. 0. 0. 0. .1 20.0. .010. 0. 0. 0. 0. 0. 0. 0. 15.0. 0. 0. 0. 0.
6E20. 0. 0. 0. 0. 0. 0. 0. 1. 0. 0. 0. 0. 0. 0. 0. 0. 0. 0. 0. 0. 0. 0. .1 0.
6E30. 0. 0. 0. 0. 0. 0. 0. 0. 0. 0. 0. 0. 0. 0. 0. 0. 0. 0. 0. 0. 0. 0. 0. 0.
6E40. 0. .010. 0. 0. 0. 0. 0. 0. 0. 0. 0. 0. 0. 0. 0. 0. 0. 0. 0. 0. 0. 0. 0.
6E535.0. 0. 0. 0. 0. 0. 0.
6G120.0. 2. .1 0. 0. 0. .1 15..1 .1 0. 0. 0. 0. 0. 0. 0. 0. 4. 0. 0. 0. 0. 0.
6G20. 0. 0. 0. 0. 0. 0. 0. 5. 0. 0. 0. 0. 0. 0. 0. 0. 0. 0. 0. 0. 0. 0. .5 0.
6G30. 0. 0. 0. 0. 0. 0. 0. 0. 0. 0. 0. 0. 0. 0. 0. 0. 0. 0. 0. 0. 0. 0. 0. 0.
6G40. 0. .1 0. 0. 0. 0. 0. 0. 0. 0. 0. 0. 0. 0. 0. 0. 0. 0. 0. 0. 0. 0. 0. 0.
6G536.0. 0. 0. 0. 0. 0. 0.
6I117.0. 30.0. 0. 0. 0. .013. 0. .1 0. 0. 0. 0. 0. 0. .010. 2. 0. 0. 0. 0. 0.
6I20. 0. 0. 0. 0. 0. 0. 0. .5 0. 0. 0. 0. 0. 0. 0. 0. 0. 0. 0. 0. 0. 0. .1 0.
6I30. 0. 0. 0. 0. 0. 0. 0. 0. 0. 0. 0. 0. 0. 0. 0. 0. 0. 0. 0. 0. 0. 0. 0. 0.
6I40. 0. .010. 0. 0. 0. 0. 0. 0. 0. 0. 0. 0. 0. 0. 0. 0. 0. 0. 0. 0. 0. 0. 0.
6I535.0. 0. 0. 0. 0. 0. 0.
8A12. 0. 1. 0. 0. 0. 0. .1 15.0. .1 0. 0. 0. 0. 0. 0. .5 0. 20.0. 0. 0. 0. 0.
8A20. 0. 0. 0. 0. 0. 0. 0. .1 0. 0. 0. 0. 0. 0. 0. 0. 0. 0. 0. 0. 0. 0. .1 0.
8A30. 0. 0. 0. 0. 0. 0. 0. 0. 0. 0. 0. 0. 0. 0. 0. 0. 0. 0. 0. 0. 0. 0. 0. 0.
8A40. 0. 0. 0. 0. 0. 0. 0. 0. 0. 0. .010. 0. 0. 0. 0. 0. .1 0. 0. 0. 0. 0. 0.
8A534.0. 0. 0. 0. 1. .1 0. 0. 0. 0. 0. 0.
8C15. 0. 20.0. 0. 0. 0. .5 20..1 .1 0. 0. 0. 0. 0. 0. .010. 15.0. 0. 0. 0. 0.
8C20. 0. 0. 0. 0. 0. 0. 0. .1 0. 0. 0. 0. 0. 0. .1 0. 0. 0. 0. 0. 0. 0. .5 0.
8C30. 0. 0. 0. 0. 0. 0. 0. 0. 0. 0. 0. 0. 0. 0. 0. 0. 0. 0. 0. 0. 0. 0. 0. 0.
8C40. .010. 0. 0. 0. 0. 0. 0. 0. 0. 0. 0. 0. 0. 0. 0. .5 0. 0. 0. 0. 0. 0. 0.
8C535.0. 0. 0. 0. .010. 0. 0. 0. 0. 0. 0.
8E13. 0. 20.0. 0. 0. 0. 0. 1. 0. .1 0. 0. 0. 0. 0. 0. .1 0. 8. 0. 0. 0. 0. 0.
8E20. 0. 0. 0. 0. 0. 0. 0. .1 0. 0. 0. 0. 0. 0. 0. 0. 0. 0. 0. 0. 0. 0. 2. 0.
8E30. 0. 0. 0. 0. 0. 0. 0. 0. 0. 0. 0. 0. 0. 0. 0. 0. 0. 0. 0. 0. 0. 0. 0. 0.
8E40. 0. 0. 0. 0. 0. 0. 0. 0. 0. 0. .010. 0. 0. 0. 0. 0. 0. 0. 0. 0. 0. 0. 0.
8E537.0. 0. 0. 0. 0. 0. 0.
8G112.0. 17.0. 0. 0. 0. 0. 17.0. .1 0. 0. 0. 0. 0. 0. .1 0. 10.0. 0. 0. 0. 0.
8G20. 0. 0. 0. 0. 0. 0. 0. .5 0. 0. 0. 0. 0. 0. 0. 0. 0. 0. 0. 0. 0. 0. .1 0.
8G30. 0. 0. 0. 0. 0. 0. 0. 0. 0. 0. 0. 0. 0. 0. 0. 0. 0. 0. 0. 0. 0. 0. 0. 0.
8G40. 0. .1 0. 0. 0. 0. 0. 0. 0. 0. 0. 0. 0. 0. 0. 0. 0. 0. 0. 0. 0. 0. 0. 0.
8G537.0. 0. 0. 0. 0. 0. 0.
8I112.0. 0. .1 0. 0. 0. .1 25.1. .1 0. 0. 0. 0. 0. 0. .1 0. 5. 0. 0. 0. 0. .5
8I20. 0. 0. 0. 0. 0. 0. 0. .5 0. 0. 0. 0. 0. 0. 0. 0. 0. 0. 0. 0. 0. 0. .1 0.
8I30. 0. 0. 0. 0. 0. 0. 0. 0. 0. 0. 0. 0. 0. 0. 0. 0. 0. 0. 0. 0. 0. 0. 0. 0.
8I40. 0. .010. 0. 0. 0. 0. 0. 0. 0. .010. 0. 0. 0. 0. 0. 0. 0. 0. 0. 0. 1. 0.
8I541.0. 0. 0. 0. 0. 0. 0.
0A13. 0. 0. 0. 0. 0. 0. .1 4. .1 0. 0. 0. 0. 0. 0. 0. .1 0. 10.0. 0. 0. 0. 0.
0A20. 0. 0. 0. 0. 0. 0. 0. .5 0. 0. 0. 0. 0. 0. .1 0. 0. 0. 0. 0. 0. 0. 1. 0.
0A30. 0. 0. 0. 0. 0. 0. 0. 0. 0. 0. 0. 0. 0. 0. 0. 0. 0. 0. 0. 0. 0. 0. 0. 0.
0A40. 0. 0. 0. 0. 0. 0. 0. 0. 0. 0. .010. 0. 0. 0. 0. 2. 0. 0. 0. 0. 0. 0. 0.
0A541.0. 0. 0. 0. 0. 0. 0.
0C14. 0. 25.0. 0. 0. 0. .1 3. 0. .1 0. 0. 0. 0. 0. 0. .1 0. 20.0. 0. 0. 0. 0.
0C20. 0. 0. 0. 0. 0. 0. 0. .5 0. 0. 0. 0. 0. 0. 0. .010. 0. 0. 0. 0. 0. 4. 0.
0C30. 0. 0. 0. 0. 0. 0. 0. 0. 0. 0. 0. 0. 0. 0. 0. 0. 0. 0. 0. 0. 0. 0. 0. 0.
0C40. 0. .010. 0. 0. 0. 0. 0. 0. 0. .010. 0. 0. 0. 0. 8. 0. 0. 0. 0. 0. 0. 0.
0C538.0. 0. 0. 0. 0. 0. 0.
0E1.5 0. 5. 0. 0. 0. 0. .1 2. 0. .1 0. 0. 0. 0. 0. 0. .5 0. 40.0. 0. 0. 0. 0.
0E20. 0. 0. 0. 0. 0. 0. 0. 1. 0. 0. 0. 0. 0. 0. .010. 0. 0. 0. 0. 0. 0. 4. 0.
0E30. 0. 0. 0. 0. 0. 0. 0. 0. 0. 0. 0. 0. 0. 0. 0. 0. 0. 0. 0. 0. 0. 0. 0. 0.
0E40. 0. .010. 0. 0. 0. 0. 0. 0. 0. .010. 0. 0. 0. 0. 0. 0. 0. 0. 0. 0. 1. 0.
0E540.0. 0. 0. 0. 0. 0. 0.
0G115.0. 4. 0. 0. 0. 0. .1 2. 1. .010. 0. 0. 0. 0. 0. .010. 6. 0. 0. 0. 0. .5
0G20. 0. 0. 0. 0. 0. 0. 0. 2. 0. 0. 0. 0. 0. 0. 0. 0. 0. 0. 0. 0. 0. 0. 6. 0.
0G30. 0. 0. 0. 0. 0. 0. 0. 0. 0. 0. 0. 0. 0. 0. 0. 0. 0. 0. 0. 0. 0. 0. 0. 0.
0G40. 0. .1 0. 0. 0. 0. 0. 0. 0. 0. 0. 0. 0. 0. 0. 0. 0. 0. 0. 0. 0. 0. 0. 0.
0G538.0. 0. 0. 0. 0. 0. 0.
0I117.0. 2. .5 0. 0. 0. .1 4. 0. .1 0. 0. 0. 0. 0. 0. 0. 0. 12.0. 0. 0. 0. 0.
0I20. 0. 0. 0. 0. 0. 0. 0. 2. 0. 0. 0. 0. 0. 0. 0. 0. 0. 0. 0. 0. 0. 0. 3. 0.
0I30. 0. 0. 0. 0. 0. 0. 0. 0. 0. 0. 0. 0. 0. 0. 0. 0. 0. 0. 0. 0. 0. 0. 0. 0.
0I40. 0. .1 0. 0. 0. 0. 0. 0. 0. 0. .010. 0. 0. 0. 0. 0. 0. 0. .010. 0. 0. 0.
0I539.0. 0. 0. 0. 0. 0. 0.
2A120.0. 0. 0. 0. 0. 0. .1 4. 15..1 0. 0. 0. 0. 0. 0. .1 0. 25.0. 0. 0. 0. 1.
2A20. 0. 0. 0. 0. 0. 0. 0. 3. 0. 0. 0. 0. 0. 0. .1 .010. 0. 0. 0. 0. 0. .5 0.
2A30. 0. 0. 0. 0. 0. 0. 0. 0. 0. 0. 0. 0. 0. 0. 0. 0. 0. 0. 0. 0. 0. 0. 0. 0.
2A40. 0. .1 0. 0. 0. 0. 0. 0. 0. 0. 0. 0. 0. 0. 0. 0. 0. 0. 0. 0. 0. 0. 0. 0.
2A542.0. 0. 0. 0. 0. 0. 0.
2C16. 0. 30.0. 0. 0. 0. .5 4. .1 .1 0. 0. 0. 0. 0. 0. .1 0. 17.0. 0. 0. 0. .1
2C20. 0. 0. 0. 0. 0. 0. 0. 3. 0. 0. 0. 0. 0. 0. .1 .010. 0. 0. 0. 0. 0. 6. 0.
2C30. 0. 0. 0. 0. 0. 0. 0. 0. 0. 0. 0. 0. 0. 0. 0. 0. 0. 0. 0. 0. 0. 0. 0. 0.
2C40. 0. .1 0. 0. 0. 0. 0. 0. 0. 0. 0. 0. 0. 0. 0. 0. 0. 0. 0. 0. 0. 0. 0. 0.
2C542.0. .1 0. 0. 0. 0. 0.
2E18. 0. 5. 0. 0. 0. 0. .1 15.0. .1 0. 0. 0. 0. 0. 0. .5 0. 30.0. 0. 0. 0. .1
2E20. 0. 0. 0. 0. 0. 0. 0. 4. 0. 0. 0. 0. 0. 0. 0. .1 0. 0. 0. 0. 0. 0. 6. 0.
2E30. 0. 0. 0. 0. 0. 0. 0. 0. 0. 0. 0. 0. 0. 0. 0. 0. 0. 0. 0. 0. 0. 0. 0. 0.
2E40. 0. .5 0. 0. 0. .010. 0. 0. 0. .010. 0. 0. 0. 0. 0. 0. 0. 0. 0. 0. 0. 0.
2E540.0. 0. 0. 0. 0. 0. 0.
2G110.0. 12.0. 0. 0. 0. .1 10.0. .5 0. 0. 0. 0. 0. 0. .1 0. 10.0. 0. 0. 0. .1
2G20. 0. 0. 0. 0. 0. 0. 0. 2. 0. 0. 0. 0. 0. 0. 0. .010. 0. 0. 0. 0. 0. 3. 0.
2G30. 0. 0. 0. 0. 0. 0. 0. 0. 0. 0. 0. 0. 0. 0. 0. 0. 0. 0. 0. 0. 0. 0. 0. 0.
2G40. 0. .010. 0. 0. 0. 0. 0. 0. 0. 0. 0. 0. 0. 0. 0. 0. 0. 0. 0. 0. 0. 0. 0.
2G540.0. 0. 0. 0. 0. 0. 0.
2I112.0. 8. 0. 0. 0. 0. .1 5. 0. .1 0. 0. 0. 0. 0. 0. .1 0. 20.0. 0. 0. 0. 0.
2I20. 0. 0. 0. 0. 0. 0. 0. .5 0. 0. 0. 0. 0. 0. 0. .1 0. 0. 0. 0. 0. 0. 5. 0.
2I30. 0. 0. .010. 0. 0. 0. 0. 0. 0. 0. 0. 0. 0. 0. 0. 0. 0. 0. 0. 0. 0. 0. 0.
2I40. 0. .1 0. 0. 0. 0. 0. 0. 0. 0. .1 0. 0. 0. 0. 0. 0. 0. 0. 0. 0. 0. 0. 0.
2I539.0. 0. 0. 0. 0. 0. 0.
4A115.0. 20.0. 0. 0. 0. .1 5. 1. .5 0. 0. 0. 0. 0. 0. 0. 0. 10.0. 0. 0. 0. .1
4A20. 0. 0. 0. 0. 0. 0. 0. .5 0. 0. 0. 0. 0. 0. .1 0. 0. 0. 0. 0. 0. 0. 5. 0.
4A30. 0. 0. 0. 0. 0. 0. 0. 0. 0. 0. 0. 0. 0. 0. 0. 0. 0. 0. 0. 0. 0. 0. 0. 0.
4A40. 0. .1 0. 0. 0. 0. 0. 0. 0. 0. .010. 0. 0. 0. 0. 0. 0. 0. 0. 0. 0. 0. 0.
4A541.0. 0. 0. 0. 0. 0. 0.
4C117.0. 10..5 0. 0. 0. .1 17.0. .1 0. 0. 0. 0. 0. 0. 0. 0. 4. 0. 0. 0. 0. 0.
4C20. 0. 0. 0. 0. 0. 0. 0. 3. 0. 0. 0. 0. 0. 0. .01.1 0. 0. 0. 0. 0. 0. 6. 0.
4C30. 0. 0. 0. 0. 0. 0. 0. 0. 0. 0. 0. 0. 0. 0. 0. 0. 0. 0. 0. 0. 0. 0. 0. 0.
4C40. 0. 0. 0. 0. 0. 0. 0. 0. 0. 0. .1 0. 0. 0. 0. 0. 0. 0. 0. 0. 0. 0. 0. 0.
4C542.0. 0. 0. 0. 0. 0. 0.
4E115.0. 25..5 0. 0. 0. .1 6. 0. .5 0. 0. 0. 0. 0. 0. 0. 0. 5. 0. 0. 0. 0. .5
4E20. 0. 0. 0. 0. 0. 0. 0. 3. 0. 0. 0. 0. 0. 0. 0. .010. 0. 0. 0. 0. 0. .1 0.
4E30. 0. 0. 0. 0. 0. 0. 0. 0. 0. 0. 0. 0. 0. 0. 0. 0. 0. 0. 0. 0. 0. 0. 0. 0.
4E40. .01.1 0. 0. 0. 0. 0. 0. 0. 0. 0. 0. 0. 0. 0. 0. 0. 0. 0. 0. 0. 0. 0. 0.
4E541.0. 0. 0. 0. 0. 0. 0.
4G14. 0. 1. .1 0. 0. 0. .1 20..1 .5 0. 0. 0. 0. 0. 0. 0. 0. 15.0. 0. 0. 0. .1
4G20. 0. 0. 0. 0. 0. 0. 0. 4. 0. 0. 0. 0. 0. 0. 0. .1 0. 0. 0. 0. 0. 0. 1. 0.
4G30. 0. 0. 0. 0. 0. 0. 0. 0. 0. 0. 0. 0. 0. 0. 0. 0. 0. 0. 0. 0. 0. 0. 0. 0.
4G40. 0. .1 0. 0. 0. 0. 0. 0. 0. 0. 0. 0. 0. 0. 0. 0. 0. 0. 0. 0. 0. 0. 0. 0.
4G542.0. 0. 0. 0. 0. 0. 0.
4I18. 0. 10..1 0. 0. 0. .1 10.0. .1 0. 0. 0. 0. 0. 0. .5 0. 30.0. 0. 0. 0. .1
4I20. 0. 0. 0. 0. 0. 0. 0. 4. 0. 0. 0. 0. 0. 0. 0. .1 0. 0. 0. 0. 0. 0. 6. 0.
4I30. 0. 0. 0. 0. 0. 0. 0. 0. 0. 0. 0. 0. 0. 0. 0. 0. 0. 0. 0. 0. 0. 0. 0. 0.
4I40. 0. .1 0. 0. 0. 0. 0. 0. 0. 0. 0. 0. 0. 0. 0. 0. 0. 0. 0. 0. 0. 0. .5 0.
4I541.0. 0. 0. 0. 0. 0. 0.
6A13. 0. 20.0. 0. 0. 0. .016. 0. .1 0. 0. 0. 0. 0. 0. .1 0. 25.0. 0. 0. 0. 0.
6A20. 0. 0. .010. 0. 0. 0. .1 0. 0. 0. 0. 0. 0. 0. 0. 0. 0. 0. 0. 0. 0. 4. 0.
6A30. 0. 0. 0. 0. 0. 0. 0. 0. 0. 0. 0. 0. 0. 0. 0. 0. 0. 0. 0. 0. 0. 0. 0. 0.
6A40. 0. 0. 0. 0. 0. 0. 0. 0. 0. 0. .1 0. 0. 0. 0. 0. 0. .5 0. 0. 0. 0. 0. 0.
6A534.0. 0. 0. 0. 0. 0. 0.
6C14. 0. 8. 5. 0. 0. 0. .1 15.0. .5 0. 0. 0. 0. 0. 0. .1 0. 20.0. 0. 0. 0. 0.
6C20. 0. 0. .010. 0. 0. 0. .5 0. 0. 0. 0. 0. 0. 0. 0. 0. 0. 0. 0. 0. 0. 5. 0.
6C30. 0. 0. .1 0. 0. 0. 0. 0. 0. 0. 0. 0. 0. 0. 0. 0. 0. 0. 0. 0. 0. 0. 0. 0.
6C40. 0. .010. 0. 0. 0. 0. 0. 0. 0. .010. 0. 0. 0. 0. 0. 0. 0. 0. 0. 0. 0. 0.
6C538.0. 0. 0. 0. 0. 0. 0.
6E13. 0. 15.1. 0. 0. 0. .1 20.0. .1 0. 0. 0. 0. 0. 0. 0. 0. 20.0. 0. 0. 0. 0.
6E20. 0. 0. 0. 0. 0. 0. 0. 3. 0. 0. 0. 0. 0. 0. 0. .010. 0. 0. 0. 0. 0. 5. 0.
6E30. 0. 0. 0. 0. 0. 0. 0. 0. 0. 0. 0. 0. 0. 0. 0. 0. 0. 0. 0. 0. 0. 0. 0. 0.
6E40. 0. .1 0. 0. 0. 0. 0. 0. 0. 0. 0. 0. 0. 0. 0. 0. 0. 0. 0. 0. 0. 0. 0. 0.
6E545.0. 0. 0. 0. 0. 0. 0.
6G120.0. 3. .5 0. 0. 0. .1 12..1 .1 0. 0. 0. 0. 0. 0. 0. 0. 5. 0. 0. 0. 0. 0.
6G20. 0. 0. 0. 0. 0. 0. 0. 4. 0. 0. 0. 0. 0. 0. 0. .010. 0. 0. 0. 0. 0. 1. 0.
6G30. 0. 0. 0. 0. 0. 0. 0. 0. 0. 0. 0. 0. 0. 0. 0. 0. 0. 0. 0. 0. 0. 0. 0. 0.
6G40. 0. .5 0. 0. 0. 0. 0. 0. 0. 0. 0. 0. 0. 0. 0. 0. 0. 0. 0. 0. 0. 0. 0. 0.
6G540.0. 0. 0. 0. 0. 0. 0.
6I110.0. 35.0. 0. 0. 0. .013. 0. .5 0. 0. 0. 0. 0. 0. .010. 2. 0. 0. 0. 0. .01
6I20. 0. 0. 0. 0. 0. 0. 0. .5 0. 0. 0. 0. 0. 0. 0. .010. 0. 0. 0. 0. 0. 2. 0.
6I30. 0. 0. 0. 0. 0. 0. 0. 0. 0. 0. 0. 0. 0. 0. 0. 0. 0. 0. 0. 0. 0. 0. 0. 0.
6I40. 0. .1 0. 0. 0. 0. 0. 0. 0. 0. 0. 0. 0. 0. 0. 0. 0. 0. 0. 0. 0. 0. 0. 0.
6I538.0. 0. 0. 0. 0. 0. 0.
8A14. 0. .5 .1 0. 0. 0. .5 8. 0. .1 0. 0. 0. 0. 0. 0. .5 0. 40.0. 0. 0. 0. 0.
8A20. 0. 0. 0. 0. 0. 0. 0. .5 0. 0. 0. 0. 0. 0. .1 0. 0. 0. 0. 0. 0. 0. 10.0.
8A30. 0. 0. 0. 0. 0. 0. 0. 0. 0. 0. 0. 0. 0. 0. 0. 0. 0. 0. 0. 0. 0. 0. 0. 0.
8A40. 0. 0. 0. 0. 0. 0. 0. 0. 0. 0. .1 0. 0. 0. 0. 0. 0. .1 0. 0. 0. 0. 0. 0.
8A540.0. 0. 0. 0. 2. .1 0.
8C18. 0. 20.0. 0. 0. 0. .5 20..1 .1 0. 0. 0. 0. 0. 0. .1 0. 15.0. 0. 0. 0. 0.
8C20. 0. 0. 0. 0. 0. 0. 0. .1 0. 0. 0. 0. 0. 0. .1 0. 0. 0. 0. 0. 0. 0. 15.0.
8C30. 0. 0. 0. 0. 0. 0. 0. 0. 0. 0. 0. 0. 0. 0. 0. 0. 0. 0. 0. 0. 0. 0. 0. 0.
8C40. 0. 0. 0. 0. 0. 0. 0. 0. 0. 0. .010. 0. 0. 0. 0. 1. 0. 0. 0. 0. 0. 0. 0.
8C540.0. 0. 0. 0. .1 0. 0.
8E12. 0. 30.0. 0. 0. 0. 0. 3. 0. .1 0. 0. 0. 0. 0. 0. .1 0. 8. 0. 0. 0. 0. 0.
8E20. 0. 0. 0. 0. 0. 0. 0. .1 0. 0. 0. 0. 0. 0. 0. 0. 0. 0. 0. 0. 0. 0. 5. 0.
8E30. 0. 0. 0. 0. 0. 0. 0. 0. 0. 0. 0. 0. 0. 0. 0. 0. 0. 0. 0. 0. 0. 0. 0. 0.
8E40. 0. 0. 0. 0. 0. 0. 0. 0. 0. 0. 0. 0. 0. 0. 0. 0. 0. 0. 0. 0. 0. 0. 0. 0.
8E534.0. 0. 0. 0. 0. 0. 0.
8G115.0. 20.0. 0. 0. 0. .1 20.0. .5 0. 0. 0. 0. 0. 0. .1 0. 20.0. 0. 0. 0. .1
8G20. 0. 0. 0. 0. 0. 0. 0. .5 0. 0. 0. 0. 0. 0. .1 .010. 0. 0. 0. 0. 0. .5 0.
8G30. 0. 0. 0. 0. 0. 0. 0. 0. 0. 0. 0. 0. 0. 0. 0. 0. 0. 0. 0. 0. 0. 0. 0. 0.
8G40. 0. .5 0. 0. 0. 0. 0. 0. 0. 0. 0. 0. 0. 0. 0. 0. 0. .010. 0. 0. 0. 0. 0.
8G543.0. 0. 0. 0. 0. 0. 0.
8I115.0. 0. 0. 0. 0. 0. .5 25..1 .1 0. 0. 0. 0. 0. 0. .5 0. 6. 0. 0. 0. 0. .5
8I20. 0. 0. 0. 0. 0. 0. 0. 3. 0. 0. 0. 0. 0. 0. .010. 0. 0. 0. 0. 0. 0. .5 0.
8I30. 0. 0. 0. 0. 0. 0. 0. 0. 0. 0. 0. 0. 0. 0. 0. 0. 0. 0. 0. 0. 0. 0. 0. 0.
8I40. 0. .1 0. 0. 0. 0. 0. 0. 0. 0. .010. 0. 0. 0. 0. 0. 0. 0. 0. 0. 0. 2. 0.
8I543.0. 0. 0. 0. 0. 0. 0.
0A13. 0. 0. .1 0. 0. 0. 1. 8. 0. 0. 0. 0. 0. 0. 0. 0. .1 0. 10.0. 0. 0. 0. 0.
0A20. 0. .1 .5 0. 0. 0. 0. 1. 0. 0. 0. 0. 0. 0. .5 0. 0. .010. .1 0. 0. 2. 0.
0A30. .5 0. 0. 0. 0. .5 0. 0. 0. 0. 0. 0. 0. 0. 0. 0. 0. 0. 0. 0. 0. 0. 0. 0.
0A40. 0. 0. 0. 0. 0. 0. 0. 0. 0. 0. .5 0. 0. 0. 0. 0. 2. 0. 0. 0. 0. 0. 0. .01
0A549.0. 0. 0. 0. 0. 0. 0.
0C14. 0. 20.0. 0. 0. 0. .5 4. 0. 1. 0. 0. 0. 0. 0. 0. .5 0. 20.0. 0. 0. 0. 0.
0C20. 0. 0. .1 0. 0. 0. 0. .5 0. 0. 0. 0. 0. 0. .1 .1 0. 0. 0. 0. 0. 0. 3. 0.
0C30. .1 0. 0. 0. 0. 0. 0. 0. 0. 0. 0. 0. 0. 0. 0. 0. 0. 0. 0. 0. 0. 0. 0. 0.
0C40. 0. .1 0. 0. 0. 0. 0. 0. 0. 0. .1 0. 0. 0. 0. 0. 8. 0. .010. 0. 0. .1 0.
0C545.0. 0. 0. 0. 0. 0. 0.
0E11. 0. 4. 0. 0. 0. 0. .5 3. 0. 1. 0. 0. 0. 0. 0. 0. 2. 0. 30.0. 0. 0. 0. 0.
0E20. 0. 0. 1. 0. 0. 0. 0. 3. 0. 0. 0. 0. 0. 0. 0. .1 0. 0. 0. .5 0. 0. 3. 0.
0E30. .5 0. 0. 0. 0. .1 0. 0. 0. 0. 0. 0. 0. 0. 0. 0. 0. 0. 0. 0. 0. 0. 0. 0.
0E40. 0. 0. 0. 0. 0. 0. 0. 0. 0. 0. .1 0. 0. 0. 0. 0. 0. 0. .010. 0. 0. 1. 0.
0E545.0. 0. 0. 0. 0. 0. 0.
0G17. 0. 2. 0. 0. 0. 0. .5 3. 0. 1. 0. 0. 0. 0. 0. 0. .1 0. 5. 0. 0. 0. 0. 3.
0G20. 0. .1 .5 0. 0. 0. 0. 2. 0. 0. 0. 0. 0. 0. 0. .5 0. 0. 0. .1 0. 0. 6. 0.
0G30. .1 0. 0. 0. 0. .1 0. 0. 0. 0. 0. 0. 0. 0. 0. 0. 0. 0. 0. 0. 0. 0. 0. 0.
0G40. 0. .5 0. 0. 0. 0. 0. 0. 0. 0. 0. 0. 0. 0. 0. 0. 0. 0. 0. 0. 0. 0. 0. 0.
0G545.0. 0. 0. 0. 0. 0. 0.
0I112.0. 2. 2. 0. 0. 0. .1 8. 0. .5 0. 0. 0. 0. 0. 0. 0. 0. 8. 0. 0. 0. 0. 0.
0I20. 0. .1 .5 0. 0. 0. 0. .5 0. 0. 0. 0. 0. 0. 0. .1 0. 0. 0. .1 0. 0. 4. 0.
0I30. 0. 0. 0. 0. 0. .1 0. 0. 0. 0. 0. 0. 0. 0. 0. 0. 0. 0. 0. 0. 0. 0. 0. 0.
0I40. 0. .5 0. 0. 0. 0. 0. 0. 0. 0. .1 0. 0. 0. 0. 0. 0. 0. 0. 0. 0. 0. 0. 0.
0I547.0. 0. 0. 0. 0. 0. 0.
2A115.0. 0. 0. 0. 0. 0. .5 3. 12.4. 0. 0. 0. 0. 0. 0. .1 0. 8. 0. 0. 0. 0. 3.
2A20. 0. 0. 1. 0. 0. .1 0. 4. 0. 0. 0. 0. 0. 0. .1 .5 0. .010. .5 0. 0. .5 0.
2A30. 0. 0. 0. .1 0. 0. 0. 0. 0. 0. 0. 0. 0. 0. 0. 0. 0. 0. 0. 0. 0. 0. 0. 0.
2A40. 0. .5 0. 0. 0. 0. 0. 0. 0. 0. .1 0. 0. 0. 0. 0. 0. 0. 0. 0. 0. 0. 0. 0.
2A550.0. 0. 0. 0. 0. 0. 0.
2C14. 0. 20.0. 0. 0. 0. .5 4. 0. 2. 0. 0. 0. 0. 0. 0. 0. 0. 15.0. 0. 0. 0. .1
2C20. 0. 0. .5 0. 0. 0. 0. 2. 0. 0. 0. 0. 0. 0. .1 .1 0. 0. 0. .5 0. 0. 4. 0.
2C30. .1 0. 0. .010. 0. 0. 0. 0. 0. 0. 0. 0. 0. 0. 0. 0. 0. 0. 0. 0. 0. 0. 0.
2C40. 0. .5 0. 0. 0. 0. 0. 0. 0. 0. 0. 0. 0. 0. 0. 0. 0. 0. 0. 0. 0. 0. 0. 0.
2C548.0. 0. 0. 0. 0. 0. 0.
2E14. 0. 3. 0. 0. 0. 0. .5 15.0. 3. 0. 0. 0. 0. 0. 0. 0. 0. 20.0. 0. 0. 0. .1
2E20. 0. 0. .5 0. 0. 0. 0. 4. 0. 0. 0. 0. 0. 0. .01.1 0. 0. 0. .1 0. 0. 4. 0.
2E30. 0. 0. 0. 0. 0. 0. 0. 0. 0. 0. 0. 0. 0. 0. 0. 0. 0. 0. 0. 0. 0. 0. 0. 0.
2E40. 0. .5 0. 0. 0. 0. 0. 0. 0. 0. .010. 0. 0. 0. 0. 0. 0. 0. 0. 0. 0. 0. 0.
2E548.0. 0. 0. 0. 0. 0. 0.
2G15. 0. 10.0. 0. 0. 0. .1 5. 0. 2. 0. 0. 0. 0. 0. 0. .5 0. 6. 0. 0. 0. 0. .1
2G20. 0. 0. .5 0. 0. 0. 0. 1. 0. 0. 0. 0. 0. 0. .1 .5 0. 0. 0. 0. 0. 0. 2. 0.
2G30. .1 0. 0. 0. 0. 0. 0. 0. 0. 0. 0. 0. 0. 0. 0. 0. 0. 0. 0. 0. 0. 0. 0. 0.
2G40. 0. .1 0. 0. 0. 0. 0. 0. 0. 0. 0. 0. 0. 0. 0. 0. 0. 0. 0. 0. 0. 0. 0. 0.
2G548.0. 0. 0. 0. 0. 0. 0.
2I112.0. 6. 0. 0. 0. 0. .5 6. 0. 3. 0. 0. 0. 0. 0. 0. .5 0. 20.0. 0. 0. 0. 0.
2I20. 0. 0. .5 0. 0. 0. 0. .1 0. 0. 0. 0. 0. 0. 0. .5 0. 0. 0. .5 0. 0. 3. 0.
2I30. 0. 0. 0. 0. 0. 0. 0. 0. 0. 0. 0. 0. 0. 0. 0. 0. 0. 0. 0. 0. 0. 0. 0. 0.
2I40. 0. 0. 0. 0. 0. 0. 0. 0. 0. 0. 1. 0. 0. 0. 0. 0. 0. 0. 0. 0. 0. 0. .1 0.
2I546.0. 0. 0. 0. 0. 0. 0.
4A112.0. 17.0. 0. 0. 0. .1 3. .5 3. 0. 0. 0. 0. 0. 0. 0. 0. 8. 0. 0. 0. 0. .1
4A20. 0. 0. 1. 0. 0. 0. 0. .5 0. 0. 0. 0. 0. 0. 0. .1 0. 0. 0. .1 0. 0. 2. 0.
4A30. 0. 0. 0. 0. 0. 0. 0. 0. 0. 0. 0. 0. 0. 0. 0. 0. 0. 0. 0. 0. 0. 0. 0. 0.
4A40. 0. 1. 0. 0. 0. 0. 0. 0. 0. 0. .010. 0. 0. 0. 0. 0. 0. 0. 0. 0. 0. 0. 0.
4A552.0. 0. 0. 0. 0. 0. 0.
4C115.0. 6. .5 0. 0. 0. .5 20..1 .5 0. 0. 0. 0. 0. 0. .1 0. 4. 0. 0. 0. 0. 0.
4C20. 0. 0. 2. 0. 0. 0. 0. 3. 0. 0. 0. 0. 0. 0. .1 .5 0. .010. .5 0. 0. 2. 0.
4C30. 0. 0. 0. 0. 0. 0. 0. 0. 0. 0. 0. 0. 0. 0. 0. 0. 0. 0. 0. 0. 0. 0. 0. 0.
4C40. 0. 0. 0. 0. 0. 0. 0. 0. 0. 0. .1 0. 0. 0. 0. 0. 0. 0. 0. 0. 0. 0. 0. 0.
4C554.0. 0. 0. 0. 0. 0. 0.
4E112.0. 20.2. 0. 0. 0. .1 4. 0. 2. 0. 0. 0. 0. 0. 0. 0. 0. 4. 0. 0. 0. 0. 2.
4E20. 0. 0. .5 0. 0. 0. 0. 4. 0. 0. 0. 0. 0. 0. 0. .5 0. 0. 0. 0. 0. 0. .5 0.
4E30. 0. 0. 0. 0. 0. 0. 0. 0. 0. 0. 0. 0. 0. 0. 0. 0. 0. 0. 0. 0. 0. 0. 0. 0.
4E40. 0. .5 0. 0. 0. .1 0. 0. 0. 0. 0. 0. 0. 0. 0. 0. 0. 0. 0. 0. 0. 0. 0. 0.
4E547.0. 0. 0. 0. 0. 0. 0.
4G13. 0. 1. .5 0. 0. 0. .5 15.0. 3. 0. 0. 0. 0. 0. 0. 0. 0. 10.0. 0. 0. 0. .1
4G20. 0. 0. 2. 0. 0. 0. 0. 5. 0. 0. 0. 0. 0. 0. 0. 1. 0. 0. 0. 0. 0. 0. 1. 0.
4G30. 0. 0. 0. 0. 0. .1 0. 0. 0. 0. 0. 0. 0. 0. 0. 0. 0. 0. 0. 0. 0. 0. 0. 0.
4G40. 0. .1 0. 0. 0. 0. 0. 0. 0. 0. 0. 0. 0. 0. 0. 0. 0. 0. 0. 0. 0. 0. 0. 0.
4G549.0. 0. 0. 0. 0. 0. 0.
4I15. 0. 5. .5 0. 0. 0. 1. 12.0. 2. 0. 0. 0. 0. 0. 0. .5 0. 25.0. 0. 0. 0. .5
4I20. 0. 0. 2. 0. 0. 0. 0. 3. 0. 0. 0. 0. 0. 0. 0. .5 0. 0. 0. .5 0. 0. 2. 0.
4I30. .1 0. 0. 0. 0. 0. 0. 0. 0. 0. 0. 0. 0. 0. 0. 0. 0. 0. 0. 0. 0. 0. 0. 0.
4I40. 0. 2. 0. 0. 0. 0. 0. 0. 0. 0. .1 0. 0. 0. 0. 0. 0. 0. 0. 0. 0. 0. 1. .01
4I547.0. 0. 0. 0. 0. 0. 0.
6A14. 0. 17.0. 0. 0. 0. .5 5. 0. .5 0. 0. 0. .1 0. 0. 1. 0. 20.0. 0. 0. 0. 0.
6A20. 0. 0. 1. 0. 0. 0. 0. .5 0. 0. 0. 0. 0. 0. 0. .5 0. 0. 0. .010. 0. 4. 0.
6A30. .5 0. 0. 0. 0. 0. 0. 0. 0. 0. 0. 0. 0. 0. 0. 0. 0. 0. 0. 0. 0. 0. 0. 0.
6A40. 0. 0. 0. 0. 0. 0. 0. 0. 0. 0. .5 0. 0. 0. 0. 0. 0. .5 .1 0. 0. .010. .01
6A542.0. 0. 0. 0. 0. 0. 0.
6C14. 0. 4. 5. 0. 0. 0. .5 15.0. 1. 0. 0. 0. 0. 0. 0. .5 0. 15.0. 0. 0. 0. 0.
6C20. 0. 0. 4. 0. 0. 0. 0. .5 0. 0. 0. 0. 0. 0. 0. .1 0. 0. 0. .1 0. 0. 2. 0.
6C30. 0. 0. 0. 0. 0. 0. 0. 0. 0. 0. 0. 0. 0. 0. 0. 0. 0. 0. 0. 0. 0. 0. 0. 0.
6C40. 0. .010. 0. 0. 0. 0. 0. 0. 0. .010. 0. 0. 0. 0. 0. 0. 0. 0. 0. 0. 0. 0.
6C544.0. 0. 0. 0. 0. 0. 0.
6E14. 0. 10.3. 0. 0. 0. .5 20.0. 4. 0. 0. 0. 0. 0. 0. 2. 0. 20.0. 0. 0. 0. 0.
6E20. 0. 0. 2. 0. 0. 0. 0. 4. 0. 0. 0. 0. 0. 0. 0. .5 0. 0. 0. .1 0. 0. 2. 0.
6E30. 0. 0. 0. 0. 0. 0. 0. 0. 0. 0. 0. 0. 0. 0. 0. 0. 0. 0. 0. 0. 0. 0. 0. 0.
6E40. 0. .1 0. 0. 0. 0. 0. 0. 0. 0. .010. 0. 0. 0. 0. 0. 0. 0. 0. 0. 0. 0. 0.
6E548.0. 0. 0. 0. 0. 0. 0.
6G115.0. 2. 1. 0. 0. 0. .5 8. 0. 3. 0. 0. 0. 0. 0. 0. 0. 0. 3. 0. 0. 0. 0. .1
6G20. 0. 0. 2. 0. 0. 0. 0. 8. 0. 0. 0. 0. 0. 0. 0. .5 0. 0. 0. .1 0. 0. .1 0.
6G30. 0. 0. 0. 0. 0. .1 0. 0. 0. 0. 0. 0. 0. 0. 0. 0. 0. 0. 0. 0. 0. 0. 0. 0.
6G40. 0. .5 0. 0. 0. 0. 0. 0. 0. 0. .010. 0. 0. 0. 0. 0. 0. 0. 0. 0. 0. 0. 0.
6G546.0. 0. 0. 0. 0. 0. 0.
6I110.0. 25.0. 0. 0. 0. .5 3. 0. 3. 0. 0. 0. 0. 0. 0. 0. 0. .5 0. 0. 0. 0. 0.
6I20. 0. .5 .5 0. 0. 0. 0. .1 0. 0. 0. 0. 0. 0. 0. .5 0. 0. 0. .5 0. 0. 3. 0.
6I30. 0. 0. 0. 0. 0. 0. 0. 0. 0. 0. 0. 0. 0. 0. 0. 0. 0. 0. 0. 0. 0. 0. 0. 0.
6I40. 0. .1 0. 0. 0. 0. 0. 0. 0. 0. 0. 0. 0. 0. 0. 0. 0. 0. 0. 0. 0. 0. 0. 0.
6I545.0. 0. 0. 0. 0. 0. 0.
8A12. 0. .5 .5 0. 0. 0. 1. 15.0. .5 0. 0. 0. 0. 0. 0. 1. 0. 20.0. 0. 0. 0. 0.
8A20. 0. 0. 1. 0. 0. 0. 0. 2. 0. 0. 0. 0. 0. 0. 0. 0. 0. 0. 0. .5 0. 0. 10.0.
8A30. .1 0. 0. .1 0. 0. 0. 0. 0. 0. 0. 0. 0. 0. 0. 0. 0. 0. 0. 0. 0. 0. 0. 0.
8A40. 0. 0. 0. 0. 0. 0. 0. 0. 0. 0. .5 0. 0. 0. 0. 0. 0. .1 0. 0. 0. 0. 0. 0.
8A546.0. .1 0. 0. 2. .1 0.
8C14. 0. 17.0. 0. 0. 0. .5 20..5 1. 0. 0. 0. 0. 0. 0. .5 0. 10.0. 0. 0. 0. 0.
8C20. 0. .1 .1 0. 0. 0. 0. .1 0. 0. 0. 0. 0. 0. .1 0. 0. 0. 0. 0. 0. 0. 5. 0.
8C30. .1 0. 0. 0. 0. 0. 0. 0. 0. 0. 0. 0. 0. 0. 0. 0. 0. 0. 0. 0. 0. 0. 0. 0.
8C40. 0. .010. 0. 0. 0. 0. 0. 0. 0. .010. 0. 0. 0. 0. .5 0. 0. 0. 0. 0. 0. 0.
8C546.0. 0. 0. 0. .1 0. 0.
8E11. 0. 20.0. 0. 0. 0. .5 2. 0. 2. 0. 0. 0. 0. 0. 0. .5 0. 8. 0. 0. 0. 0. 0.
8E20. 0. 0. .1 0. 0. 0. 0. .5 0. 0. 0. 0. 0. 0. 0. .1 0. 0. 0. .1 0. 0. 5. 0.
8E30. .1 0. 0. 0. 0. 0. 0. 0. 0. 0. 0. 0. 0. 0. 0. 0. 0. 0. 0. 0. 0. 0. 0. 0.
8E40. 0. 0. 0. 0. 0. 0. 0. 0. 0. 0. .010. 0. 0. 0. 0. 0. 0. 0. 0. 0. 0. 0. 0.
8E541.0. 0. 0. 0. 0. 0. 0.
8G110.0. 15.0. 0. 0. 0. .1 20.0. 4. 0. 0. 0. 0. 0. 0. .5 0. 15.0. 0. 0. 0. .5
8G20. 0. 0. 1. 0. 0. 0. 0. .5 0. 0. 0. 0. 0. 0. .1 .1 0. 0. 0. .1 0. 0. .5 0.
8G30. 0. 0. 0. 0. 0. 0. 0. 0. 0. 0. 0. 0. 0. 0. 0. 0. 0. 0. 0. 0. 0. 0. 0. 0.
8G40. 0. 1. 0. 0. 0. 0. 0. 0. 0. 0. 0. 0. 0. 0. 0. 0. 0. .010. 0. 0. 0. 0. 0.
8G547.0. 0. 0. 0. 0. 0. 0.
8I110.0. .1 0. 0. 0. 0. .1 30.0. 2. 0. 0. 0. 0. 0. 0. .5 0. 8. 0. 0. 0. 0. 1.
8I20. 0. 0. .5 0. 0. 0. 0. 2. 0. 0. 0. 0. 0. 0. .1 .1 0. 0. 0. .1 0. 0. 1. 0.
8I30. 0. 0. 0. 0. 0. 0. 0. 0. 0. 0. 0. 0. 0. 0. 0. 0. 0. 0. 0. 0. 0. 0. 0. 0.
8I40. 0. .1 0. 0. 0. 0. 0. 0. 0. 0. .1 0. 0. 0. 0. 0. 0. 0. 0. 0. 0. 0. 2. 0.
8I547.0. 0. 0. 0. 0. 0. 0.
0A14. 0. 0. .1 0. 0. 0. 2. 5. 0. .1 0. 0. 0. 0. 0. 0. .5 0. 12.0. 0. 0. 0. 0.
0A20. 0. 0. .1 0. 0. 0. 0. 2. 0. 0. 0. 0. 0. 0. .5 .1 0. .010. .1 0. 0. 12.0.
0A30. .1 0. 0. 0. 0. 1. 0. 0. 0. 0. 0. 0. 0. 0. 0. 0. 0. 0. 0. 0. 0. 0. 0. 0.
0A40. 0. 0. 0. 0. 0. 0. 0. 0. 0. 0. .5 0. 0. 0. 0. 0. 2. 0. .010. 0. 0. 0. 0.
0A549.0. 0. 0. 0. 0. 0. 0.
0C15. 0. 20.0. 0. 0. 0. 1. 3. 0. 1. 0. 0. 0. 0. 0. 0. .5 0. 20.0. 0. 0. 0. 0.
0C20. 0. 0. .1 0. 0. 0. 0. 1. 0. 0. 0. 0. 0. 0. .1 .5 0. 0. 0. .1 0. 0. 6. 0.
0C30. .010. 0. 0. 0. .5 0. 0. 0. 0. 0. 0. 0. 0. 0. 0. 0. 0. 0. 0. 0. 0. 0. 0.
0C40. 0. .1 0. 0. 0. 0. 0. 0. 0. 0. .1 0. 0. 0. 0. 0. 6. 0. 0. 0. 0. 0. .1 0.
0C548.0. 0. 0. 0. 0. 0. 0.
0E12. 0. 5. 0. 0. 0. 0. .5 1. 0. 2. 0. 0. 0. 0. 0. 0. 2. 0. 30.0. 0. 0. 0. 0.
0E20. 0. 0. .5 0. 0. 0. 0. 2. 0. 0. 0. 0. 0. 0. .1 .1 0. 0. 0. 1. 0. 0. 8. 0.
0E30. .1 0. 0. 0. 0. 0. 0. 0. 0. 0. 0. 0. 0. 0. 0. 0. 0. 0. 0. 0. 0. 0. 0. 0.
0E40. 0. .010. 0. 0. 0. 0. 0. 0. 0. 0. 0. 0. 0. 0. 0. 0. 0. 0. 0. 0. 0. .5 0.
0E546.0. 0. 0. 0. 0. 0. 0.
0G115.0. 3. 0. 0. 0. 0. 1. 2. 1. .5 0. 0. 0. 0. 0. 0. .5 0. 6. 0. 0. 0. 0. 2.
0G20. 0. 0. .5 0. 0. 0. 0. 3. 0. 0. 0. 0. 0. 0. .1 .1 0. 0. 0. .5 0. 0. 20.0.
0G30. .5 0. 0. 0. 0. .5 0. 0. 0. 0. 0. 0. 0. 0. 0. 0. 0. 0. 0. 0. 0. 0. 0. 0.
0G40. 0. .1 0. 0. 0. 0. 0. 0. 0. 0. 0. 0. 0. 0. 0. 0. 0. 0. 0. 0. 0. 0. 0. 0.
0G546.0. 0. 0. 0. 0. 0. 0.
0I115.0. 1. 1. 0. 0. 0. 2. 4. 0. .5 0. 0. 0. 0. 0. 0. 0. 0. 8. 0. 0. 0. 0. 0.
0I20. 0. 0. .5 0. 0. 0. 0. 2. 0. 0. 0. 0. 0. 0. .1 .1 0. 0. 0. .1 0. 0. 8. 0.
0I30. 0. 0. 0. 0. 0. 2. 0. 0. 0. 0. 0. 0. 0. 0. 0. 0. 0. 0. 0. 0. 0. 0. 0. 0.
0I40. 0. .1 0. 0. 0. 0. 0. 0. 0. 0. .1 0. 0. 0. 0. 0. 0. 0. 0. 0. 0. 0. 0. .01
0I547.0. 0. 0. 0. 0. 0. 0.
2A117.0. 0. 0. 0. 0. 0. .5 4. 3. 10.0. 0. 0. 0. 0. 0. .5 0. 15.0. 0. 0. 0. 4.
2A20. 0. 0. .5 0. 0. .1 0. 5. 0. 0. 0. 0. 0. 0. .1 1. 0. .1 0. 0. 0. 0. 2. 0.
2A30. 0. 0. 0. .1 0. 0. 0. 0. 0. 0. 0. 0. 0. 0. 0. 0. 0. 0. 0. 0. 0. 0. 0. 0.
2A40. 0. .5 0. 0. 0. 0. 0. 0. 0. 0. 0. 0. 0. 0. 0. 0. 0. 0. 0. 0. 0. 0. 0. 0.
2A550.0. 0. 0. 0. 0. 0. 0.
2C14. 0. 25.0. 0. 0. 0. .5 4. 0. 3. 0. 0. 0. 0. 0. 0. .5 0. 15.0. 0. 0. 0. 0.
2C20. 0. 0. .5 0. 0. 0. 0. 3. 0. 0. 0. 0. 0. 0. .1 .1 0. 0. 0. .5 0. 0. 8. 0.
2C30. .5 0. 0. .1 0. .5 0. 0. 0. 0. 0. 0. 0. 0. 0. 0. 0. 0. 0. 0. 0. 0. 0. 0.
2C40. 0. .1 0. 0. 0. 0. 0. 0. 0. 0. 0. 0. 0. 0. 0. 0. 0. 0. 0. 0. 0. 0. 0. 0.
2C548.0. 0. 0. 0. 0. 0. 0.
2E18. 0. 4. .1 0. 0. 0. 1. 15..5 4. 0. 0. 0. 0. 0. 0. .5 0. 25.0. 0. 0. 0. .5
2E20. 0. 0. 1. 0. 0. 0. 0. 2. 0. 0. 0. 0. 0. 0. .01.1 0. 0. 0. .1 0. 0. 12.0.
2E30. .1 0. .010. 0. 0. 0. 0. 0. 0. 0. 0. 0. 0. 0. 0. 0. 0. 0. 0. 0. 0. 0. 0.
2E40. 0. .5 0. 0. 0. 0. 0. 0. 0. 0. 0. 0. 0. 0. 0. 0. 0. 0. 0. 0. 0. 0. 0. 0.
2E547.0. 0. 0. 0. 0. 0. 0.
2G18. 0. 8. 0. 0. 0. 0. 1. 6. 0. 4. 0. 0. 0. 0. 0. 0. 1. 0. 8. 0. 0. 0. 0. .5
2G20. 0. 0. .1 0. 0. 0. 0. 2. 0. 0. 0. 0. 0. 0. .011. 0. 0. 0. 0. 0. 0. 5. 0.
2G30. 0. 0. 0. 0. 0. 0. 0. 0. 0. 0. 0. 0. 0. 0. 0. 0. 0. 0. 0. 0. 0. 0. 0. 0.
2G40. 0. .1 0. 0. 0. 0. 0. 0. 0. 0. 0. 0. 0. 0. 0. 0. 0. 0. 0. 0. 0. 0. 0. 0.
2G548.0. 0. 0. 0. 0. 0. 0.
2I112.0. 4. 0. 0. 0. 0. .5 8. 0. 4. 0. 0. 0. 0. 0. 0. .5 0. 15.0. 0. 0. 0. 0.
2I20. 0. 0. .5 0. 0. 0. 0. .5 0. 0. 0. 0. 0. 0. .1 .5 0. 0. 0. 1. 0. 0. 4. 0.
2I30. 0. 0. 0. 0. 0. .1 0. 0. 0. 0. 0. 0. 0. 0. 0. 0. 0. 0. 0. 0. 0. 0. 0. 0.
2I40. 0. .1 0. 0. 0. 0. 0. 0. 0. 0. .5 0. 0. 0. 0. 0. 0. 0. 0. 0. 0. 0. 0. 0.
2I547.0. 0. 0. 0. 0. 0. 0.
4A115.0. 17.0. 0. 0. 0. .5 3. .5 3. 0. 0. 0. 0. 0. 0. .010. 10.0. 0. 0. 0. .5
4A20. 0. 0. 1. 0. 0. 0. 0. 3. 0. 0. 0. 0. 0. 0. .1 .1 0. 0. 0. .1 0. 0. 5. 0.
4A30. 0. 0. 0. .010. 0. 0. 0. 0. 0. 0. 0. 0. 0. 0. 0. 0. 0. 0. 0. 0. 0. 0. 0.
4A40. 0. .1 0. 0. 0. 0. 0. 0. 0. 0. .1 0. 0. 0. 0. 0. 0. 0. 0. 0. 0. 0. 0. 0.
4A548.0. 0. 0. 0. 0. 0. 0.
4C117.0. 8. .5 0. 0. 0. .5 15.1. 1. 0. 0. 0. 0. 0. 0. .5 0. 3. 0. 0. 0. 0. 0.
4C20. 0. 0. 2. 0. 0. 0. 0. 4. 0. 0. 0. 0. 0. 0. .1 .5 0. 0. 0. .1 0. 0. 5. 0.
4C30. 0. 0. 0. 0. 0. .5 0. 0. 0. 0. 0. 0. 0. 0. 0. 0. 0. 0. 0. 0. 0. 0. 0. 0.
4C40. .01.1 0. 0. 0. 0. 0. 0. 0. 0. .1 0. 0. 0. 0. 0. 0. 0. 0. 0. 0. 0. 0. 0.
4C552.0. 0. 0. 0. 0. 0. 0.
4E115.0. 25..5 0. 0. 0. .5 2. 0. 2. 0. 0. 0. 0. 0. 0. .5 0. 4. 0. 0. 0. 0. 3.
4E20. 0. 0. 1. 0. 0. 0. 0. 4. 0. 0. 0. 0. 0. 0. 0. .5 0. 0. 0. 0. 0. 0. 1. 0.
4E30. 0. 0. 0. 0. 0. 0. 0. 0. 0. 0. 0. 0. 0. 0. 0. 0. 0. 0. 0. 0. 0. 0. 0. 0.
4E40. 0. .1 0. 0. 0. 0. 0. 0. 0. 0. 0. 0. 0. 0. 0. 0. 0. 0. 0. 0. 0. 0. 0. 0.
4E549.0. 0. 0. 0. 0. 0. 0.
4G14. 0. 2. .5 0. 0. 0. 2. 15.0. 5. 0. 0. 0. 0. 0. 0. 0. 0. 15.0. 0. 0. 0. 1.
4G20. 0. 0. 2. 0. 0. 0. 0. 8. 0. 0. 0. 0. 0. 0. 0. 2. 0. 0. 0. .1 0. 0. 3. 0.
4G30. 0. 0. 0. .1 0. .5 0. 0. 0. 0. 0. 0. 0. 0. 0. 0. 0. 0. 0. 0. 0. 0. 0. 0.
4G40. 0. .5 0. 0. 0. 0. 0. 0. 0. 0. 0. 0. 0. 0. 0. 0. 0. 0. 0. 0. 0. 0. 0. 0.
4G550.0. 0. 0. 0. 0. 0. 0.
4I15. 0. 12..5 0. 0. 0. 2. 15.0. 4. 0. 0. 0. 0. 0. 0. 2. 0. 25.0. 0. 0. 0. .5
4I20. 0. 0. 2. 0. 0. 0. 0. 5. 0. 0. 0. 0. 0. 0. 0. 1. 0. 0. 0. 1. 0. 0. 5. 0.
4I30. .1 0. 0. 0. 0. .5 0. 0. 0. 0. 0. 0. 0. 0. 0. 0. 0. 0. 0. 0. 0. 0. 0. 0.
4I40. 0. .5 0. 0. 0. 0. 0. 0. 0. 0. .010. 0. 0. 0. 0. 0. 0. 0. 0. 0. 0. .5 0.
4I548.0. 0. 0. 0. 0. 0. 0.
6A13. 0. 17.0. 0. 0. 0. 0. 3. 0. 3. 0. 0. 0. 0. 0. 0. 2. 0. 20.0. 0. 0. 0. 0.
6A20. 0. 0. .5 0. 0. 0. 0. .5 0. 0. 0. 0. 0. 0. .1 0. 0. 0. 0. 0. 0. 0. 6. 0.
6A30. 0. 0. 0. 0. 0. .1 0. 0. 0. 0. 0. 0. 0. 0. 0. 0. 0. 0. 0. 0. 0. 0. 0. 0.
6A40. 0. 0. 0. 0. 0. 0. 0. 0. 0. 0. 1. 0. 0. 0. 0. 0. 0. .5 .1 0. 0. 0. 0. .01
6A544.0. 0. 0. 0. 0. 0. 0.
6C13. 0. 8. 8. 0. 0. 0. 2. 10.0. 4. 0. 0. 0. 0. 0. 0. .5 0. 15.0. 0. 0. 0. .5
6C20. 0. 0. 3. 0. 0. 0. 0. .1 0. 0. 0. 0. 0. 0. .1 .5 0. 0. 0. .1 0. 0. 15.0.
6C30. .1 0. 0. 0. 0. 0. 0. 0. 0. 0. 0. 0. 0. 0. 0. 0. 0. 0. 0. 0. 0. 0. 0. 0.
6C40. 0. 0. 0. 0. 0. 0. 0. 0. 0. 0. .1 0. 0. 0. 0. 0. 0. 0. 0. 0. 0. 0. 0. 0.
6C548.0. 0. 0. 0. 0. 0. 0.
6E15. 0. 10.2. 0. 0. 0. .5 15.0. 3. 0. 0. 0. 0. 0. 0. 3. 0. 12.0. 0. 0. 0. 0.
6E20. 0. 0. 4. 0. 0. 0. 0. 4. 0. 0. 0. 0. 0. 0. 0. .1 0. 0. 0. .5 0. 0. 10.0.
6E30. 0. 0. 0. 0. 0. 0. 0. 0. 0. 0. 0. 0. 0. 0. 0. 0. 0. 0. 0. 0. 0. 0. 0. 0.
6E40. 0. 0. 0. 0. 0. 0. 0. 0. 0. 0. 0. 0. 0. 0. 0. 0. 0. 0. 0. 0. 0. 0. 0. 0.
6E550.0. 0. 0. 0. 0. 0. 0.
6G18. 0. 2. .5 0. 0. 0. 2. 12.0. 5. 0. 0. 0. 0. 0. 0. 0. 0. 8. 0. 0. 0. 0. .1
6G20. 0. 0. 3. 0. 0. 0. 0. 8. 0. 0. 0. 0. 0. 0. 0. 1. 0. 0. 0. 0. 0. 0. 2. 0.
6G30. 0. 0. 0. 0. 0. .1 0. 0. 0. 0. 0. 0. 0. 0. 0. 0. 0. 0. 0. 0. 0. 0. 0. 0.
6G40. 0. .5 0. 0. 0. 0. 0. 0. 0. 0. 0. 0. 0. 0. 0. 0. 0. 0. 0. 0. 0. 0. 0. .01
6G548.0. 0. 0. 0. 0. 0. 0.
6I117.0. 35.0. 0. 0. 0. .1 2. 0. 4. 0. 0. 0. 0. 0. 0. .1 0. .5 0. 0. 0. 0. 0.
6I20. 0. 0. .5 0. 0. 0. 0. .5 0. 0. 0. 0. 0. 0. 0. 1. 0. 0. 0. .5 0. 0. 2. 0.
6I30. 0. 0. 0. 0. 0. .010. 0. 0. 0. 0. 0. 0. 0. 0. 0. 0. 0. 0. 0. 0. 0. 0. 0.
6I40. 0. .1 0. 0. 0. 0. 0. 0. 0. 0. 0. 0. 0. 0. 0. 0. 0. 0. 0. 0. 0. 0. 0. .01
6I547.0. 0. 0. 0. 0. 0. 0.
8A12. 0. 1. .5 0. 0. 0. .5 8. 0. 3. 0. 0. 0. 0. 0. 0. 2. 0. 25.0. 0. 0. 0. 0.
8A20. 0. 0. 2. 0. 0. 0. .01.5 0. 0. 0. 0. 0. 0. 0. 0. 0. 0. 0. 2. 0. 0. 30.0.
8A30. .5 0. 0. .1 0. 2. 0. 0. 0. 0. 0. 0. 0. 0. 0. 0. 0. 0. 0. 0. 0. 0. 0. 0.
8A40. 0. 0. 0. 0. 0. 0. 0. 0. 0. 0. .5 0. 0. 0. 0. 0. 0. .5 .010. 0. 0. 0. 0.
8A547.0. 0. 0. 0. 1. .1 0. 0. 0. 0. 0. 0.
8C14. 0. 17.0. 0. 0. 0. .5 15.0. 2. 0. 0. 0. 0. 0. 0. .5 0. 15.0. 0. 0. 0. 0.
8C20. 0. 0. 1. 0. 0. 0. 0. 0. 0. 0. 0. 0. 0. 0. .1 0. 0. 0. 0. 0. 0. 0. 12.0.
8C30. 0. 0. 0. 0. 0. 0. 0. 0. 0. 0. 0. 0. 0. 0. 0. 0. 0. 0. 0. 0. 0. 0. 0. 0.
8C40. 0. 0. 0. 0. 0. 0. 0. 0. 0. 0. .1 0. 0. 0. 0. 0. .5 0. 0. 0. 0. 0. 0. 0.
8C548.0. 0. 0. 0. 0. 0. 0.
8E12. 0. 25.0. 0. 0. 0. .5 2. 0. 4. 0. 0. 0. 0. 0. 0. .5 0. 12.0. 0. 0. 0. 0.
8E20. 0. 0. .1 0. 0. 0. 0. .5 0. 0. 0. 0. 0. 0. 0. .5 0. 0. 0. .1 0. 0. 5. 0.
8E30. .1 0. 0. 0. 0. 0. 0. 0. 0. 0. 0. 0. 0. 0. 0. 0. 0. 0. 0. 0. 0. 0. 0. 0.
8E40. 0. 0. 0. 0. 0. 0. 0. 0. 0. 0. .010. 0. 0. 0. 0. 0. 0. 0. 0. 0. 0. 0. 0.
8E548.0. 0. 0. 0. 0. 0. 0.
8G18. 0. 15.0. 0. 0. 0. 1. 17.0. 4. 0. 0. 0. 0. 0. 0. .5 0. 10.0. 0. 0. 0. 1.
8G20. 0. 0. .5 0. 0. 0. 0. 1. 0. 0. 0. 0. 0. 0. .1 .5 0. 0. 0. 1. 0. 0. 5. 0.
8G30. 0. 0. 0. 0. 0. .5 0. 0. 0. 0. 0. 0. 0. 0. 0. 0. 0. 0. 0. 0. 0. 0. 0. 0.
8G40. 0. 1. 0. 0. 0. 0. 0. 0. 0. 0. .010. 0. 0. 0. 0. 0. 0. 0. 0. 0. 0. 0. .01
8G548.0. 0. 0. 0. 0. 0. 0.
8I15. 0. 0. 0. 0. 0. 0. .5 25.0. 3. 0. 0. 0. 0. 0. 0. .5 0. 5. 0. 0. 0. 0. 2.
8I20. 0. 0. .5 0. 0. 0. 0. 6. 0. 0. 0. 0. 0. 0. 0. .5 0. 0. 0. .1 0. 0. 4. 0.
8I30. 0. 0. 0. 0. 0. 1. 0. 0. 0. 0. 0. 0. 0. 0. 0. 0. 0. 0. 0. 0. 0. 0. 0. 0.
8I40. 0. .1 0. 0. 0. 0. 0. 0. 0. 0. .1 0. 0. 0. 0. 0. 0. 0. 0. 0. 0. 0. 2. 0.
8I550.0. 0. 0. 0. 0. 0. 0.
0A13. 0. 0. .1 0. 0. 0. 3. 6. 0. 0. 0. 0. 0. 0. 0. 0. .5 0. 10.0. 0. 0. 0. 0.
0A20. 0. .5 .5 0. 0. 0. 0. 1. 0. 0. 0. 0. 0. 0. .5 .1 0. .1 0. .1 0. 0. 15.0.
0A30. .5 0. 0. 0. 0. 4. 0. 0. 0. 0. 0. 0. 0. 0. 0. 0. 0. 0. 0. 0. 0. 0. 0. 0.
0A40. 0. 0. 0. 0. 0. 0. 0. 0. 0. 0. .5 0. 0. 0. 0. 0. 2. 0. .010. 0. 0. 0. 0.
0A552.0. 0. 0. 0. 0. 0. 0.
0C13. 0. 15.0. 0. 0. 0. 1. 3. 0. 2. 0. 0. 0. 0. 0. 0. 1. 0. 20.0. 0. 0. 0. 0.
0C20. 0. .1 .1 0. 0. 0. 0. 1. 0. 0. 0. 0. 0. 0. .1 .5 0. .010. .1 0. 0. 5. 0.
0C30. 0. 0. 0. 0. 0. 2. 0. 0. 0. 0. 0. 0. 0. 0. 0. 0. 0. 0. 0. 0. 0. 0. 0. 0.
0C40. 0. .1 0. 0. 0. 0. 0. 0. 0. 0. .5 0. 0. 0. 0. 0. 5. 0. 0. 0. 0. 0. .1 0.
0C549.0. 0. 0. 0. 0. 0. 0.
0E11. 0. 8. 0. 0. 0. 0. 1. 1. 0. 2. 0. 0. 0. 0. 0. 0. 3. 0. 40.0. 0. 0. 0. 0.
0E20. 0. .1 .5 0. 0. 0. 0. 4. 0. 0. 0. 0. 0. 0. .1 .1 0. 0. 0. 1. 0. 0. 10.0.
0E30. .5 0. 0. 0. 0. 1. 0. 0. 0. 0. 0. 0. 0. 0. 0. 0. 0. 0. 0. 0. 0. 0. 0. 0.
0E40. 0. 1. 0. 0. 0. 0. 0. 0. 0. 0. .1 0. 0. 0. 0. 0. 0. 0. .010. 0. 0. 1. .01
0E549.0. 0. 0. 0. 0. 0. 0.
0G18. 0. 3. 0. 0. 0. 0. 1. 1. 1. 1. 0. 0. 0. 0. 0. 0. 0. 0. 8. 0. 0. 0. 0. 2.
0G20. 0. .1 .5 0. 0. 0. 0. 4. 0. 0. 0. 0. 0. 0. 0. .1 0. 0. 0. .5 0. 0. 20.0.
0G30. .1 0. 0. 0. 0. .5 0. 0. 0. 0. 0. 0. 0. 0. 0. 0. 0. 0. 0. 0. 0. 0. 0. 0.
0G40. 0. .5 0. 0. 0. 0. 0. 0. 0. 0. 0. 0. 0. 0. 0. 0. 0. 0. 0. 0. 0. 0. 0. 0.
0G550.0. 0. 0. 0. 0. 0. 0.
0I110.0. 1. 2. 0. 0. 0. 1. 5. 0. .5 0. 0. 0. 0. 0. 0. .5 0. 12.0. 0. 0. 0. 0.
0I20. 0. .5 .1 0. 0. 0. 0. 3. 0. 0. 0. 0. 0. 0. .1 .5 0. 0. 0. .5 0. 0. 8. 0.
0I30. 0. 0. 0. 0. 0. 3. 0. 0. 0. 0. 0. 0. 0. 0. 0. 0. 0. 0. 0. 0. 0. 0. 0. 0.
0I40. 0. .5 0. 0. 0. 0. 0. 0. 0. 0. .1 0. 0. 0. 0. 0. 0. 0. 0. 0. 0. 0. 0. .1
0I550.0. 0. 0. 0. 0. 0. 0.
2A115.0. 0. 0. 0. 0. 0. .5 3. 6. 4. 0. 0. 0. 0. 0. 0. .5 0. 15.0. 0. 0. 0. 4.
2A20. 0. 0. .5 0. 0. .1 0. 2. 0. 0. 0. 0. 0. 0. .1 1. 0. .1 0. .5 0. 0. 3. 0.
2A30. 0. 0. 0. .1 0. 0. 0. 0. 0. 0. 0. 0. 0. 0. 0. 0. 0. 0. 0. 0. 0. 0. 0. 0.
2A40. 0. .5 0. 0. 0. 0. 0. 0. 0. 0. .1 0. 0. 0. 0. 0. 0. 0. 0. 0. 0. 0. 0. 0.
2A552.0. 0. 0. 0. 0. 0. 0.
2C13. 0. 25.0. 0. 0. 0. 1. 3. 0. 3. 0. 0. 0. 0. 0. 0. 1. 0. 12.0. 0. 0. 0. .1
2C20. 0. .1 .1 0. 0. 0. 0. 2. 0. 0. 0. 0. 0. 0. .1 .5 0. 0. 0. .5 0. 0. 6. 0.
2C30. .1 0. 0. 0. 0. .5 0. 0. 0. 0. 0. 0. 0. 0. 0. 0. 0. 0. 0. 0. 0. 0. 0. 0.
2C40. 0. .1 0. 0. 0. 0. 0. 0. 0. 0. .1 0. 0. 0. 0. 0. 0. 0. 0. 0. 0. 0. 0. 0.
2C550.0. 0. 0. 0. 0. 0. 0.
2E13. 0. 3. .1 0. 0. 0. 2. 15.1. 5. 0. 0. 0. 0. 0. 0. .5 0. 25.0. 0. 0. 0. .5
2E20. 0. 0. .5 0. 0. 0. 0. 1. 0. 0. 0. 0. 0. 0. .1 .5 0. .010. .1 0. 0. 10.0.
2E30. .1 0. 0. 0. 0. .5 .1 0. 0. 0. 0. 0. 0. 0. 0. 0. 0. 0. 0. 0. 0. 0. 0. 0.
2E40. 0. .5 0. 0. 0. 0. 0. 0. 0. 0. .010. 0. 0. 0. 0. 0. 0. 0. 0. 0. 0. 0. 0.
2E550.0. 0. 0. 0. 0. 0. 0.
2G14. 0. 10.0. 0. 0. 0. 1. 6. 0. 4. 0. 0. 0. 0. 0. 0. 2. 0. 8. 0. 0. 0. 0. .5
2G20. 0. 0. .1 0. 0. 0. 0. 3. 0. 0. 0. 0. 0. 0. .1 .5 0. 0. 0. 0. 0. 0. 4. 0.
2G30. 0. 0. 0. 0. 0. 0. 0. 0. 0. 0. 0. 0. 0. 0. 0. 0. 0. 0. 0. 0. 0. 0. 0. 0.
2G40. 0. .1 0. 0. 0. 0. 0. 0. 0. 0. 0. 0. 0. 0. 0. 0. 0. 0. 0. 0. 0. 0. 0. 0.
2G551.0. 0. 0. 0. 0. 0. 0.
2I112.0. 10.0. 0. 0. 0. .5 8. 0. 4. 0. 0. 0. 0. 0. 0. .5 0. 20..5 0. 0. 0. 0.
2I20. 0. 0. 1. 0. 0. 0. 0. .5 0. 0. 0. 0. 0. 0. .1 .5 0. 0. 0. 1. 0. 0. 3. 0.
2I30. 0. 0. 0. 0. 0. .5 0. 0. 0. 0. 0. 0. 0. 0. 0. 0. 0. 0. 0. 0. 0. 0. 0. 0.
2I40. 0. .5 0. 0. 0. 0. 0. 0. 0. 0. 1. 0. 0. 0. 0. 0. 0. 0. 0. 0. 0. 0. 0. 0.
2I550.0. 0. 0. 0. 0. 0. 0.
4A112.0. 15.0. 0. 0. 0. 1. 4. .5 4. 0. 0. 0. 0. 0. 0. .1 0. 8. 0. 0. 0. 0. .5
4A20. 0. 12..5 0. 0. 0. 0. 1. 0. 0. 0. 0. 0. 0. .1 .1 0. 0. 0. .1 0. 0. 6. 0.
4A30. 0. 0. 0. .1 0. 0. 0. 0. 0. 0. 0. 0. 0. 0. 0. 0. 0. 0. 0. 0. 0. 0. 0. 0.
4A40. 0. .5 0. 0. 0. 0. 0. 0. 0. 0. .1 0. 0. 0. 0. 0. 0. 0. 0. 0. 0. 0. 0. 0.
4A551.0. 0. 0. 0. 0. 0. 0.
4C110.0. 5. .5 0. 0. 0. 2. 5. 0. 1. 0. 0. 0. 0. 0. 0. 0. 0. 4. .5 0. 0. 0. 0.
4C20. 0. 0. 2. 0. 0. 0. 0. 3. 0. 0. 0. 0. 0. 0. .1 .5 0. 0. 0. .1 0. 0. 5. 0.
4C30. 0. 0. 0. 0. 0. .5 0. 0. 0. 0. 0. 0. 0. 0. 0. 0. 0. 0. 0. 0. 0. 0. 0. 0.
4C40. 0. .1 0. 0. 0. 0. 0. 0. 0. 0. .1 0. 0. 0. 0. 0. 0. 0. 0. 0. 0. 0. 0. 0.
4C552.0. 0. 0. 0. 0. 0. 0.
4E110.0. 20..5 0. 0. 0. .5 2. 0. 3. 0. 0. 0. 0. 0. 0. .5 0. 3. 0. 0. 0. 0. 3.
4E20. 0. .011. 0. 0. 0. 0. 4. 0. 0. 0. 0. 0. 0. 0. .5 0. 0. 0. .1 0. 0. 2. 0.
4E30. 0. 0. 0. 0. 0. 0. 0. 0. 0. 0. 0. 0. 0. 0. 0. 0. 0. 0. 0. 0. 0. 0. 0. 0.
4E40. 0. .5 0. 0. 0. .1 0. 0. 0. 0. 0. 0. 0. 0. 0. 0. 0. 0. 0. 0. 0. 0. 0. 0.
4E550.0. 0. 0. 0. 0. 0. 0.
4G13. 0. 2. .5 0. 0. 0. 1. 8. .5 3. 0. 0. 0. 0. 0. 0. 0. 0. 10.0. 0. 0. 0. .5
4G20. 0. 0. 2. 0. 0. 0. 0. 12.0. 0. 0. 0. 0. 0. 0. 1. 0. 0. 0. .1 0. 0. 2. 0.
4G30. 0. 0. 0. .5 0. .1 0. 0. 0. 0. 0. 0. 0. 0. 0. 0. 0. 0. 0. 0. 0. 0. 0. 0.
4G40. 0. .5 0. 0. 0. 0. 0. 0. 0. 0. 0. 0. 0. 0. 0. 0. 0. 0. 0. 0. 0. 0. 0. 0.
4G552.0. 0. 0. 0. 0. 0. 0.
4I13. 0. 6. .5 0. 0. 0. .5 5. 0. 4. 0. 0. 0. 0. 0. 0. 2. 0. 20.0. 0. 0. 0. .5
4I20. 0. 0. 1. 0. 0. 0. 0. 4. 0. 0. 0. 0. 0. 0. 0. .5 0. 0. 0. 1. 0. 0. 3. 0.
4I30. .1 0. 0. 0. 0. 1. 0. 0. 0. 0. 0. 0. 0. 0. 0. 0. 0. 0. 0. 0. 0. 0. 0. 0.
4I40. 0. .5 0. 0. 0. 0. 0. 0. 0. 0. 0. 0. 0. 0. 0. 0. 0. 0. 0. 0. 0. 0. .5 .1
4I549.0. 0. 0. 0. 0. 0. 0.
6A12. 0. 17.0. 0. 0. 0. 1. 4. 0. 3. 0. 0. 0. .1 0. 0. 1. 0. 15.1. 0. 0. 0. 0.
6A20. 0. 0. .5 0. 0. 0. 0. .1 0. 0. 0. 0. 0. 0. 0. .1 0. 0. 0. .1 0. 0. 5. 0.
6A30. .1 0. 0. 0. 0. 1. 0. 0. 0. 0. 0. 0. 0. 0. 0. 0. 0. 0. 0. 0. 0. 0. 0. 0.
6A40. 0. 0. 0. 0. 0. 0. 0. 0. 0. 0. .5 0. 0. 0. 0. 0. 0. .5 .1 0. 0. 0. 0. .1
6A550.0. 0. 0. 0. .1 0. 0.
6C12. 0. 4. 5. 0. 0. 0. 1. 15.0. 2. 0. 0. 0. 0. 0. 0. 1. 0. 20.0. 0. 0. 0. 0.
6C20. 0. 0. 3. 0. 0. 0. 0. .5 0. 0. 0. 0. 0. 0. .1 .5 0. 0. 0. .1 0. 0. 20.0.
6C30. .1 0. 0. 0. 0. .1 0. 0. 0. 0. 0. 0. 0. 0. 0. 0. 0. 0. 0. 0. 0. 0. 0. 0.
6C40. 0. .010. 0. 0. 0. 0. 0. 0. 0. .1 0. 0. 0. 0. 0. 0. 0. 0. 0. 0. 0. 0. 0.
6C548.0. 0. 0. 0. 0. 0. 0.
6E14. 0. 12.2. 0. 0. 0. .1 10.0. 3. 0. 0. 0. 0. 0. 0. 3. 0. 15.0. 0. 0. 0. 0.
6E20. 0. 0. 2. 0. 0. 0. 0. 3. 0. 0. 0. 0. 0. 0. 0. .5 0. 0. 0. 1. 0. 0. 15.0.
6E30. 0. 0. 0. 0. 0. 0. 0. 0. 0. 0. 0. 0. 0. 0. 0. 0. 0. 0. 0. 0. 0. 0. 0. 0.
6E40. 0. .5 0. 0. 0. 0. 0. 0. 0. 0. 0. 0. 0. 0. 0. 0. 0. 0. 0. 0. 0. 0. 0. 0.
6E550.0. 0. 0. 0. 0. 0. 0.
6G115.0. 2. 1. 0. 0. 0. 3. 4. 0. 4. 0. 0. 0. 0. 0. 0. 0. 0. 5. 0. 0. 0. 0. .1
6G20. 0. 0. 3. 0. 0. 0. 0. 8. 0. 0. 0. 0. 0. 0. 0. 1. 0. 0. 0. 0. 0. 0. 3. 0.
6G30. 0. 0. 0. .1 0. 1. 0. 0. 0. 0. 0. 0. 0. 0. 0. 0. 0. 0. 0. 0. 0. 0. 0. 0.
6G40. 0. 1. 0. 0. 0. 0. 0. 0. 0. 0. .1 0. 0. 0. 0. 0. 0. 0. 0. 0. 0. 0. 0. .01
6G551.0. 0. 0. 0. 0. 0. 0.
6I17. 0. 20.0. 0. 0. 0. .5 3. 0. 3. 0. 0. 0. 0. 0. 0. 0. 0. 1. 0. 0. 0. 0. .1
6I20. 0. 0. 1. 0. 0. 0. 0. 2. 0. 0. 0. 0. 0. 0. 0. 1. 0. 0. 0. 1. 0. 0. 3. 0.
6I30. 0. 0. 0. 0. 0. .5 0. 0. 0. 0. 0. 0. 0. 0. 0. 0. 0. 0. 0. 0. 0. 0. 0. 0.
6I40. 0. .5 0. 0. 0. 0. 0. 0. 0. 0. 0. 0. 0. 0. 0. 0. 0. 0. 0. 0. 0. 0. 0. .01
6I550.0. 0. 0. 0. 0. 0. 0.
8A13. 0. .5 0. 0. 0. 0. .5 10.0. 3. 0. 0. 0. 0. 0. 0. 2. 0. 25.2. 0. 0. 0. 0.
8A20. 0. 0. .5 0. 0. 0. 0. 1. 0. 0. 0. 0. 0. 0. .1 0. 0. .010. 1. 0. 0. 20.0.
8A30. .5 0. 0. .1 0. 5. 0. 0. 0. 0. 0. 0. 0. 0. 0. 0. 0. 0. 0. 0. 0. 0. 0. 0.
8A40. 0. 0. 0. 0. 0. 0. 0. 0. 0. 0. 1. 0. 0. 0. 0. 0. 0. .1 0. 0. 0. 0. 0. 0.
8A549.0. 0. 0. 0. 1. .1 0.
8C15. 0. 17.0. 0. 0. 0. 2. 8. .5 2. 0. 0. 0. 0. 0. 0. .5 0. 10.0. 0. 0. 0. 0.
8C20. 0. .1 .1 0. 0. 0. 0. .1 0. 0. 0. 0. 0. 0. .1 .1 0. .1 0. .1 0. 0. 12.0.
8C30. .1 0. 0. 0. 0. .010. 0. 0. 0. 0. 0. 0. 0. 0. 0. 0. 0. 0. 0. 0. 0. 0. 0.
8C40. 0. 0. 0. 0. 0. 0. 0. 0. 0. 0. .010. 0. 0. 0. 0. 0. .1 0. 0. 0. 0. 0. .1
8C551.0. 0. 0. 0. 0. 0. 0.
8E12. 0. 20.0. 0. 0. 0. .5 2. 0. 4. 0. 0. 0. 0. 0. 0. .5 0. 10.0. 0. 0. 0. 0.
8E20. 0. 0. .1 0. 0. 0. 0. .5 0. 0. 0. 0. 0. 0. 0. .1 0. 0. 0. .5 0. 0. 3. 0.
8E30. .1 0. 0. 0. 0. 0. 0. 0. 0. 0. 0. 0. 0. 0. 0. 0. 0. 0. 0. 0. 0. 0. 0. 0.
8E40. 0. 0. 0. 0. 0. 0. 0. 0. 0. 0. .010. 0. 0. 0. 0. 0. 0. 0. 0. 0. 0. 0. 0.
8E550.0. 0. 0. 0. 0. 0. 0.
8G18. 0. 12.0. 0. 0. 0. .5 20.0. 4. 0. 0. 0. 0. 0. 0. .5 0. 8. 0. 0. 0. 0. .5
8G20. 0. .1 .5 0. 0. 0. 0. .1 0. 0. 0. 0. 0. 0. .1 .5 0. 0. 0. 1. 0. 0. 5. 0.
8G30. 0. 0. 0. 0. 0. .1 0. 0. 0. 0. 0. 0. 0. 0. 0. 0. 0. 0. 0. 0. 0. 0. 0. 0.
8G40. 0. 2. 0. 0. 0. 0. 0. 0. 0. 0. 0. 0. 0. 0. 0. 0. 0. 0. 0. 0. 0. 0. 0. .1
8G551.0. 0. 0. 0. 0. 0. 0.
8I110.0. 0. 0. 0. 0. 0. 1. 30.1. 3. 0. 0. 0. 0. 0. 0. 1. 0. 4. .5 0. 0. 0. 1.
8I20. 0. 0. .1 0. 0. 0. 0. 1. 0. 0. 0. 0. 0. 0. .1 .5 0. 0. 0. .5 0. 0. 3. 0.
8I30. 0. 0. 0. 0. 0. 0. 0. 0. 0. 0. 0. 0. 0. 0. 0. 0. 0. 0. 0. 0. 0. 0. 0. 0.
8I40. 0. .1 0. 0. 0. 0. 0. 0. 0. 0. .5 0. 0. 0. 0. 0. 0. 0. 0. 0. 0. 0. 1. 0.
8I556.0. 0. 0. 0. 0. 0. 0.
0A13. 0. 0. 0. 0. 0. 0. 2. 5. 0. 0. 0. 0. 0. 0. 0. 0. 0. 0. 10.0. 0. 0. 0. 0.
0A20. .5 0. .1 0. 0. 0. 0. .5 0. 0. 0. 0. 0. 0. .5 0. 0. .010. .1 0. 0. 3. 0.
0A30. .1 0. 0. 0. 0. 2. 0. 0. 0. 0. 0. 0. 0. 0. 0. 0. 0. 0. 0. 0. 0. 0. 0. 0.
0A40. 0. 0. 0. 0. 0. 0. 0. 0. 0. 0. .5 0. 0. 0. 0. 0. 2. 0. .010. 0. 0. 0. 0.
0A558.0. 0. 0. 0. 0. 0. 0.
0C13. 0. 8. 0. 0. 0. 0. 1. 1. 0. 1. 0. 0. 0. 0. 0. 0. .5 0. 20.0. 0. 0. 0. 0.
0C20. .1 0. .1 0. 0. 0. 0. .5 0. 0. 0. 0. 0. 0. .1 .1 0. 0. 0. .010. 0. 4. 0.
0C30. .1 0. 0. 0. 0. .5 0. 0. 0. 0. 0. 0. 0. 0. 0. 0. 0. 0. 0. 0. 0. 0. 0. 0.
0C40. 0. .1 0. 0. 0. 0. 0. 0. 0. 0. .1 0. 0. 0. 0. 0. 4. 0. .010. 0. 0. 0. 0.
0C555.0. 0. 0. 0. 0. 0. 0.
0E11. 0. 4. 0. 0. 0. 0. 1. 1. .1 2. 0. 0. 0. 0. 0. 0. 2. 0. 25.0. 0. 0. 0. 0.
0E20. 0. 0. .5 0. 0. 0. 0. 3. 0. 0. 0. 0. 0. 0. .1 .010. 0. 0. .5 0. 0. 15.0.
0E30. .1 0. 0. 0. 0. 1. 0. 0. 0. 0. 0. 0. 0. 0. 0. 0. 0. 0. 0. 0. 0. 0. 0. 0.
0E40. 0. 0. 0. 0. 0. 0. 0. 0. 0. 0. .1 0. 0. 0. 0. 0. 0. 1. .010. 0. 0. 0. 0.
0E556.0. 0. 0. 0. 0. 0. 0.
0G14. 0. 2. 0. 0. 0. 0. 1. 2. .5 .5 0. 0. 0. 0. 0. 0. 0. 0. 4. 0. 0. 0. 0. 1.
0G20. .1 0. 0. 0. 0. 0. 0. 1. 0. 0. 0. 0. 0. 0. 0. .1 0. 0. 0. .1 0. 0. 10.0.
0G30. .1 0. 0. 0. 0. .5 0. 0. 0. 0. 0. 0. 0. 0. 0. 0. 0. 0. 0. 0. 0. 0. 0. 0.
0G40. 0. .5 0. 0. 0. 0. 0. 0. 0. 0. 0. 0. 0. 0. 0. 0. 0. 0. 0. 0. 0. 0. 0. 0.
0G555.0. 0. 0. 0. 0. 0. 0.
0I110.0. 1. 1. 0. 0. 0. 1. 4. 0. 2. 0. 0. 0. 0. 0. 0. .1 0. 5. 0. 0. 0. 0. .1
0I20. .5 0. .1 0. 0. 0. 0. .5 0. 0. 0. 0. 0. 0. 0. .1 0. 0. 0. .5 0. 0. 4. 0.
0I30. 0. 0. 0. 0. 0. 1. 0. 0. 0. 0. 0. 0. 0. 0. 0. 0. 0. 0. 0. 0. 0. 0. 0. 0.
0I40. 0. .5 0. 0. 0. 0. 0. 0. 0. 0. .1 0. 0. 0. 0. 0. 0. 0. 0. 0. 0. 0. 0. 0.
0I555.0. 0. 0. 0. 0. 0. 0.
2A112.0. 0. 0. 0. 0. 0. 1. 4. 8. 3. 0. 0. 0. 0. 0. 0. .5 0. 20.0. 0. 0. 0. 2.
2A20. .1 0. .1 0. 0. .1 0. 4. 0. 0. 0. 0. 0. 0. .1 .1 0. .1 0. .5 0. 0. 2. 0.
2A30. 0. 0. 0. .1 0. 0. 0. 0. 0. 0. 0. 0. 0. 0. 0. 0. 0. 0. 0. 0. 0. 0. 0. 0.
2A40. 0. .5 0. 0. 0. 0. 0. 0. 0. 0. .1 0. 0. 0. 0. 0. 0. 0. 0. 0. 0. 0. 0. 0.
2A562.0. 0. 0. 0. 0. 0. 0.
2C12. 0. 15.0. 0. 0. 0. 1. 3. 0. 3. 0. 0. 0. 0. 0. 0. .5 0. 15.0. 0. 0. 0. .5
2C20. .1 0. .5 0. 0. 0. 0. 1. 0. 0. 0. 0. 0. 0. 0. .1 0. 0. 0. .5 0. 0. 4. 0.
2C30. .1 .1 0. 0. 0. .5 0. 0. 0. 0. 0. 0. 0. 0. 0. 0. 0. 0. 0. 0. 0. 0. 0. 0.
2C40. 0. .5 0. 0. 0. 0. 0. 0. 0. 0. 0. 0. 0. 0. 0. 0. 0. 0. 0. 0. 0. 0. 0. .01
2C557.0. 0. 0. 0. 0. 0. 0.
2E11. 0. 3. .1 0. 0. 0. 1. 10.1. 2. 0. 0. 0. 0. 0. 0. .5 0. 30.0. 0. 0. 0. .5
2E20. .1 0. .1 0. 0. 0. .013. 0. 0. 0. 0. 0. 0. .1 .1 0. 0. 0. .1 0. 0. 6. 0.
2E30. .1 0. 0. 0. 0. 0. .1 0. 0. 0. 0. 0. 0. 0. 0. 0. 0. 0. 0. 0. 0. 0. 0. 0.
2E40. 0. .5 0. 0. 0. 0. 0. 0. 0. 0. .1 0. 0. 0. 0. 0. 0. 0. 0. 0. 0. 0. 0. 0.
2E555.0. 0. 0. 0. 0. 0. 0.
2G14. 0. 8. 0. 0. 0. 0. .5 5. 0. 3. 0. 0. 0. 0. 0. 0. 1. 0. 8. 0. 0. 0. 0. .1
2G20. .1 0. .1 0. 0. 0. 0. .5 0. 0. 0. 0. 0. 0. .1 .5 0. 0. 0. 0. 0. 0. 3. 0.
2G30. 0. 0. 0. 0. 0. .1 0. 0. 0. 0. 0. 0. 0. 0. 0. 0. 0. 0. 0. 0. 0. 0. 0. 0.
2G40. 0. .1 0. 0. 0. 0. 0. 0. 0. 0. .010. 0. 0. 0. 0. 0. 0. 0. 0. 0. 0. 0. 0.
2G556.0. 0. 0. 0. 0. 0. 0.
2I166.0. 3. 0. 0. 0. 0. .5 4. 0. 2. 0. 0. 0. 0. 0. 0. .1 0. 20.0. 0. 0. .5 0.
2I20. 0. 0. .5 0. 0. 0. 0. .5 0. 0. 0. 0. 0. 0. 0. .1 0. 0. 0. .5 0. 0. 2. 0.
2I30. 0. 0. 0. 0. 0. 0. 0. 0. 0. 0. 0. 0. 0. 0. 0. 0. 0. 0. 0. 0. 0. 0. 0. 0.
2I40. 0. .1 0. 0. 0. 0. 0. 0. 0. 0. .5 0. 0. 0. 0. 0. 0. .1 0. 0. 0. 0. 0. 0.
2I559.0. 0. 0. 0. 0. 0. 0.
4A112.0. 15.0. 0. 0. 0. 1. 2. .5 4. 0. 0. 0. 0. 0. 0. .1 0. 10.0. 0. 0. 0. .1
4A20. .1 0. .5 0. 0. 0. 0. .5 0. 0. 0. 0. 0. 0. .1 .1 0. 0. 0. .1 0. 0. 4. 0.
4A30. 0. 0. 0. 0. 0. 0. 0. 0. 0. 0. 0. 0. 0. 0. 0. 0. 0. 0. 0. 0. 0. 0. 0. 0.
4A40. 0. .5 0. 0. 0. 0. 0. 0. 0. 0. .1 0. 0. 0. 0. 0. 0. 0. 0. 0. 0. 0. 0. 0.
4A557.0. 0. 0. 0. 0. 0. 0.
4C112.0. 4. .1 0. 0. 0. 1. 12.0. 1. 0. 0. 0. 0. 0. 0. .1 0. 5. .5 0. 0. 0. 0.
4C20. 0. 0. 1. 0. 0. 0. 0. 3. 0. 0. 0. 0. 0. 0. .1 .5 0. 0. 0. .1 0. 0. 4. 0.
4C30. 0. 0. 0. 0. 0. .1 0. 0. 0. 0. 0. 0. 0. 0. 0. 0. 0. 0. 0. 0. 0. 0. 0. 0.
4C40. 0. .1 0. 0. 0. 0. 0. 0. 0. 0. .1 0. 0. 0. 0. 0. 0. 0. 0. 0. 0. 0. 0. 0.
4C560.0. 0. 0. 0. 0. 0. 0.
4E18. 0. 20..5 0. 0. 0. .1 .5 0. 2. 0. 0. 0. 0. 0. 0. .5 0. 3. 0. 0. 0. 0. 2.
4E20. 0. 0. 1. 0. 0. 0. 0. 2. 0. 0. 0. 0. 0. 0. 0. .1 0. 0. 0. .1 0. 0. 1. 0.
4E30. 0. 0. 0. 0. 0. 0. 0. 0. 0. 0. 0. 0. 0. 0. 0. 0. 0. 0. 0. 0. 0. 0. 0. 0.
4E40. 0. .5 0. 0. 0. 0. 0. 0. 0. 0. 0. 0. 0. 0. 0. 0. 0. 0. 0. 0. 0. 0. 0. 0.
4E557.0. 0. 0. 0. 0. 0. 0.
4G13. 0. 4. 1. 0. 0. 0. .5 10..5 2. 0. 0. 0. 0. 0. 0. 0. 0. 17.0. 0. 0. 0. .5
4G20. 0. 0. 2. 0. 0. 0. 0. 4. 0. 0. 0. 0. 0. 0. 0. .5 0. 0. 0. .1 0. 0. .5 0.
4G30. 0. 0. .1 .1 0. 1. 0. 0. 0. 0. 0. 0. 0. 0. 0. 0. 0. 0. 0. 0. 0. 0. 0. 0.
4G40. 0. .5 0. 0. 0. 0. 0. 0. 0. 0. 0. 0. 0. 0. 0. 0. 0. 0. 0. 0. 0. 0. 0. 0.
4G556.0. 0. 0. 0. 0. 0. 0.
4I14. 0. 5. .5 0. 0. 0. 1. 3. 0. 3. 0. 0. 0. 0. 0. 0. 1. 0. 20.0. 0. 0. 0. .5
4I20. 0. 0. .5 0. 0. 0. 0. 2. 0. 0. 0. 0. 0. 0. 0. .1 0. 0. 0. .5 0. 0. 3. 0.
4I30. .1 0. 0. 0. .5 1. 0. 0. 0. 0. 0. 0. 0. 0. 0. 0. 0. 0. 0. 0. 0. 0. 0. 0.
4I40. 0. .5 0. 0. 0. 0. 0. 0. 0. 0. 0. 0. 0. 0. 0. 0. 0. 0. 0. 0. 0. 0. 0. 0.
4I560.0. .1 0. 0. 0. 0. 0.
6A15. 2. 17.0. 0. 0. 0. 2. 4. 0. 4. 0. 0. 0. 0. 0. 0. 3. 0. 15.0. 0. 0. 0. 0.
6A20. 0. 0. .5 0. 0. 0. 0. 1. 0. 0. 0. 0. 0. 0. .1 .1 0. 0. 0. .5 0. 0. 5. 0.
6A30. .1 0. 0. 0. 0. 4. 0. 0. 0. 0. 0. 0. 0. 0. 0. 0. 0. 0. 0. 0. 0. 0. 0. 0.
6A40. 0. 0. 0. 0. 0. 0. 0. 0. 0. 0. 1. 0. 0. 0. 0. 0. 0. .5 .1 0. 0. 0. 0. 0.
6A565.0. .1 0. 0. 0. 0. 0.
6C16. 10.9. 4. 0. 0. 0. 5. 13.0. 4. 0. 0. 0. 0. 0. 0. 1. 0. 30.0. 0. 0. 0. 1.
6C20. 0. 0. 3. 0. 0. 0. 0. .5 0. 0. 0. 0. 0. 0. 0. 1. 0. 0. 0. .5 0. 0. 10.0.
6C30. .1 0. 0. 0. 0. 0. 0. 0. 0. 0. 0. 0. 0. 0. 0. 0. 0. 0. 0. 0. 0. 0. 0. 0.
6C40. 0. 0. 0. 0. 0. 0. 0. 0. 0. 0. .1 0. 0. 0. 0. 0. 0. 1. 0. 0. 0. 0. 0. 0.
6C558.0. 0. 0. 0. 0. 0. 0.
6E110.0. 16.4. 0. 0. 0. 3. 10.0. 4. 0. 0. 0. 0. 0. 0. 0. 0. 20.0. 0. 0. 3. 0.
6E20. 0. 0. 3. 0. 0. 0. 0. 3. 0. 0. 0. 0. 0. 0. 0. 1. 0. 0. 0. 3. 0. 0. 9. 0.
6E30. 0. 0. 0. 0. 0. 0. 0. 0. 0. 0. 0. 0. 0. 0. 0. 0. 0. 0. 0. 0. 0. 0. 0. 0.
6E40. 0. .5 0. 0. 0. 0. 0. 0. 0. 0. .010. 0. 0. 0. 0. 0. 0. 0. 0. 0. 0. 0. 0.
6E559.0. 0. 0. 0. 0. 0. 0.
6G118.0. 5. 3. 0. 0. 0. 5. 5. 0. 4. 0. 0. 0. 0. 0. 0. 0. 0. 10.0. 0. 0. 0. .5
6G20. 0. 0. 3. 0. 0. 0. 0. 4. 0. 0. 0. 0. 0. 0. 0. 2. 0. 0. 0. .5 0. 0. 5. 0.
6G30. 0. 0. 0. .5 0. 2. 0. 0. 0. 0. 0. 0. 0. 0. 0. 0. 0. 0. 0. 0. 0. 0. 0. 0.
6G40. 0. 1. 0. 0. 0. 0. 0. 0. 0. 0. .1 0. 0. 0. 0. 0. 0. 0. 0. 0. 0. 0. 0. .1
6G562.0. 0. 0. 0. 0. 0. 0.
6I120.0. 30.0. 0. 0. 0. .5 3. 0. 4. 0. 0. 0. 0. 0. 0. 0. 0. 3. 0. 0. 0. 0. 0.
6I20. .1 0. .5 0. 0. 0. 0. 2. 0. 0. 0. 0. 0. 0. 0. 2. 0. 0. 0. 2. 0. 0. 3. 0.
6I30. 0. 0. 0. 0. 0. .5 0. 0. 0. 0. 0. 0. 0. 0. 0. 0. 0. 0. 0. 0. 0. 0. 0. 0.
6I40. 0. .1 0. 0. 0. 0. 0. 0. 0. 0. 0. 0. 0. 0. 0. 0. 0. 0. 0. 0. 0. 0. 0. 0.
6I561.0. 0. 0. 0. 0. 0. 0.
8A13. 0. 2. .5 0. 0. 0. 3. 10.0. 2. 0. 0. 0. 0. 0. 0. 3. 0. 30.0. 0. 0. 0. 0.
8A20. 0. 0. .1 0. 0. 0. 0. 1. 0. 0. 0. 0. 0. 0. .1 0. 0. 0. 0. 3. 0. 0. 15.0.
8A30. .010. 0. 0. 0. 5. 0. 0. 0. 0. 0. 0. 0. 0. 0. 0. 0. 0. 0. 0. 0. 0. 0. 0.
8A40. 0. 0. 0. 0. 0. 0. 0. 0. 0. 0. .5 0. 0. 0. 0. 0. 0. .5 0. 0. 0. 0. 0. 0.
8A564.0. 0. 0. 0. 2. .1 0. 0. 0. 0. 0. 0.
8C112.0. 24.0. 0. 0. 0. 5. 7. 4. 2. 0. 0. 0. 0. 0. 0. 1. 0. 20.0. 0. 0. 0. 0.
8C20. 1. 0. .1 0. 0. 0. 0. 1. 0. 0. 0. 0. 0. 0. .5 .5 0. 0. 0. .5 0. 0. 12.0.
8C30. 0. 0. 0. 0. 0. 0. 0. 0. 0. 0. 0. 0. 0. 0. 0. 0. 0. 0. 0. 0. 0. 0. 0. 0.
8C40. 0. 0. 0. 0. 0. 0. 0. 0. 0. 0. .1 0. 0. 0. 0. 0. 1. 0. 0. 0. 0. 0. 0. 0.
8C570.0. 0. 0. 0. 0. 0. 0.
8E15. 0. 17..5 0. 0. 0. 0. 4. 0. 5. 0. 0. 0. 0. 0. 0. 1. 0. 8. 0. 0. 0. 0. 0.
8E20. 0. 0. .1 0. 0. 0. 0. 2. 0. 0. 0. 0. 0. 0. 0. 1. 0. 0. 0. .5 0. 0. 4. 0.
8E30. .1 0. 0. 0. 0. 0. 0. 0. 0. 0. 0. 0. 0. 0. 0. 0. 0. 0. 0. 0. 0. 0. 0. 0.
8E40. 0. 0. 0. 0. 0. 0. 0. 0. 0. 0. 0. 0. 0. 0. 0. 0. 0. 0. 0. 0. 0. 0. 0. 0.
8E569.0. 0. 0. 0. 0. 0. 0.
8G19. 0. 10.0. 0. 0. 0. 1. 9. 0. 2. 0. 0. 0. 0. 0. 0. .5 0. 12.0. 0. 0. 0. 2.
8G20. 0. 0. 1. 0. 0. 0. 0. 1. 0. 0. 0. 0. 0. 0. .1 .5 0. 0. 0. 3. 0. 0. 4. 0.
8G30. 0. 0. 0. 0. 0. 1. 0. 0. 0. 0. 0. 0. 0. 0. 0. 0. 0. 0. 0. 0. 0. 0. 0. 0.
8G40. 0. 3. 0. 0. 0. 0. 0. 0. 0. 0. .5 0. 0. 0. 0. 0. 0. .1 0. 0. 0. 0. 0. .1
8G563.0. 0. 0. 0. 0. 0. 0.
8I115.0. 0. 0. 0. 0. 0. 4. 15.2. 4. 0. 0. 0. 0. 0. 0. 1. 0. 10.0. 0. 0. 0. 2.
8I20. 0. 0. .5 0. 0. 0. 0. 4. 0. 0. 0. 0. 0. 0. 1. .1 0. 0. 0. .5 0. 0. 3. 0.
8I30. 0. 0. 0. 0. 0. .5 0. 0. 0. 0. 0. 0. 0. 0. 0. 0. 0. 0. 0. 0. 0. 0. 0. 0.
8I40. 0. .010. 0. 0. 0. 0. 0. 0. 0. .1 0. 0. 0. 0. 0. 0. 0. 0. 0. 0. 0. 2. 0.
8I564.0. 0. 0. 0. 0. .010. 0. 0. 0. 0. 0.
0A13. 0. 0. .1 0. 0. 0. 2. 2. 0. 0. 0. 0. 0. 0. 0. 0. .5 0. 6. 0. 0. 0. 0. 0.
0A20. .1 0. .1 0. 0. 0. 0. 1. 0. 0. 0. 0. 0. 0. 1. .010. .010. 0. 0. 0. 3. 0.
0A30. .1 0. 0. 0. 0. 2. 0. 0. 0. 0. 0. 0. 0. 0. 0. 0. 0. 0. 0. 0. 0. 0. 0. 0.
0A40. 0. 0. 0. 0. 0. 0. 0. 0. 0. 0. .5 0. 0. 0. 0. 0. 2. 0. .010. 0. 0. 0. 0.
0A552.0. 0. 0. 0. 0. 0. 0.
0C12. 0. 15.0. 0. 0. 0. .5 1. 0. 1. 0. 0. 0. 0. 0. 0. 1. 0. 10.0. 0. 0. 0. 0.
0C20. 0. 0. .1 0. 0. 0. 0. .5 0. 0. 0. 0. 0. 0. .1 .1 0. .010. .010. 0. 4. 0.
0C30. .010. 0. 0. 0. 1. 0. 0. 0. 0. 0. 0. 0. 0. 0. 0. 0. 0. 0. 0. 0. 0. 0. 0.
0C40. 0. .1 0. 0. 0. 0. 0. 0. 0. 0. .010. 0. 0. 0. 0. 3. 0. 0. 0. 0. 0. 0. 0.
0C550.0. 0. 0. 0. 0. 0. 0.
0E10. 0. 5. 0. 0. 0. 0. 2. 1. .1 .5 0. 0. 0. 0. 0. 0. 2. 0. 25.0. 0. 0. 0. 0.
0E20. 0. 0. .5 0. 0. 0. 0. 1. 0. 0. 0. 0. 0. 0. .1 0. 0. 0. 0. .5 0. 0. 10.0.
0E30. .1 0. 0. 0. 0. 1. 0. 0. 0. 0. 0. 0. 0. 0. 0. 0. 0. 0. 0. 0. 0. 0. 0. 0.
0E40. 0. 0. 0. 0. 0. 0. 0. 0. 0. 0. .1 0. 0. 0. 0. 0. 0. 0. .010. 0. 0. .5 0.
0E550.0. 0. 0. 0. 0. 0. 0.
0G14. 0. 2. .1 0. 0. 0. .5 1. 1. .5 0. 0. 0. 0. 0. 0. 0. 0. 3. 0. 0. 0. 0. 1.
0G20. .1 0. .1 0. 0. 0. 0. 2. 0. 0. 0. 0. 0. 0. 0. .1 0. 0. 0. .1 0. 0. 6. 0.
0G30. 0. 0. 0. 0. 0. .5 0. 0. 0. 0. 0. 0. 0. 0. 0. 0. 0. 0. 0. 0. 0. 0. 0. 0.
0G40. 0. .5 0. 0. 0. 0. 0. 0. 0. 0. 0. 0. 0. 0. 0. 0. 0. 0. 0. 0. 0. 0. 0. 0.
0G551.0. 0. 0. 0. 0. 0. 0.
0I15. 0. .5 1. 0. 0. 0. 2. 2. 0. .5 0. 0. 0. 0. 0. 0. 0. 0. 4. 0. 0. 0. .1 0.
0I20. 0. 0. .1 0. 0. 0. 0. 2. 0. 0. 0. 0. 0. 0. .1 .1 0. 0. 0. .1 0. 0. 3. 0.
0I30. 0. 0. .010. 0. 1. 0. 0. 0. 0. 0. 0. 0. 0. 0. 0. 0. 0. 0. 0. 0. 0. 0. 0.
0I40. 0. .1 0. 0. 0. 0. 0. 0. 0. 0. .1 0. 0. 0. 0. 0. 0. 0. 0. 0. 0. 0. 0. 0.
0I550.0. 0. 0. 0. 0. 0. 0.
2A18. 0. 0. 0. 0. 0. 0. .5 2. 5. 4. 0. 0. 0. 0. 0. 0. .1 0. 8. 0. 0. 0. 0. 2.
2A20. 0. 0. .5 0. 0. .1 0. 3. 0. 0. 0. 0. 0. 0. .1 .5 0. .1 0. .1 0. 0. 2. 0.
2A30. 0. 0. 0. 0. 0. 0. 0. 0. 0. 0. 0. 0. 0. 0. 0. 0. 0. 0. 0. 0. 0. 0. 0. 0.
2A40. 0. .5 0. 0. 0. 0. 0. 0. 0. 0. .1 0. 0. 0. 0. 0. 0. 0. 0. 0. 0. 0. 0. 0.
2A553.0. 0. 0. 0. 0. 0. 0.
2C13. 0. 17.0. 0. 0. 0. 1. 1. 0. .5 0. 0. 0. 0. 0. 0. 0. 0. 6. 0. 0. 0. 0. .5
2C20. 0. 0. .5 0. 0. 0. 0. 1. 0. 0. 0. 0. 0. 0. .1 .1 0. 0. 0. .1 0. 0. 3. 0.
2C30. .1 0. 0. 0. 0. .5 0. 0. 0. 0. 0. 0. 0. 0. 0. 0. 0. 0. 0. 0. 0. 0. 0. 0.
2C40. 0. .1 0. 0. 0. 0. 0. 0. 0. 0. 0. 0. 0. 0. 0. 0. 0. 0. 0. 0. 0. 0. 0. 0.
2C551.0. 0. 0. 0. 0. 0. 0.
2E14. 0. 2. .1 0. 0. 0. .5 4. .5 3. 0. 0. 0. 0. 0. 0. .5 0. 15.0. 0. 0. 0. .5
2E20. .1 0. .5 0. 0. 0. 0. 2. 0. 0. 0. 0. 0. 0. .1 .1 0. .1 0. .1 0. 0. 8. 0.
2E30. .1 0. 0. .1 0. 0. .1 0. 0. 0. 0. 0. 0. 0. 0. 0. 0. 0. 0. 0. 0. 0. 0. 0.
2E40. 0. 1. 0. 0. 0. 0. 0. 0. 0. 0. .1 0. 0. 0. 0. 0. 0. 0. 0. 0. 0. 0. 0. 0.
2E552.0. 0. 0. 0. 0. 0. 0.
2G14. 0. 6. 0. 0. 0. 0. .5 3. 0. 1. 0. 0. 0. 0. 0. 0. 1. 0. 4. 0. 0. 0. 0. .5
2G20. .1 0. .1 0. 0. 0. 0. 1. 0. 0. 0. 0. 0. 0. .01.5 0. 0. 0. 0. 0. 0. 4. 0.
2G30. 0. 0. 0. 0. 0. .1 0. 0. 0. 0. 0. 0. 0. 0. 0. 0. 0. 0. 0. 0. 0. 0. 0. 0.
2G40. 0. .010. 0. 0. 0. 0. 0. 0. 0. .1 0. 0. 0. 0. 0. 0. 0. 0. 0. 0. 0. 0. 0.
2G552.0. 0. 0. 0. 0. 0. 0.
2I15. 0. 4. 0. 0. 0. 0. .5 2. 0. 2. 0. 0. 0. 0. 0. 0. .5 0. 10.0. 0. 0. .1 0.
2I20. 0. 0. .5 0. 0. 0. 0. .1 0. 0. 0. 0. 0. 0. 0. .1 0. 0. 0. 0. 0. 0. 1. 0.
2I30. 0. 0. 0. 0. 0. .1 0. 0. 0. 0. 0. 0. 0. 0. 0. 0. 0. 0. 0. 0. 0. 0. 0. 0.
2I40. 0. .1 0. 0. 0. 0. 0. 0. 0. 0. .5 0. 0. 0. 0. 0. 0. 0. 0. 0. 0. 0. 0. 0.
2I550.0. 0. 0. 0. 0. 0. 0.
4A110.0. 15.0. 0. 0. 0. .5 1. .5 3. 0. 0. 0. 0. 0. 0. .1 0. 6. 0. 0. 0. 0. .1
4A20. 0. 0. .5 0. 0. 0. 0. .5 0. 0. 0. 0. 0. 0. .1 .1 0. 0. 0. .1 0. 0. 4. 0.
4A30. 0. 0. 0. 0. 0. .5 0. 0. 0. 0. 0. 0. 0. 0. 0. 0. 0. 0. 0. 0. 0. 0. 0. 0.
4A40. 0. .1 0. 0. 0. 0. 0. 0. 0. 0. .1 0. 0. 0. 0. 0. 0. 0. 0. 0. 0. 0. 0. 0.
4A552.0. 0. 0. 0. 0. 0. 0.
4C18. 0. 6. .5 0. 0. 0. 2. 8. .1 1. 0. 0. 0. 0. 0. 0. .5 0. 3. 0. 0. 0. .5 0.
4C20. 0. 0. 2. 0. 0. 0. 0. 3. 0. 0. 0. 0. 0. 0. .5 .1 0. 0. 0. .1 0. 0. 3. 0.
4C30. 0. 0. .010. 0. .1 0. 0. 0. 0. 0. 0. 0. 0. 0. 0. 0. 0. 0. 0. 0. 0. 0. 0.
4C40. 0. 0. 0. 0. 0. 0. 0. 0. 0. 0. .1 0. 0. 0. 0. 0. 0. 0. 0. 0. 0. 0. 0. 0.
4C552.0. 0. 0. 0. 0. 0. 0.
4E16. 0. 15..1 0. 0. 0. .1 1. 0. 1. 0. 0. 0. 0. 0. 0. .5 0. 1. 0. 0. 0. 0. 2.
4E20. 0. 0. .5 0. 0. 0. 0. 1. 0. 0. 0. 0. 0. 0. 0. .1 0. 0. 0. .1 0. 0. .5 0.
4E30. 0. 0. 0. 0. 0. 0. 0. 0. 0. 0. 0. 0. 0. 0. 0. 0. 0. 0. 0. 0. 0. 0. 0. 0.
4E40. 0. .5 0. 0. 0. 0. 0. 0. 0. 0. 0. 0. 0. 0. 0. 0. 0. 0. 0. 0. 0. 0. 0. 0.
4E552.0. 0. 0. 0. 0. 0. 0.
4G12. 0. 1. .1 0. 0. 0. .5 10.0. 1. 0. 0. 0. 0. 0. 0. 0. 0. 8. 0. 0. 0. 0. .5
4G20. 0. 0. 2. 0. 0. 0. 0. 3. 0. 0. 0. 0. 0. 0. 0. .5 0. 0. 0. 0. 0. 0. 1. 0.
4G30. 0. 0. 0. .5 0. .5 0. 0. 0. 0. 0. 0. 0. 0. 0. 0. 0. 0. 0. 0. 0. 0. 0. 0.
4G40. 0. 1. 0. 0. 0. 0. 0. 0. 0. 0. 0. 0. 0. 0. 0. 0. 0. 0. 0. 0. 0. 0. 0. 0.
4G552.0. 0. 0. 0. 0. 0. 0.
4I12. 0. 3. .1 0. 0. 0. .5 4. 0. 2. 0. 0. 0. 0. 0. 0. 1. 0. 17.0. 0. 0. 0. .1
4I20. 0. 0. .1 0. 0. 0. 0. 2. 0. 0. 0. 0. 0. 0. 0. 0. 0. 0. 0. .5 0. 0. 2. 0.
4I30. .1 0. 0. 0. 0. .5 0. 0. 0. 0. 0. 0. 0. 0. 0. 0. 0. 0. 0. 0. 0. 0. 0. 0.
4I40. 0. .1 0. 0. 0. 0. 0. 0. 0. 0. 0. 0. 0. 0. 0. 0. 0. 0. 0. 0. 0. 0. .5 .01
4I550.0. 0. 0. 0. 0. 0. 0.
6A1.5 0. 12.0. 0. 0. 0. .1 2. 0. .5 0. 0. 0. 0. 0. 0. 1. 0. 15.0. 0. 0. .5 0.
6A20. 0. 0. .1 0. 0. 0. 0. .1 0. 0. 0. 0. 0. 0. 0. 0. 0. 0. 0. .1 0. 0. 5. 0.
6A30. .1 0. 0. 0. 0. 2. 0. 0. 0. 0. 0. 0. 0. 0. 0. 0. 0. 0. 0. 0. 0. 0. 0. 0.
6A40. 0. 0. 0. 0. 0. 0. 0. 0. 0. 0. .5 0. 0. 0. 0. 0. 0. .5 .1 0. 0. 0. 0. .01
6A549.0. 0. 0. 0. 0. 0. 0.
6C13. 0. 5. 4. 0. 0. 0. 1. 5. 0. .5 0. 0. 0. 0. 0. 0. .5 0. 17.0. 0. 0. 0. .5
6C20. 0. 0. 2. 0. 0. 0. 0. .5 0. 0. 0. 0. 0. 0. 0. .5 0. 0. 0. 0. 0. 0. 6. 0.
6C30. 0. 0. 0. 0. 0. 0. 0. 0. 0. 0. 0. 0. 0. 0. 0. 0. 0. 0. 0. 0. 0. 0. 0. 0.
6C40. 0. 0. 0. 0. 0. 0. 0. 0. 0. 0. .010. 0. 0. 0. 0. 0. 0. 0. 0. 0. 0. 0. 0.
6C550.0. 0. 0. 0. 0. 0. 0.
6E13. 0. 4. 1. 0. 0. 0. .5 6. 0. 2. 0. 0. 0. 0. 0. 0. 2. 0. 15.0. 0. 0. 0. 0.
6E20. 0. 0. 2. 0. 0. 0. 0. 2. 0. 0. 0. 0. 0. 0. 0. .1 0. .1 0. .1 0. 0. 4. 0.
6E30. 0. 0. 0. 0. 0. 0. 0. 0. 0. 0. 0. 0. 0. 0. 0. 0. 0. 0. 0. 0. 0. 0. 0. 0.
6E40. 0. .1 0. 0. 0. 0. 0. 0. 0. 0. 0. 0. 0. 0. 0. 0. 0. 0. 0. 0. 0. 0. 0. 0.
6E551.0. 0. 0. 0. 0. 0. 0.
6G110.0. 1. 1. 0. 0. 0. 2. 5. 0. 2. 0. 0. 0. 0. 0. 0. 0. 0. 4. 0. 0. 0. 0. .5
6G20. .1 0. 2. 0. 0. 0. 0. 4. 0. 0. 0. 0. 0. 0. 0. .1 0. 0. 0. .1 0. 0. 1. 0.
6G30. 0. 0. 0. .1 0. 1. 0. 0. 0. 0. 0. 0. 0. 0. 0. 0. 0. 0. 0. 0. 0. 0. 0. 0.
6G40. 0. 1. 0. 0. 0. 0. 0. 0. 0. 0. .010. 0. 0. 0. 0. 0. 0. 0. 0. 0. 0. 0. .01
6G552.0. 0. 0. 0. 0. 0. 0.
6I15. 0. 17.0. 0. 0. 0. .5 1. 0. 2. 0. 0. 0. 0. 0. 0. 0. 0. .5 0. 0. 0. 0. 0.
6I20. 0. 0. .1 0. 0. 0. 0. .5 0. 0. 0. 0. 0. 0. 0. .1 0. 0. 0. .5 0. 0. 3. 0.
6I30. 0. 0. 0. 0. 0. .1 0. 0. 0. 0. 0. 0. 0. 0. 0. 0. 0. 0. 0. 0. 0. 0. 0. 0.
6I40. 0. .1 0. 0. 0. 0. 0. 0. 0. 0. 0. 0. 0. 0. 0. 0. 0. 0. 0. 0. 0. 0. 0. 0.
6I551.0. 0. 0. 0. 0. 0. 0.
8A13. 0. .1 0. 0. 0. 0. 1. 10.0. .5 0. 0. 0. 0. 0. 0. 1. 0. 17.0. 0. 0. 1. 0.
8A20. 0. 0. .1 0. 0. 0. 0. .5 0. 0. 0. 0. 0. 0. .010. 0. 0. 0. .5 0. 0. 15.0.
8A30. .1 0. 0. .1 0. 4. 0. 0. 0. 0. 0. 0. 0. 0. 0. 0. 0. 0. 0. 0. 0. 0. 0. 0.
8A40. 0. .010. 0. 0. 0. 0. 0. 0. 0. .5 0. 0. 0. 0. 0. 0. .1 0. 0. 0. 0. 0. 0.
8A552.0. 0. 0. 0. .5 .1 0.
8C15. 0. 12.0. 0. 0. 0. .5 5. .5 1. 0. 0. 0. 0. 0. 0. .5 0. 8. 0. 0. 0. 0. 0.
8C20. .1 0. .1 0. 0. 0. 0. .1 0. 0. 0. 0. 0. 0. .1 0. 0. 0. 0. 0. 0. 0. 8. 0.
8C30. 0. 0. 0. 0. 0. 0. 0. 0. 0. 0. 0. 0. 0. 0. 0. 0. 0. 0. 0. 0. 0. 0. 0. 0.
8C40. 0. 0. 0. 0. 0. 0. 0. 0. 0. 0. .010. 0. 0. 0. 0. .5 0. 0. 0. 0. 0. 0. 0.
8C552.0. 0. 0. 0. 0. 0. 0.
8E10. 0. 17.0. 0. 0. 0. .1 1. 0. 3. 0. 0. 0. 0. 0. 0. .5 0. 3. 0. 0. 0. 0. 0.
8E20. 0. 0. .1 0. 0. 0. 0. .1 0. 0. 0. 0. 0. 0. 0. .1 0. 0. 0. .1 0. 0. 2. 0.
8E30. .1 0. 0. 0. 0. 0. 0. 0. 0. 0. 0. 0. 0. 0. 0. 0. 0. 0. 0. 0. 0. 0. 0. 0.
8E40. 0. 0. 0. 0. 0. 0. 0. 0. 0. 0. .010. 0. 0. 0. 0. 0. 0. 0. 0. 0. 0. 0. 0.
8E554.0. 0. 0. 0. 0. 0. 0.
8G15. 0. 10.0. 0. 0. 0. .5 8. 0. 3. 0. 0. 0. 0. 0. 0. .5 0. 5. 0. 0. 0. 0. .5
8G20. 0. 0. .5 0. 0. 0. 0. .5 0. 0. 0. 0. 0. 0. .1 .1 0. 0. 0. .1 0. 0. 2. 0.
8G30. 0. 0. 0. 0. 0. .5 0. 0. 0. 0. 0. 0. 0. 0. 0. 0. 0. 0. 0. 0. 0. 0. 0. 0.
8G40. 0. 2. 0. 0. 0. 0. 0. 0. 0. 0. 0. 0. 0. 0. 0. 0. 0. 0. 0. 0. 0. 0. 0. .01
8G554.0. 0. 0. 0. 0. 0. 0.
8I14. 0. .1 0. 0. 0. 0. 1. 15.1. 2. 0. 0. 0. 0. 0. 0. 1. 0. 2. 0. 0. 0. 0. .5
8I20. 0. 0. .1 0. 0. 0. 0. 2. 0. 0. 0. 0. 0. 0. .1 .1 0. 0. 0. .1 0. 0. 1. 0.
8I30. 0. 0. 0. 0. 0. .1 0. 0. 0. 0. 0. 0. 0. 0. 0. 0. 0. 0. 0. 0. 0. 0. 0. 0.
8I40. 0. .1 0. 0. 0. 0. 0. 0. 0. 0. .5 0. 0. 0. 0. 0. 0. 1. 0. 0. 0. 0. 0. 0.
8I553.0. 0. 0. 0. 0. 0. .1
0A12. 0. 0. .1 0. 0. 0. 2. 2. 0. 0. 0. 0. 0. 0. 0. 0. .5 0. 6. 0. 0. 0. 0. 0.
0A20. .1 0. .010. 0. 0. 0. 1. 0. 0. 0. 0. 0. 0. .5 0. 0. 0. 0. 0. 0. 0. 4. 0.
0A30. 0. 0. 0. 0. 0. 2. 0. 0. 0. 0. 0. 0. 0. 0. 0. 0. 0. 0. 0. 0. 0. 0. 0. 0.
0A40. 0. 0. 0. 0. 0. 0. 0. 0. 0. 0. .5 0. 0. 0. 0. 0. 2. 0. .010. 0. 0. 0. 0.
0A549.0. 0. 0. 0. 0. 0. 0.
0C13. 0. 15.0. 0. 0. 0. .5 1. 0. .5 0. 0. 0. 0. 0. 0. .5 0. 12.0. 0. 0. 0. 0.
0C20. 0. 0. 0. 0. 0. 0. 0. .5 0. 0. 0. 0. 0. 0. .1 0. 0. 0. 0. 0. 0. 0. 3. 0.
0C30. 0. 0. 0. 0. 0. 1. 0. 0. 0. 0. 0. 0. 0. 0. 0. 0. 0. 0. 0. 0. 0. 0. 0. 0.
0C40. 0. .010. 0. 0. 0. 0. 0. 0. 0. .1 0. 0. 0. 0. 0. 3. 0. 0. 0. 0. 0. 0. 0.
0C548.0. 0. 0. 0. 0. 0. 0.
0E10. 0. 5. 0. 0. 0. 0. 1. 2. .1 1. 0. 0. 0. 0. 0. 0. 2. 0. 20.0. 0. 0. 0. 0.
0E20. 0. 0. .1 0. 0. 0. 0. 2. 0. 0. 0. 0. 0. 0. .1 .1 0. 0. 0. .010. 0. 4. 0.
0E30. .1 0. 0. 0. 0. 1. 0. 0. 0. 0. 0. 0. 0. 0. 0. 0. 0. 0. 0. 0. 0. 0. 0. 0.
0E40. 0. 0. 0. 0. 0. 0. 0. 0. 0. 0. .010. 0. 0. 0. 0. 0. 0. 0. 0. 0. 0. 1. 0.
0E548.0. 0. 0. 0. 0. 0. 0.
0G13. 0. 2. .1 0. 0. 0. .5 1. .5 .5 0. 0. 0. 0. 0. 0. 0. 0. 3. 0. 0. 0. 0. 2.
0G20. .1 0. 0. 0. 0. 0. 0. 2. 0. 0. 0. 0. 0. 0. .01.1 0. 0. 0. 0. 0. 0. 8. 0.
0G30. .010. 0. 0. 0. .5 0. 0. 0. 0. 0. 0. 0. 0. 0. 0. 0. 0. 0. 0. 0. 0. 0. 0.
0G40. 0. .5 0. 0. 0. 0. 0. 0. 0. 0. 0. 0. 0. 0. 0. 0. 0. 0. 0. 0. 0. 0. 0. 0.
0G548.0. 0. 0. 0. 0. 0. 0.
0I14. 0. .5 1. 0. 0. 0. 1. 4. 0. .5 0. 0. 0. 0. 0. 0. 0. 0. 4. 0. 0. 0. .1 0.
0I20. .1 0. 0. 0. 0. 0. 0. 2. 0. 0. 0. 0. 0. 0. .01.1 0. 0. 0. 0. 0. 0. 3. 0.
0I30. 0. 0. 0. 0. 0. 2. 0. 0. 0. 0. 0. 0. 0. 0. 0. 0. 0. 0. 0. 0. 0. 0. 0. 0.
0I40. 0. .1 0. 0. 0. 0. 0. 0. 0. 0. .1 0. 0. 0. 0. 0. 0. 0. 0. 0. 0. 0. 0. .01
0I548.0. 0. 0. 0. 0. 0. 0.
2A16. 0. 0. 0. 0. 0. 0. 1. 1. 4. 2. 0. 0. 0. 0. 0. 0. 0. 0. 10.0. 0. 0. 0. 3.
2A20. 0. 0. .1 0. 0. .1 0. 2. 0. 0. 0. 0. 0. 0. .5 .1 .01.010. 0. 0. 0. 1. 0.
2A30. 0. 0. 0. .1 0. 0. 0. 0. 0. 0. 0. 0. 0. 0. 0. 0. 0. 0. 0. 0. 0. 0. 0. 0.
2A40. 0. .5 0. 0. 0. 0. 0. 0. 0. 0. .1 0. 0. 0. 0. 0. 0. 0. 0. 0. 0. 0. 0. 0.
2A550.0. 0. 0. 0. 0. 0. 0.
2C13. 0. 17.0. 0. 0. 0. .5 3. 0. 2. 0. 0. 0. 0. 0. 0. .5 0. 8. 0. 0. 0. 0. .5
2C20. 0. 0. .1 0. 0. 0. 0. 1. 0. 0. 0. 0. 0. 0. .1 .1 0. 0. 0. .010. 0. 4. 0.
2C30. .010. 0. 0. 0. 1. 0. 0. 0. 0. 0. 0. 0. 0. 0. 0. 0. 0. 0. 0. 0. 0. 0. 0.
2C40. 0. .010. 0. 0. 0. 0. 0. 0. 0. .010. 0. 0. 0. 0. 0. 0. 0. 0. 0. 0. 0. .01
2C548.0. 0. 0. 0. 0. 0. 0.
2E13. 0. 2. .010. 0. 0. .5 8. .5 1. 0. .010. 0. 0. 0. .1 0. 17.0. 0. 0. 0. .5
2E20. 0. 0. .010. 0. 0. 0. 2. 0. 0. 0. 0. 0. 0. .1 .1 0. 0. 0. 0. 0. 0. 6. 0.
2E30. 0. 0. 0. 0. 0. .1 0. 0. 0. 0. 0. 0. 0. 0. 0. 0. 0. 0. 0. 0. 0. 0. 0. 0.
2E40. 0. .5 0. 0. 0. 0. 0. 0. 0. 0. .010. 0. 0. 0. 0. 0. 0. 0. 0. 0. 0. 0. 0.
2E549.0. 0. 0. 0. 0. 0. 0.
2G13. 0. 8. 0. 0. 0. 0. .5 4. 0. 1. 0. 0. 0. 0. 0. 0. 1. 0. 4. 0. 0. 0. 0. 0.
2G20. .010. .010. 0. 0. 0. 1. 0. 0. 0. 0. 0. 0. .1 .1 0. 0. 0. 0. 0. 0. 3. 0.
2G30. .010. 0. 0. 0. 0. 0. 0. 0. 0. 0. 0. 0. 0. 0. 0. 0. 0. 0. 0. 0. 0. 0. 0.
2G40. 0. .010. 0. 0. 0. 0. 0. 0. 0. .010. 0. 0. 0. 0. 0. 0. 0. 0. 0. 0. 0. 0.
2G550.0. 0. 0. 0. 0. 0. 0.
2I15. 0. 4. 0. 0. 0. 0. .5 4. 0. 2. 0. 0. 0. 0. 0. 0. .5 0. 15.0. 0. 0. .1 0.
2I20. 0. 0. .1 0. 0. 0. 0. .1 0. 0. 0. 0. 0. 0. .1 .1 0. 0. 0. 0. 0. 0. 2. 0.
2I30. 0. 0. 0. 0. 0. 0. 0. 0. 0. 0. 0. 0. 0. 0. 0. 0. 0. 0. 0. 0. 0. 0. 0. 0.
2I40. 0. .1 0. 0. 0. 0. 0. 0. 0. 0. .1 0. 0. 0. 0. 0. 0. 0. 0. 0. 0. 0. .010.
2I548.0. 0. 0. 0. 0. 0. 0.
4A110.0. 12.0. 0. 0. 0. .5 2. .1 3. 0. 0. 0. 0. 0. 0. .010. 8. 0. 0. 0. 0. .1
4A20. 0. 0. .1 0. 0. 0. 0. .5 0. 0. 0. 0. 0. 0. .1 .010. 0. 0. .010. 0. 5. 0.
4A30. 0. 0. 0. 0. 0. 0. 0. 0. 0. 0. 0. 0. 0. 0. 0. 0. 0. 0. 0. 0. 0. 0. 0. 0.
4A40. 0. .1 0. 0. 0. 0. 0. 0. 0. 0. .1 0. 0. 0. 0. 0. 0. 0. 0. 0. 0. 0. 0. 0.
4A549.0. 0. 0. 0. 0. 0. 0.
4C16. 0. 4. .1 0. 0. 0. 1. 12..5 .5 0. 0. 0. 0. 0. 0. .1 0. 3. 0. 0. 0. .5 0.
4C20. .1 0. .5 0. 0. 0. 0. 2. 0. 0. 0. 0. 0. 0. .1 .1 0. 0. 0. 0. 0. 0. 5. 0.
4C30. 0. 0. 0. 0. 0. 0. 0. 0. 0. 0. 0. 0. 0. 0. 0. 0. 0. 0. 0. 0. 0. 0. 0. 0.
4C40. 0. .1 0. 0. 0. 0. 0. 0. 0. 0. .1 0. 0. 0. 0. 0. 0. 0. 0. 0. 0. 0. 0. 0.
4C549.0. 0. 0. 0. 0. 0. 0.
4E15. 0. 15..5 0. 0. 0. .5 3. .1 2. 0. 0. 0. 0. 0. 0. .5 0. 1. 0. 0. 0. 0. 1.
4E20. 0. 0. .1 0. 0. 0. 0. 2. 0. 0. 0. 0. 0. 0. 0. .1 0. 0. 0. 0. 0. 0. .5 0.
4E30. 0. 0. 0. 0. 0. 0. 0. 0. 0. 0. 0. 0. 0. 0. 0. 0. 0. 0. 0. 0. 0. 0. 0. 0.
4E40. .01.5 0. 0. 0. 0. 0. 0. 0. 0. 0. 0. 0. 0. 0. 0. 0. 0. 0. 0. 0. 0. 0. 0.
4E549.0. 0. 0. 0. 0. 0. 0.
4G11. 0. 1. .1 0. 0. 0. .5 8. .1 1. 0. 0. 0. 0. 0. 0. 0. 0. 8. 0. 0. 0. 0. .5
4G20. 0. 0. .1 0. 0. 0. 0. 3. 0. 0. 0. 0. 0. 0. 0. .1 0. 0. 0. 0. 0. 0. 1. 0.
4G30. 0. 0. 0. .1 0. .5 0. 0. 0. 0. 0. 0. 0. 0. 0. 0. 0. 0. 0. 0. 0. 0. 0. 0.
4G40. 0. .5 0. 0. 0. 0. 0. 0. 0. 0. 0. 0. 0. 0. 0. 0. 0. 0. 0. 0. 0. 0. 0. 0.
4G549.0. 0. 0. 0. 0. 0. 0.
4I12. 0. 3. .1 0. 0. 0. .5 3. 0. 2. 0. 0. 0. 0. 0. 0. 1. 0. 12.0. 0. 0. 0. .5
4I20. 0. 0. .1 0. 0. 0. 0. 3. 0. 0. 0. 0. 0. 0. 0. .1 0. 0. 0. .1 0. 0. 3. 0.
4I30. .010. 0. 0. 0. 1. 0. 0. 0. 0. 0. 0. 0. 0. 0. 0. 0. 0. 0. 0. 0. 0. 0. 0.
4I40. 0. .5 0. 0. 0. 0. 0. 0. 0. 0. 0. 0. 0. 0. 0. 0. 0. 0. 0. 0. 0. 0. .5 0.
4I548.0. 0. 0. 0. 0. 0. 0.
6A11. 0. 12.0. 0. 0. 0. .5 2. 0. 2. 0. 0. 0. 0. 0. 0. 1. 0. 8. 0. 0. 0. .5 0.
6A20. 0. 0. .010. 0. 0. 0. .010. 0. 0. 0. 0. 0. 0. 0. 0. 0. 0. 0. 0. 0. 4. 0.
6A30. .010. 0. 0. 0. 2. 0. 0. 0. 0. 0. 0. 0. 0. 0. 0. 0. 0. 0. 0. 0. 0. 0. 0.
6A40. 0. 0. 0. 0. 0. 0. 0. 0. 0. 0. .5 0. 0. 0. 0. 0. 0. .1 0. 0. 0. 0. 0. 0.
6A546.0. 0. 0. 0. 0. 0. 0.
6C11. 0. 2. 4. 0. 0. 0. .5 8. 0. 1. 0. 0. 0. 0. 0. 0. .5 0. 15.0. 0. 0. 0. 0.
6C20. 0. 0. .1 0. 0. 0. 0. .1 0. 0. 0. 0. 0. 0. .1 .1 0. 0. 0. .010. 0. 8. 0.
6C30. .010. 0. 0. 0. .1 0. 0. 0. 0. 0. 0. 0. 0. 0. 0. 0. 0. 0. 0. 0. 0. 0. 0.
6C40. 0. 0. 0. 0. 0. 0. 0. 0. 0. 0. .1 0. 0. 0. 0. 0. 0. 0. 0. 0. 0. 0. 0. 0.
6C548.0. 0. 0. 0. 0. 0. 0.
6E13. 0. 4. 1. 0. 0. 0. .1 4. 0. 1. 0. 0. 0. 0. 0. 0. 2. 0. 10.0. 0. 0. 0. 0.
6E20. 0. 0. 1. 0. 0. 0. 0. 1. 0. 0. 0. 0. 0. 0. 0. .1 0. .1 0. 0. 0. 0. 3. 0.
6E30. 0. 0. .010. 0. 0. 0. 0. 0. 0. 0. 0. 0. 0. 0. 0. 0. 0. 0. 0. 0. 0. 0. 0.
6E40. 0. .1 0. 0. 0. 0. 0. 0. 0. 0. .010. 0. 0. 0. 0. 0. 0. 0. 0. 0. 0. 0. 0.
6E548.0. 0. 0. 0. 0. 0. 0.
6G16. 0. 1. 2. 0. 0. 0. 1. 8. .1 1. 0. 0. 0. 0. 0. 0. 0. 0. 4. 0. 0. 0. 0. .1
6G20. 0. 0. .5 0. 0. 0. 0. 4. 0. 0. 0. 0. 0. 0. 0. .1 0. 0. 0. 0. 0. 0. 1. 0.
6G30. 0. 0. 0. .1 0. 1. 0. 0. 0. 0. 0. 0. 0. 0. 0. 0. 0. 0. 0. 0. 0. 0. 0. 0.
6G40. 0. .5 0. 0. 0. 0. 0. 0. 0. 0. .1 0. 0. 0. 0. 0. 0. 0. 0. 0. 0. 0. 0. .01
6G548.0. 0. 0. 0. 0. 0. 0.
6I15. 0. 17.0. 0. 0. 0. .1 1. 0. 2. 0. 0. 0. 0. 0. 0. .1 0. .5 0. 0. 0. 0. .1
6I20. 0. 0. .1 0. 0. 0. 0. .5 0. 0. 0. 0. 0. 0. 0. .1 0. 0. 0. .1 0. 0. 2. 0.
6I30. 0. 0. 0. 0. 0. .1 0. 0. 0. 0. 0. 0. 0. 0. 0. 0. 0. 0. 0. 0. 0. 0. 0. 0.
6I40. 0. .1 0. 0. 0. 0. 0. 0. 0. 0. 0. 0. 0. 0. 0. 0. 0. 0. 0. 0. 0. 0. 0. .01
6I548.0. 0. 0. 0. 0. 0. 0.
8A12. 0. 1. .1 0. 0. 0. 2. 5. 0. 1. 0. 0. 0. 0. 0. 0. 1. 0. 17.0. 0. 0. 1. .1
8A20. 0. 0. .010. 0. 0. 0. .1 0. 0. 0. 0. 0. 0. .1 0. 0. 0. 0. .1 0. 0. 15.0.
8A30. 0. 0. 0. .010. 3. 0. 0. 0. 0. 0. 0. 0. 0. 0. 0. 0. 0. 0. 0. 0. 0. 0. 0.
8A40. 0. .010. 0. 0. 0. 0. 0. 0. 0. .5 0. 0. 0. 0. 0. 0. .1 0. 0. 0. 0. 0. 0.
8A549.0. 0. 0. 0. .5 .1 0.
8C14. 0. 15.0. 0. 0. 0. .5 4. .5 .5 0. 0. 0. 0. 0. 0. .5 0. 5. 0. 0. 0. 0. 0.
8C20. .010. .1 0. 0. 0. 0. .1 0. 0. 0. 0. 0. 0. .1 0. 0. 0. 0. 0. 0. 0. 8. 0.
8C30. 0. 0. 0. 0. 0. 0. 0. 0. 0. 0. 0. 0. 0. 0. 0. 0. 0. 0. 0. 0. 0. 0. 0. 0.
8C40. .010. 0. 0. 0. 0. 0. 0. 0. 0. .010. 0. 0. 0. 0. 1. 0. 0. 0. 0. 0. 0. 0.
8C550.0. 0. 0. 0. 0. 0. 0.
8E1.5 0. 15.0. 0. 0. 0. 0. .5 0. 1. 0. 0. 0. 0. 0. 0. 1. 0. 3. 0. 0. 0. 0. 0.
8E20. 0. 0. 0. 0. 0. 0. 0. .5 0. 0. 0. 0. 0. 0. 0. .1 0. 0. 0. 0. 0. 0. 3. 0.
8E30. 0. 0. 0. 0. 0. 0. 0. 0. 0. 0. 0. 0. 0. 0. 0. 0. 0. 0. 0. 0. 0. 0. 0. 0.
8E40. 0. 0. 0. 0. 0. 0. 0. 0. 0. 0. .010. 0. 0. 0. 0. 0. 0. 0. 0. 0. 0. 0. 0.
8E548.0. 0. 0. 0. 0. 0. 0.
8G15. 0. 10.0. 0. 0. 0. .1 8. 0. 2. 0. 0. 0. 0. 0. 0. 0. 0. 4. 0. 0. 0. 0. .1
8G20. .1 0. .1 0. 0. 0. 0. .5 0. 0. 0. 0. 0. 0. 0. .1 0. 0. 0. .1 0. 0. 2. 0.
8G30. 0. 0. 0. 0. 0. .1 0. 0. 0. 0. 0. 0. 0. 0. 0. 0. 0. 0. 0. 0. 0. 0. 0. 0.
8G40. 0. 2. 0. 0. 0. 0. 0. 0. 0. 0. 0. 0. 0. 0. 0. 0. 0. .010. 0. 0. 0. 0. 0.
8G549.0. 0. 0. 0. 0. 0. 0.
8I15. 0. 0. 0. 0. 0. 0. 1. 15.1. 1. 0. 0. 0. 0. 0. 0. .5 0. 4. 0. 0. 0. 0. .1
8I20. 0. 0. .010. 0. 0. 0. 4. 0. 0. 0. 0. 0. 0. .1 .1 0. 0. 0. 0. 0. 0. 2. 0.
8I30. 0. 0. 0. 0. 0. 0. 0. 0. 0. 0. 0. 0. 0. 0. 0. 0. 0. 0. 0. 0. 0. 0. 0. 0.
8I40. 0. .1 0. 0. 0. 0. 0. 0. 0. 0. .5 0. 0. 0. 0. 0. 0. 0. 0. 0. 0. 0. 1. 0.
8I550.0. 0. 0. 0. 0. 0. 0.
0A13. 0. 0. .010. 0. 0. .5 4. 0. 0. 0. 0. 0. 0. 0. 0. .010. 7. 0. 0. 0. 0. 0.
0A20. .1 0. 0. 0. 0. 0. 0. 1. 0. 0. 0. 0. 0. 0. .5 0. 0. 0. 0. 0. 0. 0. 1. 0.
0A30. 0. 0. 0. 0. 0. .1 0. 0. 0. 0. 0. 0. 0. 0. 0. 0. 0. 0. 0. 0. 0. 0. 0. 0.
0A40. 0. 0. 0. 0. 0. 0. 0. 0. 0. 0. .010. 0. 0. 0. 0. 2. 0. 0. 0. 0. 0. 0. 0.
0A546.0. 0. 0. 0. 0. 0. 0.
0C13. 0. 12.0. 0. 0. 0. .1 2. 0. .1 0. 0. 0. 0. 0. 0. .010. 12.0. 0. 0. 0. 0.
0C20. 0. 0. 0. 0. 0. 0. 0. .5 0. 0. 0. 0. 0. 0. .01.1 0. 0. 0. 0. 0. 0. 4. 0.
0C30. 0. 0. 0. 0. 0. .1 0. 0. 0. 0. 0. 0. 0. 0. 0. 0. 0. 0. 0. 0. 0. 0. 0. 0.
0C40. 0. 0. 0. 0. 0. 0. 0. 0. 0. 0. .010. 0. 0. 0. 0. 4. 0. 0. 0. 0. 0. 0. 0.
0C545.0. 0. 0. 0. 0. 0. 0.
0E10. 0. 4. 0. 0. 0. 0. 1. 1. .1 .1 0. 0. 0. 0. 0. 0. .5 0. 15.0. 0. 0. 0. 0.
0E20. 0. 0. 0. 0. 0. 0. 0. 2. 0. 0. 0. 0. 0. 0. 0. .010. 0. 0. 0. 0. 0. 7. 0.
0E30. 0. 0. 0. 0. 0. .010. 0. 0. 0. 0. 0. 0. 0. 0. 0. 0. 0. 0. 0. 0. 0. 0. 0.
0E40. 0. 0. 0. 0. 0. 0. 0. 0. 0. 0. .010. 0. 0. 0. 0. 0. 0. 0. 0. 0. 0. .5 0.
0E546.0. 0. 0. 0. 0. 0. 0.
0G14. 0. 2. .010. 0. 0. .5 1. 1. .1 0. 0. 0. 0. 0. 0. 0. 0. 3. 0. 0. 0. 0. .5
0G20. 0. 0. 0. 0. 0. 0. 0. 2. 0. 0. 0. 0. 0. 0. .010. 0. 0. 0. 0. 0. 0. 8. 0.
0G30. 0. 0. 0. 0. 0. 0. 0. 0. 0. 0. 0. 0. 0. 0. 0. 0. 0. 0. 0. 0. 0. 0. 0. 0.
0G40. 0. 0. 0. 0. 0. 0. 0. 0. 0. 0. .010. 0. 0. 0. 0. 0. 0. 0. 0. 0. 0. 0. 0.
0G545.0. 0. 0. 0. 0. 0. 0.
0I16. 0. 2. .1 0. 0. 0. .5 3. 0. .1 0. 0. 0. 0. 0. 0. 0. 0. 6. 0. 0. 0. 0. 0.
0I20. .1 0. 0. 0. 0. 0. 0. 1. 0. 0. 0. 0. 0. 0. 0. 0. 0. 0. 0. 0. 0. 0. 4. 0.
0I30. 0. 0. 0. 0. 0. .010. 0. 0. 0. 0. 0. 0. 0. 0. 0. 0. 0. 0. 0. 0. 0. 0. 0.
0I40. 0. .010. 0. 0. 0. 0. 0. 0. 0. .010. 0. 0. 0. 0. 0. 0. 0. 0. 0. 0. 0. 0.
0I545.0. 0. 0. 0. 0. 0. 0.
2A110.0. 0. 0. 0. 0. 0. .1 2. 8. .1 0. 0. 0. 0. 0. 0. .010. 10.0. 0. 0. 0. 1.
2A20. 0. 0. 0. 0. 0. 0. 0. 3. 0. 0. 0. 0. 0. 0. .1 0. 0. 0. 0. 0. 0. 0. 2. 0.
2A30. 0. 0. 0. 0. 0. 0. 0. 0. 0. 0. 0. 0. 0. 0. 0. 0. 0. 0. 0. 0. 0. 0. 0. 0.
2A40. 0. .1 0. 0. 0. 0. 0. 0. 0. 0. .010. 0. 0. 0. 0. 0. 0. 0. 0. 0. 0. 0. 0.
2A546.0. 0. 0. 0. 0. 0. 0.
2C13. 0. 20.0. 0. 0. 0. .5 3. 0. .5 0. 0. 0. 0. 0. 0. .1 0. 15.0. 0. 0. 0. 0.
2C20. 0. 0. 0. 0. 0. 0. 0. 2. 0. 0. 0. 0. 0. 0. .010. 0. 0. 0. 0. 0. 0. 5. 0.
2C30. 0. 0. 0. 0. 0. 0. 0. 0. 0. 0. 0. 0. 0. 0. 0. 0. 0. 0. 0. 0. 0. 0. 0. 0.
2C40. 0. .010. 0. 0. 0. 0. 0. 0. 0. 0. 0. 0. 0. 0. 0. 0. 0. 0. 0. 0. 0. 0. 0.
2C545.0. 0. 0. 0. 0. 0. 0.
2E13. 0. 3. .010. 0. 0. .5 10..1 .1 0. 0. 0. 0. 0. 0. .1 0. 17.0. 0. 0. 0. .1
2E20. 0. 0. 0. 0. 0. 0. 0. 2. 0. 0. 0. 0. 0. 0. .010. 0. 0. 0. 0. 0. 0. 8. 0.
2E30. 0. 0. 0. 0. 0. 0. 0. 0. 0. 0. 0. 0. 0. 0. 0. 0. 0. 0. 0. 0. 0. 0. 0. 0.
2E40. 0. .1 0. 0. 0. 0. 0. 0. 0. 0. .010. 0. 0. 0. 0. 0. 0. 0. 0. 0. 0. 0. 0.
2E545.0. 0. 0. 0. 0. 0. 0.
2G14. 0. 5. 0. 0. 0. 0. .5 3. 0. .1 0. 0. 0. 0. 0. 0. .1 0. 6. 0. 0. 0. 0. .1
2G20. .1 0. 0. 0. 0. 0. 0. 2. 0. 0. 0. 0. 0. 0. 0. 0. 0. 0. 0. 0. 0. 0. 3. 0.
2G30. 0. 0. 0. 0. 0. 0. 0. 0. 0. 0. 0. 0. 0. 0. 0. 0. 0. 0. 0. 0. 0. 0. 0. 0.
2G40. 0. .010. 0. 0. 0. 0. 0. 0. 0. 0. 0. 0. 0. 0. 0. 0. 0. 0. 0. 0. 0. 0. 0.
2G545.0. 0. 0. 0. 0. 0. 0.
2I18. 0. 5. 0. 0. 0. 0. .1 6. 0. .5 0. 0. 0. 0. 0. 0. .010. 10.0. 0. 0. .010.
2I20. 0. 0. 0. 0. 0. 0. 0. .5 0. 0. 0. 0. 0. 0. .010. 0. 0. 0. 0. 0. 0. 3. 0.
2I30. 0. 0. 0. 0. 0. 0. 0. 0. 0. 0. 0. 0. 0. 0. 0. 0. 0. 0. 0. 0. 0. 0. 0. 0.
2I40. 0. .1 0. 0. 0. 0. 0. 0. 0. 0. .1 0. 0. 0. 0. 0. 0. 0. 0. 0. 0. 0. 0. 0.
2I545.0. 0. 0. 0. 0. 0. 0.
4A112.0. 17.0. 0. 0. 0. .1 3. .5 .5 0. 0. 0. 0. 0. 0. 0. 0. 8. 0. 0. 0. 0. .1
4A20. 0. 0. 0. 0. 0. 0. 0. 1. 0. 0. 0. 0. 0. 0. .010. 0. 0. 0. 0. 0. 0. 8. 0.
4A30. 0. 0. 0. 0. 0. 0. 0. 0. 0. 0. 0. 0. 0. 0. 0. 0. 0. 0. 0. 0. 0. 0. 0. 0.
4A40. 0. .1 0. 0. 0. 0. 0. 0. 0. 0. .010. 0. 0. 0. 0. 0. 0. 0. 0. 0. 0. 0. 0.
4A545.0. 0. 0. 0. 0. 0. 0.
4C18. 0. 6. .010. 0. 0. .5 15..5 .010. 0. 0. 0. 0. 0. 0. 0. 4. 0. 0. 0. .010.
4C20. 0. 0. 0. 0. 0. 0. 0. 4. 0. 0. 0. 0. 0. 0. 0. .1 0. 0. 0. 0. 0. 0. 3. 0.
4C30. 0. 0. 0. 0. 0. 0. 0. 0. 0. 0. 0. 0. 0. 0. 0. 0. 0. 0. 0. 0. 0. 0. 0. 0.
4C40. 0. .010. 0. 0. 0. 0. 0. 0. 0. .010. 0. 0. 0. 0. 0. 0. 0. 0. 0. 0. 0. 0.
4C545.0. 0. 0. 0. 0. 0. 0.
4E110.0. 20..1 0. 0. 0. .1 3. 0. .5 0. 0. 0. 0. 0. 0. 0. 0. 3. 0. 0. 0. 0. .5
4E20. 0. 0. 0. 0. 0. 0. 0. 2. 0. 0. 0. 0. 0. 0. 0. .1 0. 0. 0. 0. 0. 0. 1. 0.
4E30. 0. 0. .1 0. 0. 0. 0. 0. 0. 0. 0. 0. 0. 0. 0. 0. 0. 0. 0. 0. 0. 0. 0. 0.
4E40. .01.1 0. 0. 0. 0. 0. 0. 0. 0. 0. 0. 0. 0. 0. 0. 0. 0. 0. 0. 0. 0. 0. 0.
4E546.0. 0. 0. 0. 0. 0. 0.
4G12. 0. 1. .1 0. 0. 0. .5 12..5 .1 0. 0. 0. 0. 0. 0. 0. 0. 8. 0. 0. 0. 0. .1
4G20. 0. 0. 0. 0. 0. 0. 0. 5. 0. 0. 0. 0. 0. 0. 0. 0. 0. 0. 0. 0. 0. 0. 1. 0.
4G30. 0. 0. .1 0. 0. 0. 0. 0. 0. 0. 0. 0. 0. 0. 0. 0. 0. 0. 0. 0. 0. 0. 0. 0.
4G40. 0. .1 0. 0. 0. 0. 0. 0. 0. 0. 0. 0. 0. 0. 0. 0. 0. 0. 0. 0. 0. 0. 0. 0.
4G546.0. 0. 0. 0. 0. 0. 0.
4I13. 0. 4. .1 0. 0. 0. .5 4. 0. .5 0. 0. 0. 0. 0. 0. .1 0. 12.0. 0. 0. 0. .1
4I20. 0. 0. 0. 0. 0. 0. 0. 3. 0. 0. 0. 0. 0. 0. 0. 0. 0. 0. 0. 0. 0. 0. 4. 0.
4I30. 0. 0. 0. 0. 0. .1 0. 0. 0. 0. 0. 0. 0. 0. 0. 0. 0. 0. 0. 0. 0. 0. 0. 0.
4I40. 0. .1 0. 0. 0. 0. 0. 0. 0. 0. 0. 0. 0. 0. 0. 0. 0. 0. 0. 0. 0. 0. .5 0.
4I544.0. 0. 0. 0. 0. 0. 0.
6A10. 0. 15.0. 0. 0. 0. .1 3. 0. .1 0. 0. 0. 0. 0. 0. .5 0. 12.0. 0. 0. .1 0.
6A20. 0. 0. 0. 0. 0. 0. 0. 0. 0. 0. 0. 0. 0. 0. 0. 0. 0. 0. 0. 0. 0. 0. 5. 0.
6A30. 0. 0. 0. 0. 0. 1. 0. 0. 0. 0. 0. 0. 0. 0. 0. 0. 0. 0. 0. 0. 0. 0. 0. 0.
6A40. 0. 0. 0. 0. 0. 0. 0. 0. 0. 0. .5 0. 0. 0. 0. 0. 0. .5 0. 0. 0. 0. 0. 0.
6A544.0. 0. 0. 0. 0. 0. 0.
6C12. 0. 5. 1. 0. 0. 0. 1. 10.0. .5 0. 0. 0. 0. 0. 0. .1 0. 12.0. 0. 0. 0. .5
6C20. 0. 0. 0. 0. 0. 0. 0. .1 0. 0. 0. 0. 0. 0. .1 0. 0. 0. 0. 0. 0. 0. 4. 0.
6C30. 0. 0. .1 0. 0. .010. 0. 0. 0. 0. 0. 0. 0. 0. 0. 0. 0. 0. 0. 0. 0. 0. 0.
6C40. 0. 0. 0. 0. 0. 0. 0. 0. 0. 0. .010. 0. 0. 0. 0. 0. 0. 0. 0. 0. 0. 0. 0.
6C545.0. 0. 0. 0. 0. 0. 0.
6E13. 0. 7. .5 0. 0. 0. .1 10.0. .1 0. 0. 0. 0. 0. 0. .5 0. 8. 0. 0. 0. 0. 0.
6E20. 0. 0. 0. 0. 0. 0. 0. 1. 0. 0. 0. 0. 0. 0. 0. 0. 0. 0. 0. 0. 0. 0. 4. 0.
6E30. 0. 0. .010. 0. 0. 0. 0. 0. 0. 0. 0. 0. 0. 0. 0. 0. 0. 0. 0. 0. 0. 0. 0.
6E40. 0. .1 0. 0. 0. 0. 0. 0. 0. 0. 0. 0. 0. 0. 0. 0. 0. 0. 0. 0. 0. 0. 0. 0.
6E545.0. 0. 0. 0. 0. 0. 0.
6G112.0. 2. .1 0. 0. 0. .5 8. 0. .1 0. 0. 0. 0. 0. 0. 0. 0. 5. 0. 0. 0. 0. .1
6G20. 0. 0. 0. 0. 0. 0. 0. 5. 0. 0. 0. 0. 0. 0. 0. 0. 0. 0. 0. 0. 0. 0. 2. 0.
6G30. 0. 0. 0. 0. 0. .010. 0. 0. 0. 0. 0. 0. 0. 0. 0. 0. 0. 0. 0. 0. 0. 0. 0.
6G40. 0. .5 0. 0. 0. 0. 0. 0. 0. 0. 0. 0. 0. 0. 0. 0. 0. 0. 0. 0. 0. 0. 0. 0.
6G546.0. 0. 0. 0. 0. 0. 0.
6I110.0. 17.0. 0. 0. 0. .1 1. 0. .5 0. 0. 0. 0. 0. 0. 0. 0. .5 0. 0. 0. 0. 0.
6I20. 0. 0. 0. 0. 0. 0. 0. .5 0. 0. 0. 0. 0. 0. 0. .1 0. 0. 0. 0. 0. 0. 2. 0.
6I30. 0. 0. 0. 0. 0. .1 0. 0. 0. 0. 0. 0. 0. 0. 0. 0. 0. 0. 0. 0. 0. 0. 0. 0.
6I40. 0. .1 0. 0. 0. 0. 0. 0. 0. 0. 0. 0. 0. 0. 0. 0. 0. 0. 0. 0. 0. 0. 0. 0.
6I542.0. 0. 0. 0. 0. 0. 0.
8A12. 0. .5 0. 0. 0. 0. .1 15.0. .1 0. 0. 0. 0. 0. 0. .5 0. 20.0. 0. 0. .1 0.
8A20. 0. 0. 0. 0. 0. 0. 0. .5 0. 0. 0. 0. 0. 0. .1 0. 0. 0. 0. 0. 0. 0. 8. 0.
8A30. 0. 0. .010. 0. .1 0. 0. 0. 0. 0. 0. 0. 0. 0. 0. 0. 0. 0. 0. 0. 0. 0. 0.
8A40. 0. 0. 0. 0. 0. 0. 0. 0. 0. 0. .1 0. 0. 0. 0. 0. 0. .1 0. 0. 0. 0. 0. 0.
8A546.0. 0. 0. 0. .5 .1 0.
8C15. 0. 17.0. 0. 0. 0. .1 12.1. .1 0. 0. 0. 0. 0. 0. .1 0. 8. 0. 0. 0. 0. 0.
8C20. 0. 0. 0. 0. 0. 0. 0. .1 0. 0. 0. 0. 0. 0. .1 0. 0. 0. 0. 0. 0. 0. 6. 0.
8C30. 0. 0. 0. 0. 0. 0. 0. 0. 0. 0. 0. 0. 0. 0. 0. 0. 0. 0. 0. 0. 0. 0. 0. 0.
8C40. 0. 0. 0. 0. 0. 0. 0. 0. 0. 0. .010. 0. 0. 0. 0. .5 0. 0. 0. 0. 0. 0. 0.
8C545.0. 0. 0. 0. 0. 0. 0.
8E11. 0. 17.0. 0. 0. 0. 0. 2. 0. .5 0. 0. 0. 0. 0. 0. 0. 0. 6. 0. 0. 0. 0. 0.
8E20. 0. 0. 0. 0. 0. 0. 0. .5 0. 0. 0. 0. 0. 0. .1 0. 0. 0. 0. 0. 0. 0. 3. 0.
8E30. 0. 0. 0. 0. 0. 0. 0. 0. 0. 0. 0. 0. 0. 0. 0. 0. 0. 0. 0. 0. 0. 0. 0. 0.
8E40. 0. 0. 0. 0. 0. 0. 0. 0. 0. 0. .010. 0. 0. 0. 0. 0. 0. 0. 0. 0. 0. 0. 0.
8E545.0. 0. 0. 0. 0. 0. 0.
8G15. 0. 10.0. 0. 0. 0. .1 10.0. .1 0. 0. 0. 0. 0. 0. .1 0. 5. 0. 0. 0. .010.
8G20. 0. 0. 0. 0. 0. 0. 0. .1 0. 0. 0. 0. 0. 0. .01.010. 0. 0. 0. 0. 0. 3. 0.
8G30. 0. 0. 0. 0. 0. 0. 0. 0. 0. 0. 0. 0. 0. 0. 0. 0. 0. 0. 0. 0. 0. 0. 0. 0.
8G40. 0. 1. 0. 0. 0. 0. 0. 0. 0. 0. .010. 0. 0. 0. 0. 0. 0. 0. 0. 0. 0. 0. 0.
8G544.0. 0. 0. 0. 0. 0. 0.
8I16. 0. .5 0. 0. 0. 0. .5 20..5 .1 0. 0. 0. 0. 0. 0. .1 0. 5. 0. 0. 0. 0. 0.
8I20. 0. 0. 0. 0. 0. 0. 0. 4. 0. 0. 0. 0. 0. 0. .1 0. 0. 0. 0. 0. 0. 0. .5 0.
8I30. 0. 0. 0. 0. 0. .010. 0. 0. 0. 0. 0. 0. 0. 0. 0. 0. 0. 0. 0. 0. 0. 0. 0.
8I40. 0. .010. 0. 0. 0. 0. 0. 0. 0. .1 0. 0. 0. 0. 0. 0. 0. 0. 0. 0. 0. 1. 0.
8I545.0. 0. 0. 0. 0. 0. 0.
0A12. 0. 0. 0. 0. 0. 0. .1 8. 0. 0. 0. 0. 0. 0. 0. 0. .010. 7. 0. 0. 0. 0. 0.
0A20. .010. 0. 0. 0. 0. 0. .5 0. 0. 0. 0. 0. 0. .1 0. 0. 0. 0. 0. 0. 0. .5 0.
0A30. 0. 0. 0. 0. 0. 0. 0. 0. 0. 0. 0. 0. 0. 0. 0. 0. 0. 0. 0. 0. 0. 0. 0. 0.
0A40. 0. 0. 0. 0. 0. 0. 0. 0. 0. 0. .010. 0. 0. 0. 0. 2. 0. 0. 0. 0. 0. 0. 0.
0A544.0. 0. 0. 0. 0. 0. 0.
0C13. 0. 12.0. 0. 0. 0. .012. 0. .1 0. 0. 0. 0. 0. 0. .1 0. 10.0. 0. 0. 0. 0.
0C20. 0. 0. 0. 0. 0. 0. 0. .5 0. 0. 0. 0. 0. 0. .1 0. 0. 0. 0. 0. 0. 0. 2. 0.
0C30. 0. 0. 0. 0. 0. 0. 0. 0. 0. 0. 0. 0. 0. 0. 0. 0. 0. 0. 0. 0. 0. 0. 0. 0.
0C40. 0. .010. 0. 0. 0. 0. 0. 0. 0. .010. 0. 0. 0. 0. 3. 0. 0. 0. 0. 0. 0. 0.
0C544.0. 0. 0. 0. 0. 0. 0.
0E10. 0. 4. 0. 0. 0. 0. .5 2. .1 .1 0. 0. 0. 0. 0. 0. .5 0. 20.0. 0. 0. 0. 0.
0E20. 0. 0. 0. 0. 0. 0. 0. 2. 0. 0. 0. 0. 0. 0. .010. 0. 0. 0. 0. 0. 0. 4. 0.
0E30. 0. 0. 0. 0. 0. 0. 0. 0. 0. 0. 0. 0. 0. 0. 0. 0. 0. 0. 0. 0. 0. 0. 0. 0.
0E40. 0. 0. 0. 0. 0. 0. 0. 0. 0. 0. .010. 0. 0. 0. 0. 0. 1. 0. 0. 0. 0. 0. 0.
0E543.0. 0. 0. 0. 0. 0. 0.
0G14. 0. 3. 0. 0. 0. 0. .1 2. 1. .010. 0. 0. 0. 0. 0. 0. 0. 5. 0. 0. 0. 0. .5
0G20. 0. 0. 0. 0. 0. 0. 0. 3. 0. 0. 0. 0. 0. 0. .010. 0. 0. 0. 0. 0. 0. 7. 0.
0G30. 0. 0. 0. 0. 0. 0. 0. 0. 0. 0. 0. 0. 0. 0. 0. 0. 0. 0. 0. 0. 0. 0. 0. 0.
0G40. 0. .010. 0. 0. 0. 0. 0. 0. 0. 0. 0. 0. 0. 0. 0. 0. 0. 0. 0. 0. 0. 0. 0.
0G543.0. 0. 0. 0. 0. 0. 0.
0I110.0. .5 .5 0. 0. 0. .5 4. 0. .010. 0. 0. 0. 0. 0. .010. 5. 0. 0. 0. 0. 0.
0I20. 0. 0. 0. 0. 0. 0. 0. 2. 0. 0. 0. 0. 0. 0. .010. 0. 0. 0. 0. 0. 0. 1. 0.
0I30. 0. 0. 0. 0. 0. 0. 0. 0. 0. 0. 0. 0. 0. 0. 0. 0. 0. 0. 0. 0. 0. 0. 0. 0.
0I40. 0. 0. 0. 0. 0. 0. 0. 0. 0. 0. 0. 0. 0. 0. 0. 0. 0. 0. 0. 0. 0. 0. 0. 0.
0I543.0. 0. 0. 0. 0. 0. 0.
2A18. 0. 0. 0. 0. 0. 0. .1 3. 5. .1 0. 0. 0. 0. 0. 0. .1 0. 6. 0. 0. 0. 0. 1.
2A20. 0. 0. 0. 0. 0. 0. 0. 2. 0. 0. 0. 0. 0. 0. .1 0. 0. 0. 0. 0. 0. 0. .1 0.
2A30. 0. 0. 0. 0. 0. 0. 0. 0. 0. 0. 0. 0. 0. 0. 0. 0. 0. 0. 0. 0. 0. 0. 0. 0.
2A40. .01.010. 0. 0. 0. 0. 0. 0. 0. 0. 0. 0. 0. 0. 0. 0. 0. 0. 0. 0. 0. 0. 0.
2A544.0. 0. 0. 0. 0. 0. 0.
2C14. 0. 12.0. 0. 0. 0. .013. 0. .1 0. 0. 0. 0. 0. 0. .1 0. 6. 0. 0. 0. 0. 0.
2C20. .010. 0. 0. 0. 0. 0. 1. 0. 0. 0. 0. 0. 0. .1 0. 0. 0. 0. 0. 0. 0. 2. 0.
2C30. 0. 0. 0. 0. 0. 0. 0. 0. 0. 0. 0. 0. 0. 0. 0. 0. 0. 0. 0. 0. 0. 0. 0. 0.
2C40. 0. .010. 0. 0. 0. 0. 0. 0. 0. 0. 0. 0. 0. 0. 0. 0. 0. 0. 0. 0. 0. 0. 0.
2C544.0. 0. 0. 0. 0. 0. 0.
2E13. 0. 2. 0. 0. 0. 0. .5 15..5 .1 0. 0. 0. 0. 0. 0. .1 0. 12.0. 0. 0. 0. 0.
2E20. 0. 0. 0. 0. 0. 0. 0. .5 0. 0. 0. 0. 0. 0. 0. 0. 0. 0. 0. 0. 0. 0. 2. 0.
2E30. 0. 0. 0. 0. 0. 0. 0. 0. 0. 0. 0. 0. 0. 0. 0. 0. 0. 0. 0. 0. 0. 0. 0. 0.
2E40. 0. 0. 0. 0. 0. 0. 0. 0. 0. 0. .010. 0. 0. 0. 0. 0. 0. 0. 0. 0. 0. 0. 0.
2E544.0. 0. 0. 0. 0. 0. 0.
2G15. 0. 8. 0. 0. 0. 0. .5 6. 0. .1 0. 0. 0. 0. 0. 0. .1 0. 4. 0. 0. 0. 0. .01
2G20. .1 0. 0. 0. 0. 0. 0. 1. 0. 0. 0. 0. 0. 0. .010. 0. 0. 0. 0. 0. 0. 2. 0.
2G30. 0. 0. 0. 0. 0. 0. 0. 0. 0. 0. 0. 0. 0. 0. 0. 0. 0. 0. 0. 0. 0. 0. 0. 0.
2G40. 0. .010. 0. 0. 0. 0. 0. 0. 0. 0. 0. 0. 0. 0. 0. 0. 0. 0. 0. 0. 0. 0. 0.
2G543.0. 0. 0. 0. 0. 0. 0.
2I18. 0. 4. 0. 0. 0. 0. .014. 0. .010. 0. 0. 0. 0. 0. .010. 15.0. 0. 0. 0. 0.
2I20. 0. 0. 0. 0. 0. 0. 0. .1 0. 0. 0. 0. 0. 0. .1 0. 0. 0. 0. 0. 0. 0. 1. 0.
2I30. 0. 0. 0. 0. 0. 0. 0. 0. 0. 0. 0. 0. 0. 0. 0. 0. 0. 0. 0. 0. 0. 0. 0. 0.
2I40. 0. .010. 0. 0. 0. 0. 0. 0. 0. .010. 0. 0. 0. 0. 0. 0. 0. 0. 0. 0. 0. 0.
2I543.0. 0. 0. 0. 0. 0. 0.
4A110.0. 14.0. 0. 0. 0. .1 3. 0. .5 0. 0. 0. 0. 0. 0. .010. 4. 0. 0. 0. 0. .1
4A20. 0. 0. 0. 0. 0. 0. 0. .5 0. 0. 0. 0. 0. 0. .010. 0. 0. 0. 0. 0. 0. 5. 0.
4A30. 0. 0. 0. 0. 0. 0. 0. 0. 0. 0. 0. 0. 0. 0. 0. 0. 0. 0. 0. 0. 0. 0. 0. 0.
4A40. 0. .1 0. 0. 0. 0. 0. 0. 0. 0. 0. 0. 0. 0. 0. 0. 0. 0. 0. 0. 0. 0. 0. 0.
4A544.0. 0. 0. 0. 0. 0. 0.
4C18. 0. 5. .1 0. 0. 0. .1 12..5 .1 0. 0. 0. 0. 0. 0. .010. 2. 0. 0. 0. 0. 0.
4C20. 0. 0. 0. 0. 0. 0. 0. 2. 0. 0. 0. 0. 0. 0. .1 0. 0. 0. 0. 0. 0. 0. 2. 0.
4C30. 0. 0. 0. 0. 0. 0. 0. 0. 0. 0. 0. 0. 0. 0. 0. 0. 0. 0. 0. 0. 0. 0. 0. 0.
4C40. 0. .010. 0. 0. 0. 0. 0. 0. 0. 0. 0. 0. 0. 0. 0. 0. 0. 0. 0. 0. 0. 0. 0.
4C544.0. 0. 0. 0. 0. 0. 0.
4E18. 0. 12..1 0. 0. 0. .011. 0. .010. 0. 0. 0. 0. 0. .010. 2. 0. 0. 0. 0. .5
4E20. 0. 0. 0. 0. 0. 0. 0. 2. 0. 0. 0. 0. 0. 0. 0. 0. 0. 0. 0. 0. 0. 0. .1 0.
4E30. 0. 0. .010. 0. 0. 0. 0. 0. 0. 0. 0. 0. 0. 0. 0. 0. 0. 0. 0. 0. 0. 0. 0.
4E40. 0. .1 0. 0. 0. 0. 0. 0. 0. 0. 0. 0. 0. 0. 0. 0. 0. 0. 0. 0. 0. 0. 0. 0.
4E544.0. 0. 0. 0. 0. 0. 0.
4G12. 0. 1. .010. 0. 0. .1 12..01.1 0. 0. 0. 0. 0. 0. 0. 0. 8. 0. 0. 0. 0. 0.
4G20. 0. 0. 0. 0. 0. 0. 0. 3. 0. 0. 0. 0. 0. 0. 0. 0. 0. 0. 0. 0. 0. 0. .5 0.
4G30. 0. 0. .1 0. 0. 0. 0. 0. 0. 0. 0. 0. 0. 0. 0. 0. 0. 0. 0. 0. 0. 0. 0. 0.
4G40. 0. .010. 0. 0. 0. 0. 0. 0. 0. 0. 0. 0. 0. 0. 0. 0. 0. 0. 0. 0. 0. 0. 0.
4G543.0. 0. 0. 0. 0. 0. 0.
4I14. 0. 5. .010. 0. 0. .5 5. 0. .1 0. 0. 0. 0. 0. 0. .1 0. 15.0. 0. 0. 0. 0.
4I20. 0. 0. 0. 0. 0. 0. 0. 3. 0. 0. 0. 0. 0. 0. .010. 0. 0. 0. 0. 0. 0. 1. 0.
4I30. 0. 0. 0. 0. 0. .1 0. 0. 0. 0. 0. 0. 0. 0. 0. 0. 0. 0. 0. 0. 0. 0. 0. 0.
4I40. 0. .1 0. 0. 0. 0. 0. 0. 0. 0. 0. 0. 0. 0. 0. 0. 0. 0. 0. 0. 0. 0. 1. 0.
4I543.0. 0. 0. 0. 0. 0. 0.
6A12. 0. 15.0. 0. 0. 0. .1 3. 0. .5 0. 0. 0. 0. 0. 0. .1 0. 8. 0. 0. 0. 0. 0.
6A20. 0. 0. 0. 0. 0. 0. 0. .1 0. 0. 0. 0. 0. 0. 0. 0. 0. 0. 0. 0. 0. 0. 5. 0.
6A30. 0. 0. 0. 0. 0. .1 0. 0. 0. 0. 0. 0. 0. 0. 0. 0. 0. 0. 0. 0. 0. 0. 0. 0.
6A40. 0. 0. 0. 0. 0. 0. 0. 0. 0. 0. 0. 0. 0. 0. 0. 0. 0. 1. 0. 0. 0. 0. 0. 0.
6A544.0. 0. 0. 0. 0. 0. 0.
6C12. 0. 3. 2. 0. 0. 0. .5 8. 0. .010. 0. 0. 0. 0. 0. .1 0. 10.0. 0. 0. 0. 0.
6C20. 0. 0. 0. 0. 0. 0. 0. .5 0. 0. 0. 0. 0. 0. .1 0. 0. 0. 0. 0. 0. 0. 2. 0.
6C30. 0. 0. .010. 0. 0. 0. 0. 0. 0. 0. 0. 0. 0. 0. 0. 0. 0. 0. 0. 0. 0. 0. 0.
6C40. 0. 0. 0. 0. 0. 0. 0. 0. 0. 0. .1 0. 0. 0. 0. 0. 0. 0. 0. 0. 0. 0. 0. 0.
6C546.0. 0. 0. 0. 0. 0. 0.
6E12. 0. 10..5 0. 0. 0. .1 15.0. .010. 0. 0. 0. 0. 0. .5 0. 10.0. 0. 0. 0. 0.
6E20. 0. 0. 0. 0. 0. 0. 0. 2. 0. 0. 0. 0. 0. 0. 0. 0. 0. 0. 0. 0. 0. 0. 1. 0.
6E30. 0. 0. 0. 0. 0. 0. 0. 0. 0. 0. 0. 0. 0. 0. 0. 0. 0. 0. 0. 0. 0. 0. 0. 0.
6E40. 0. .1 0. 0. 0. 0. 0. 0. 0. 0. 0. 0. 0. 0. 0. 0. 0. 0. 0. 0. 0. 0. 0. 0.
6E546.0. 0. 0. 0. 0. 0. 0.
6G110.0. 2. .1 0. 0. 0. .5 4. .5 .5 0. 0. 0. 0. 0. 0. 0. 0. 3. 0. 0. 0. 0. 0.
6G20. 0. 0. 0. 0. 0. 0. 0. 4. 0. 0. 0. 0. 0. 0. 0. 0. 0. 0. 0. 0. 0. 0. .5 0.
6G30. 0. 0. 0. 0. 0. 0. 0. 0. 0. 0. 0. 0. 0. 0. 0. 0. 0. 0. 0. 0. 0. 0. 0. 0.
6G40. 0. .1 0. 0. 0. 0. 0. 0. 0. 0. .010. 0. 0. 0. 0. 0. 0. 0. 0. 0. 0. 0. 0.
6G544.0. 0. 0. 0. 0. 0. 0.
6I17. 0. 20.0. 0. 0. 0. .1 2. 0. .1 0. 0. 0. 0. 0. 0. .010. .5 0. 0. 0. 0. 0.
6I20. .010. 0. 0. 0. 0. 0. .5 0. 0. 0. 0. 0. 0. 0. 0. 0. 0. 0. 0. 0. 0. 1. 0.
6I30. 0. 0. 0. 0. 0. .1 0. 0. 0. 0. 0. 0. 0. 0. 0. 0. 0. 0. 0. 0. 0. 0. 0. 0.
6I40. 0. .010. 0. 0. 0. 0. 0. 0. 0. 0. 0. 0. 0. 0. 0. 0. 0. 0. 0. 0. 0. 0. 0.
6I544.0. 0. 0. 0. 0. 0. 0.
8A11. 0. .5 0. 0. 0. 0. .1 12.0. .010. 0. 0. 0. 0. 0. .5 0. 20.0. 0. 0. 0. 0.
8A20. 0. 0. 0. 0. 0. 0. 0. 1. 0. 0. 0. 0. 0. 0. 0. 0. 0. 0. 0. 0. 0. 0. 4. 0.
8A30. 0. 0. 0. 0. 0. .1 0. 0. 0. 0. 0. 0. 0. 0. 0. 0. 0. 0. 0. 0. 0. 0. 0. 0.
8A40. 0. 0. 0. 0. 0. 0. 0. 0. 0. 0. .010. 0. 0. 0. 0. 0. 0. 0. 0. 0. 0. 0. 0.
8A543.0. 0. 0. 0. .5 .1 0.
8C15. 0. 17.0. 0. 0. 0. .1 8. 1. .1 0. 0. 0. 0. 0. 0. .1 0. 10.0. 0. 0. 0. 0.
8C20. 0. 0. 0. 0. 0. 0. 0. .1 0. 0. 0. 0. 0. 0. .010. 0. 0. 0. 0. 0. 0. 3. 0.
8C30. 0. 0. 0. 0. 0. 0. 0. 0. 0. 0. 0. 0. 0. 0. 0. 0. 0. 0. 0. 0. 0. 0. 0. 0.
8C40. 0. .010. 0. 0. 0. 0. 0. 0. 0. 0. 0. 0. 0. 0. 0. .5 0. 0. 0. 0. 0. 0. 0.
8C543.0. 0. 0. 0. 0. 0. 0.
8E11. 0. 20.0. 0. 0. 0. 0. .5 0. .1 0. 0. 0. 0. 0. 0. .1 0. 3. 0. 0. 0. 0. 0.
8E20. 0. 0. 0. 0. 0. 0. 0. .1 0. 0. 0. 0. 0. 0. 0. 0. 0. 0. 0. 0. 0. 0. 3. 0.
8E30. 0. 0. 0. 0. 0. 0. 0. 0. 0. 0. 0. 0. 0. 0. 0. 0. 0. 0. 0. 0. 0. 0. 0. 0.
8E40. 0. 0. 0. 0. 0. 0. 0. 0. 0. 0. 0. 0. 0. 0. 0. 0. 0. 0. 0. 0. 0. 0. 0. 0.
8E543.0. 0. 0. 0. 0. 0. 0.
8G16. 0. 12.0. 0. 0. 0. .018. 0. .1 0. 0. 0. 0. 0. 0. .1 0. 5. 0. 0. 0. 0. .01
8G20. .1 0. 0. 0. 0. 0. 0. .5 0. 0. 0. 0. 0. 0. 0. 0. 0. 0. 0. 0. 0. 0. 1. 0.
8G30. 0. 0. 0. 0. 0. 0. 0. 0. 0. 0. 0. 0. 0. 0. 0. 0. 0. 0. 0. 0. 0. 0. 0. 0.
8G40. 0. .1 0. 0. 0. 0. 0. 0. 0. 0. 0. 0. 0. 0. 0. 0. 0. .010. 0. 0. 0. 0. 0.
8G544.0. 0. 0. 0. 0. 0. 0.
8I15. 0. .1 0. 0. 0. 0. .5 15..5 .1 0. 0. 0. 0. 0. 0. .1 0. 3. 0. 0. 0. 0. .5
8I20. 0. 0. 0. 0. 0. 0. 0. 3. 0. 0. 0. 0. 0. 0. .1 0. 0. 0. 0. 0. 0. 0. .1 0.
8I30. 0. 0. 0. 0. 0. 0. 0. 0. 0. 0. 0. 0. 0. 0. 0. 0. 0. 0. 0. 0. 0. 0. 0. 0.
8I40. 0. .010. 0. 0. 0. 0. 0. 0. 0. .010. 0. 0. 0. 0. 0. 0. 0. 0. 0. 0. 1. 0.
8I544.0. 0. 0. 0. 0. 0. 0.
