0A112..010. .1 0. 0. 0. 4. 1. 0. 2. 0. 0. 0. 0. 0. 0. 1. 0. 2. 0. 0. 0. 0. 10.
0A20. .5 0. 0. 0. 0. 0. .1 5. 0. 0. 0. 0. 0. .1 .1 0. 0. .1 0. .1 0. 0. 20.0.
0A30. .5 0. 0. .5 0. 0. 0. 0. .1 0. 0. 0. 0. 0. 0. 0. 0. 0. 0. 0. 0. 0. 0. 0.
0A40. 0. 4. 0. 0. 0. 0. 0. 0. 0. 0. 0. 0. 0. 0. 0. 0. 0. 0. 0. 0. 0. 0. 0. 0.
0A558.0. 0. 0. 0. 0. 0. 0. 0. 0. 0. 0. 0.
0C18. 1. 0. 0. 0. .010. 10.8. 0. 2. 0. 0. 0. 0. 0. 0. .5 0. 0. 0. 0. 0. 0. 0.
0C20. 1. 0. 0. 0. 0. 0. .1 3. 0. 0. 0. 0. 0. 0. .1 0. 0. .1 0. .1 0. 0. 25.0.
0C30. 0. 0. 0. .5 0. .1 0. 0. 0. 0. 0. 0. 0. 0. 0. 0. 0. 0. 0. 0. 0. 0. 0. 0.
0C40. 0. 2. 0. 0. 0. 0. 0. 0. 0. 0. 0. 0. 0. 0. 0. 0. 1. 0. 0. 0. 0. 0. 0. 0.
0C557.0. 0. 0. 0. 0. 0. 0. 0. 0. 0. 0. 0.
0E115.0. 1. .1 0. 0. 0. 2. 5. 0. 3. 0. 0. 0. 0. 0. 0. 1. 0. 1. 0. 0. 0. 0. 0.
0E20. .5 0. 0. 0. 0. 0. .1 3. 0. 0. .1 0. 0. 0. .5 0. .1 0. 0. 0. 0. 0. 5. 0.
0E30. 0. 0. .01.1 0. 0. 0. 0. 0. 0. 0. 0. 0. 0. 0. 0. 0. 0. 0. 0. 0. 0. 0. 0.
0E40. 0. 2. 0. 0. 0. 0. 0. 0. 0. 0. 0. 0. 0. 0. 0. 0. 0. 0. 0. 0. 0. 0. .1 0.
0E558.0. 0. 0. 0. 0. 0. 0. 0. 0. 0. 0. 0.
0G110.0. 0. 0. 0. 0. 0. 4. 8. 0. 2. 0. 0. 0. 0. 0. 0. 0. 0. 0. 0. 0. 0. .5 0.
0G20. .5 0. 0. 0. 0. 0. .1 3. 0. 0. 0. 0. 0. 0. .1 0. 0. 0. 0. .1 0. 0. 30.0.
0G30. 0. 0. 0. .5 .01.1 0. 0. 0. 0. 0. 0. 0. 0. 0. 0. 0. 0. 0. 0. 0. 0. 0. 0.
0G40. 0. 4. 0. 0. 0. 0. 0. 0. 0. 0. 0. 0. 0. 0. 0. 0. .1 0. 0. 0. 0. 0. 0. 0.
0G556.0. 0. 0. 0. 0. 0. 0. 0. 0. 0. 0. 0.
0I117.0. 0. .1 0. 0. 0. 3. 15.0. 2. 0. 0. 0. 0. 0. 0. 0. 0. 0. 0. 0. 0. 2. 0.
0I20. .5 0. 0. 0. 0. 0. .5 4. 0. 0. 0. 0. 0. 0. .5 0. 0. 0. 0. 0. 0. 0. 15.0.
0I30. .1 0. .010. 0. 0. 0. 0. 0. 0. 0. 0. 0. 0. 0. 0. 0. 0. 0. 0. 0. 0. 0. 0.
0I40. 0. 4. 0. 0. 0. 0. 0. 0. 0. 0. 0. 0. 0. 0. 0. 0. 0. 0. 0. 0. 0. 0. 0. 0.
0I557.0. 0. 0. 0. 0. 0. 0. 0. 0. 0. 0. 0.
2A117.0. 0. .1 0. 0. 0. 4. 2. 0. 1. 0. 0. 0. 0. 0. 0. 0. 0. 0. 0. 0. 0. 0. 0.
2A20. .1 0. 0. 0. 0. 0. .1 6. 0. 0. 0. 0. 0. .5 .1 0. 0. .1 0. 0. 0. 0. 20.0.
2A30. 0. 0. 0. .1 0. 0. 0. 0. 0. 0. 0. 0. 0. 0. 0. 0. 0. 0. 0. 0. 0. 0. 0. 0.
2A40. 0. 3. 0. 0. 0. 0. 0. 0. 0. 0. 0. 0. 0. 0. 0. 0. 0. 0. 0. 0. 0. 0. 0. 0.
2A558.0. 0. 0. 0. 0. 0. 0. 0. 0. 0. 0. 0.
2C18. 0. .1 0. 0. 0. 0. 1. 8. 0. 2. 0. 0. 0. 0. 0. 0. 4. 0. 1. 0. 0. 0. 0. .1
2C20. .1 0. 0. 0. 0. 0. .014. 0. 0. 0. 0. 0. 0. 0. 0. 0. .010. 0. 0. 0. 10.0.
2C30. .1 0. 0. .5 0. 0. 0. 0. 0. 0. 0. 0. 0. 0. 0. 0. 0. 0. 0. 0. 0. 0. 0. 0.
2C40. 0. 5. 0. 0. 0. 0. 0. 0. 0. 0. 0. 0. 0. 0. 0. 0. 0. 0. 0. 0. 0. 0. 0. 0.
2C557.0. 0. 0. 0. 0. 0. 0. 0. 0. 0. 0. 0.
2E120.1. 0. 0. 0. 0. 0. 1. 2. 0. 0. 0. 0. 0. 0. 1. 0. .5 0. 0. 0. 0. 0. 0. 5.
2E20. .1 0. 0. 0. 0. 0. .1 5. 0. 0. 0. 0. 0. .5 .1 0. 0. .1 0. 1. 0. 0. 30.0.
2E30. .1 0. 0. 1. 0. .5 0. .010. 0. 0. 0. 0. 0. 0. 0. 0. 0. 0. 0. 0. 0. 0. 0.
2E40. 0. 4. 0. 0. 0. 0. 0. 0. 0. 0. 0. 0. 0. 0. 0. 0. .5 0. 0. 0. 0. 0. 0. 0.
2E558.0. 0. 0. 0. 0. 0. 0. 0. 0. 0. 0. 0.
2G14. 0. 4. 0. 0. 0. 0. 1. 5. .5 3. 0. 0. 0. 0. 1. 0. 3. 0. .5 0. 0. 0. 0. 12.
2G20. .5 0. 0. 0. 0. 0. .1 2. 0. 0. 0. 0. 0. .5 .1 0. 0. 0. .1 .1 0. 0. 50.0.
2G30. .1 0. 0. 1. .1 1. .1 0. 0. 0. 0. 0. 0. 0. 0. 0. 0. 0. 0. 0. 0. 0. 0. 0.
2G40. 0. 3. 0. 0. 0. 0. 0. 0. 0. 0. 0. 0. 0. 0. 0. 0. 0. 0. 0. 0. 0. 0. 0. 0.
2G556.0. 0. 0. 0. 0. 0. 0. 0. 0. 0. 0. 0.
2I115.0. 5. .1 0. 0. 0. 5. 6. 0. .5 0. 0. 0. 0. 0. 0. 1. 0. 2. 0. 0. 0. .5 0.
2I20. 1. 0. 0. 0. 0. 0. .1 3. 0. 0. 0. 0. 0. .1 .1 0. 0. .1 0. 0. 0. 0. 20.0.
2I30. .5 0. 0. .1 0. 0. 0. 0. 0. 0. 0. 0. 0. 0. 0. 0. 0. 0. 0. 0. 0. 0. 0. 0.
2I40. 0. 4. 0. 0. 0. 0. 0. 0. 0. 0. 0. 0. 0. 0. 0. 0. 0. 0. 0. 0. 0. 0. 0. 0.
2I556.0. 0. 0. 0. 0. 0. 0. 0. 0. 0. 0. 0.
4A15. .5 1. .5 0. 0. 0. 3. 1. 0. 2. 0. 0. 0. 0. 0. 0. 1. 0. 2. 0. 0. 0. 0. 0.
4A20. .5 0. 0. 0. 0. 0. .1 3. 0. 0. 0. 0. 0. .1 .1 0. 0. .1 0. .1 0. 0. 15.0.
4A30. 0. 0. 0. 0. .1 0. .1 .010. 0. 0. 0. 0. 0. 0. 0. 0. 0. 0. 0. 0. 0. 0. 0.
4A40. 0. 3. 0. 0. 0. 0. 0. 0. 0. 0. 0. 0. 0. 0. 0. 0. .1 0. 0. 0. 0. 0. 0. 0.
4A558.0. 0. 0. 0. 0. 0. 0. 0. 0. 0. 0. 0.
4C16. .1 0. 0. 0. 0. 0. 3. 12.0. 4. 0. 0. 0. 0. 0. 0. 1. 0. 2. 0. 0. 0. 0. 0.
4C20. .5 0. 0. 0. 0. 0. .014. 0. 0. 0. 0. 0. .1 .1 0. 0. .1 .1 0. 0. 0. 17.0.
4C30. 0. 0. 0. .5 0. 0. .1 0. 0. 0. 0. 0. 0. 0. 0. 0. 0. 0. 0. 0. 0. 0. 0. 0.
4C40. 0. 3. 0. 0. 0. 0. 0. 0. 0. 0. 0. 0. 0. 0. 0. 0. 0. 0. 0. 0. 0. 0. 0. 0.
4C557.0. 0. 0. 0. 0. 0. 0. 0. 0. 0. 0. 0.
4E18. 0. 0. .1 0. 0. 0. 1. 15.0. 1. 0. 0. 0. 0. 0. 0. .5 0. 3. 0. 0. 0. 0. 8.
4E20. .1 0. 0. 0. 0. 0. .013. 0. 0. 0. 0. 0. 0. .010. .1 .1 .1 1. 0. 0. 8. 0.
4E30. .1 0. 0. .5 0. .1 0. 0. 0. 0. 0. 0. 0. 0. 0. 0. 0. 0. 0. 0. 0. 0. 0. 0.
4E40. 0. 1. 0. 0. 0. 0. 0. 0. 0. 0. 0. 0. 0. 0. 0. 0. 0. 0. 0. 0. 0. 0. 0. 0.
4E556.0. 0. 0. .5 0. 0. 0. 0. 0. 0. 0. 0.
4G120.0. 2. 0. 0. 0. .010. 4. 0. 0. 0. 0. 0. 0. 0. 0. 1. 0. 4. 0. 0. 0. 1. 0.
4G20. .5 0. 0. 0. 0. 0. .5 3. 0. 0. 0. 0. 0. .1 0. 0. 0. 0. 0. .1 0. 0. 12.0.
4G30. 0. .010. 1. 0. .5 0. .1 0. 0. 0. 0. 0. 0. 0. 0. 0. 0. 0. 0. 0. 0. 0. 0.
4G40. 0. 4. 0. 0. 0. 0. 0. 0. 0. 0. 0. 0. 0. 0. 0. 0. 0. 0. 0. 0. 0. 0. 0. 0.
4G559.0. 0. 0. 0. 0. 0. 0. 0. 0. 0. 0. 0.
4I119.0. 1. 0. 0. 0. 0. 5. .5 0. 0. 0. 0. 0. 0. 0. 0. 0. 0. 3. 0. 0. 0. 0. 0.
4I20. .5 0. 0. 0. 0. 0. .1 4. 0. 0. 0. 0. 0. .1 0. 0. 0. 0. 0. .5 0. 0. 7. 0.
4I30. .5 0. 0. .5 0. 0. 0. 0. 0. 0. 0. 0. 0. 0. 0. 0. 0. 0. 0. 0. 0. 0. 0. 0.
4I40. 0. 4. 0. 0. 0. 0. 0. 0. 0. 0. 0. 0. 0. 0. 0. 0. .5 0. 0. 0. 0. 0. 0. 0.
4I559.0. 0. 0. 0. 0. 0. 0. 0. 0. 0. 0. 0.
6A113..1 0. 1. 0. 0. 0. 3. 4. .5 3. 0. 0. 0. 0. .5 0. 0. 0. 0. 0. 0. 0. 0. .1
6A20. .5 0. 0. 0. 0. 0. 1. 7. 0. 0. 0. 0. 0. .5 0. 0. .1 0. 0. 0. 0. 0. 15.0.
6A30. 0. 0. 0. .5 0. 0. .1 0. 0. 0. 0. 0. 0. 0. 0. 0. 0. 0. 0. 0. 0. 0. 0. 0.
6A40. 0. 4. 0. 0. 0. 0. 0. 0. 0. 0. 0. 0. 0. 0. 0. 0. 2. 0. 0. 0. 0. 0. 5. 0.
6A559.0. 0. 0. 0. 0. 0. 0. 0. 0. 0. 0. 0.
6C110.0. 1. 0. 0. 0. 0. 4. 8. 0. 3. 0. 0. 0. 0. 0. 0. 1. 0. 0. 0. 0. 0. 0. 0.
6C20. 1. 0. 0. 0. 0. 0. 1. 4. 0. 0. 0. 0. 0. 0. .5 0. 0. .5 0. 0. 0. 0. 8. 0.
6C30. .1 0. .1 1. .1 0. .5 0. 0. 0. 0. 0. 0. 0. 0. 0. 0. 0. 0. 0. 0. 0. 0. 0.
6C40. .013. 0. 0. 0. 0. 0. 0. 0. 0. 0. 0. 0. 0. 0. 0. 0. .5 0. 0. 0. 0. 2. 0.
6C559.0. 0. 0. 0. 0. 0. 0. 0. 0. 0. 0. 0.
6E13. 0. 0. 1. .1 0. 0. 5. 5. 0. 2. 0. 0. 0. 0. 0. 0. 1. 0. 11.0. 0. 0. .5 0.
6E20. 2. 0. 0. 0. 0. 0. 1. 3. 0. 0. 0. 0. 0. 1. .5 0. 0. .5 0. .1 0. 0. 10.0.
6E30. .5 0. 0. 3. 0. .5 .5 .01.1 0. 0. 0. 0. 0. 0. 0. 0. 0. 0. 0. 0. 0. 0. 0.
6E40. .1 3. 0. 0. 0. 0. 0. 0. 0. 0. 0. 0. 0. 0. 0. 0. 0. 0. 0. 0. 0. .010. 0.
6E559.0. 0. 0. 0. 0. 0. 0. 0. 0. 0. 0. 0.
6G114.0. .5 0. 0. 0. 0. 4. .5 0. .5 0. 0. 0. 0. 0. 0. 3. 0. 1. 0. 0. 0. 0. 0.
6G20. .1 0. 0. 0. 0. 0. .1 2. 0. 0. 0. 0. 0. 0. .010. 0. .1 0. 0. 0. 0. 6. 0.
6G30. 0. 0. 0. 0. 0. 0. 0. 0. 0. 0. 0. 0. 0. 0. 0. 0. 0. 0. 0. 0. 0. 0. 0. 0.
6G40. 0. 4. 0. 0. 0. 0. 0. 0. 0. 0. 0. 0. 0. 0. 0. 0. 0. 0. 0. 0. 0. 0. 0. 0.
6G561.0. 0. 0. 0. 0. 0. 0. 0. 0. 0. 0. 0.
6I112..5 6. 0. 0. .01.1 2. .1 1. 1. 0. 0. 0. 0. 0. 0. .5 0. 5. 0. 0. 0. 0. 1.
6I20. 1. 0. 0. 0. 0. 0. 0. 6. 0. .1 0. 0. 0. .1 0. 0. 0. 0. .01.1 0. 0. 8. 0.
6I30. 0. 0. 0. 0. 0. 0. 0. 0. 0. 0. 0. 0. 0. 0. 0. 0. 0. 0. 0. 0. 0. 0. 0. 0.
6I40. .014. 0. 0. 0. 0. 0. 0. 0. 0. 0. 0. 0. 0. 0. 0. 1. 0. 0. 0. 0. .010. 0.
6I560.0. .010. 0. 0. 0. 0. 0. 0. 0. 0. 0.
8A19. 0. 0. 2. 0. 0. 0. 6. 2. 0. 3. 0. 0. 0. 0. 0. 0. 0. 0. 2. 0. 0. 0. 0. 0.
8A20. 2. 0. 0. 0. 0. 0. 2. 3. 0. 0. 0. 0. 0. .1 .1 0. 0. .1 0. 0. 0. 0. 12.0.
8A30. 0. 0. 0. 1. 0. 0. .1 0. 0. 0. 0. 0. 0. 0. 0. 0. 0. 0. 0. 0. 0. 0. 0. 0.
8A40. 0. 3. 0. 0. 0. 0. 0. 0. 0. 0. 0. 0. 0. 0. 0. 0. 0. 0. 0. 0. 0. 0. 7. 0.
8A559.0. 0. 0. 0. 0. 0. 0. 0. 0. 0. 0. 0.
8C18. 0. 3. 0. 0. 0. .1 2. 12.0. 4. 0. 0. 0. 0. 0. .5 0. 5. 0. 0. 0. 0. 2. 0.
8C20. 1. 0. 0. 0. 0. 0. 0. 10.0. 0. 0. 0. 0. 1. 0. 0. .1 .5 0. 0. 0. 0. 30.0.
8C30. 2. .1 0. 2. 0. 0. 0. 0. 0. 0. 0. 0. 0. 0. 0. 0. 0. 0. 0. 0. 0. 0. 0. 0.
8C40. 0. 4. 0. 0. 0. 0. 0. 0. 0. 0. 0. 0. 0. 0. 0. 0. 0. 0. 0. 0. 0. 0. .5 0.
8C558.0. 0. 0. 0. 0. 0. 0. 0. 0. 0. 0. 0.
8E19. .010. 0. 0. 0. 0. 5. 12.0. 2. 0. 0. 0. 0. 0. 0. .1 0. 3. 0. 0. 0. 0. 0.
8E20. .1 0. 0. 0. 0. 0. .015. 0. 0. 0. 0. 0. 0. .010. 0. 0. 0. .1 0. 0. 6. 0.
8E30. .5 0. .1 1. .010. .5 0. 0. 0. 0. 0. 0. 0. 0. 0. 0. 0. 0. 0. 0. 0. 0. 0.
8E40. 0. 3. 0. 0. 0. 0. 0. 0. 0. 0. 0. 0. 0. 0. 0. 0. 1. 0. 0. 0. 0. .010. 0.
8E557.0. .010. 0. 0. 0. 0. 0. 0. 0. 0. 0.
8G111.0. 2. .5 0. 0. .012. 2. 0. 2. 0. 0. 0. 0. 0. 0. .010. .5 0. 0. 0. 0. 0.
8G20. .5 0. 0. 0. 0. 0. .015. 0. 0. 0. 0. 0. .1 0. 0. 0. 0. .1 0. 0. 0. 8. 0.
8G30. .010. .1 0. 0. 0. 0. 0. 0. 0. 0. 0. 0. 0. 0. 0. 0. 0. 0. 0. 0. 0. 0. 0.
8G40. 0. 1. 0. 0. 0. 0. 0. 0. 0. 0. 0. 0. 0. 0. 0. 0. .5 0. 0. .010. .010. 0.
8G557.0. 0. 0. 0. 0. 0. 0. 0. 0. 0. 0. 0.
8I117..5 5. .010. 0. 0. 1. .5 .1 2. 0. 0. 0. 0. 0. 0. 0. 0. 0. 0. 0. 0. 0. 0.
8I20. .1 0. 0. 0. 0. 0. 0. 5. 0. 0. 0. 0. 0. .1 .010. .1 .010. 0. 0. 0. 6. 0.
8I30. 0. 0. .010. 0. 0. 0. 0. 0. 0. 0. 0. 0. 0. 0. 0. 0. 0. 0. 0. 0. 0. 0. 0.
8I40. 0. 0. 0. 0. .010. 0. 0. 0. 0. .1 0. 0. 0. 0. 0. 0. 0. .01.010. .010. 0.
8I558.0. .010. 0. 0. 0. 0. 0. 0. 0. 0. 0.
