0A1  1  0  0  0  0  0  0.01  4  1  0  0  0  0  0  0  0  0  0  0  0  0  0  0  0
0A2  0  0  0  0  0  0  0  0  0  0 .1  0  0  0.01  0  0 .1  0  0  0  0  0  0  0
0A3  0  0  0  0  0  0  0  0.01  0  0  0  0  0  0  0  0  0  0  0  0  0  0  0  0
0A4  0.01  0.01.01  0  0  0  0  0  0  0  0  0  0  0  0  0  0  0  0  0  0  0  0
0A5 41  0  0  0  0  0  0  0  0  0  0  0  0 
0C1  5  0  0  0  0  0  0 .5  5  3  0  0  0  0  0  0  0  0 .5  0  0  0  0  0  0
0C2  0  0  0  0  0  0  0  0  0.01 .1  0  0  0.01  0  0  0  0  0  0  0  0  0  0
0C3  0  0  0  0  0  0  0  0  0.01  0  0  0  0  0  0  0  0  0  0  0  0  0  0  0
0C4  0.01  0 .1  0  0  0  0  0  0  0  0  0  0  0  0  0  0  0  0  0  0  0  0  0
0C5 43  0  0  0  0  0  0  0  0  0  0  0  0 
0E1  1  0  0  0  0  0  0  1 12  1  0 .1  0  0  0  0  0  0 10  0  0  0  0  0  0
0E2  0  0  0  0  0  0  0  0  0  0  0  0  0  0  0  0  0  0  0  0  0  0  0  0  0
0E3  0  0  0  0  0  0  0  0  0  0  0  0  0  0  0  0  0  0  0  0  0  0  0  0  0
0E4  0.01  0  0  0  0  0  0  0  0  0  0  0  0  0  0  0  0  0  0  0  0  0  0  0
0E5 39  0  0  0  0  0  0  0  0  0  0  0  0 
0G1  1  0  0  0  0  0  0 .1  1  4  0  0  0  0  0  0  0  0  0  0  0  0  0  0  0
0G2  0  0  0  0  0  0  0  0  0  0 .5  0  0  0 .1 .1  0  0  0  0  0.01  0  0  0
0G3  0  0  0  0  0  0  0  0  0  0  0  0  0  0  0  0  0  0  0  0  0  0  0  0  0
0G4  0.01  0.01  0  0  0  0  0  0  0  0  0.01  0  0  0  0  0  0  0  0  0  0  0
0G5 44  0  0  0  0  0  0  0  0  0  0  0  0 
0I1  2  0  0  0  0  0  0 .1  3  4  0  0  0  0  0  0  0  0  0  0  0  0  0  0  0
0I2  0  0  0  0.01  0  0  0  0  0 .1  0  0  0  0 .5  0  0  0  0  0  0  0  0  0
0I3  0  0  0  0  0  0  0  0  0  0  0  0  0  0  0  0  0  0  0  0  0  0  0  0  0
0I4  0.01  0 .1  0  0  0  0  0  0  0  0.01  0  0  0  0  0  0  0  0  0  0  0  0
0I5 46  0  0  0  0  0  0  0  0  0  0  0  0 
2I1  3  0  0  0  0  0  0 .5  1  2  0  0  0  0  0  0  0  0  0  0  0  0  0  0  0
2I2  0  0  0  0  0  0.01  0  0  0 .1  0  0  0  0  1  0  0  0  0  0  0  0  0  0
2I3  0  0  0  0  0  0  0  0  0  0  0  0  0  0  0  0  0  0  0  0  0  0  0  0  0
2I4  0.01  0.01.01  0  0  0  0  0  0  0.01.01  0  0  0  0  0  0  0  0  0  0  0
2I5 48  0  0  0  0  0  0  0  0  0  0  0  0 
2G1  8  0  0  0  0  0  0.01  1  5  0  0  0  0  0  0  0  0  0  0  0  0  0  0  0
2G2  0  0  0  0  0  0  0  0  0.01.01  0  0  0  0 .5  0  0  0  0  0  0  0  0  0
2G3  0  0  0  0  0  0  0  0  0  0  0  0  0  0  0  0  0  0  0  0  0  0  0  0  0
2G4  0.01  0  0  0  0  0  0  0  0  0  0  0  0  0  0  0  0  0  0  0  0  0  0  0
2G5 49  0  0  0  0  0  0  0  0  0  0  0  0 
2E1  4  0  0  0  0  0  0 .5  1  8  0  0  0  0  0  0  0  0  0  0  0  0  0  0  0
2E2  0  0  0  0.01  0  0  0  0.01.01  0  0  0  0.01  0  0  0  0  0  0  0  0  0
2E3  0  0  0  0  0  0  0  0  0 .1.01  0  0  0  0  0  0  0  0  0  0  0  0  0  0
2E4  0.01  0 .5  0  0  0  0  0  0  0  0  0  0  0  0  0  0  0  0  0  0  0  0  0
2E5 46  0  0  0  0  0  0  0  0  0  0  0  0 
2C1  3  0  0  0  0  0  0 .1 .5 12  0  0  0  0  0  0  0  0  0  0  0  0  0  0  0
2C2  0  0  0  0  0  0  0  0  0  0 .1  0  0  0  0 .1  0  0  0  0  0  0  0  0  0
2C3.01  0  0  0  0  0  0  0  0  0.01  0  0  0  0  0  0  0  0  0  0  0  0  0  0
2C4  0.01  0  1  0  0  0  0  0  0  0  0  0  0  0  0  0  0  0  0  0  0  0  0  0
2C5 48  0  0  0  0  0  0  0  0  0  0  0  0 
2A1  4  0  0  0  0  0  0 .5  3  8  0  0.01  0  0  0  0  0  0  0  0  0  0  0  0
2A2  0  0  0  0  0  0  0  0 .5  0 .1  0  0  0.01.01  0  0  0  0  0  0  0  0  0
2A3  0  0  0  0  0  0  0  0  0  0  0  0  0  0  0  0  0  0  0  0  0  0  0  0  0
2A4  0.01  0  0  0.01  0  0  0  0  0  0  0  0  0  0  0  0  0  0  0  0  0  0  0
2A5 46  0  0  0  0  0  0  0  0  0  0  0  0 
4A1  2  0  0  0  0  0  0 .5  4  1  0  0  0  0  0  0  0  0  0  0  0  0  0  0  0
4A2  0  0  0  0  0  0  0  0  0  0.01  0  0  0  0  0  0  0  0  0  0  0  0  0  0
4A3  0  0  0  0  0  0  0  0  0  0  0  0  0  0  0  0  0  0  0  0  0  0  0  0  0
4A4  0.01  0 .1  0  0  0  0  0  0  0  0  0  0  0  0  0  0  0  0  0  0  0  0  0
4A5 45  0  0  0  0  0  0  0  0  0  0  0  0 
4C1 .1  0  0  0  0  0  0 .5  0  5  0  0  0  0  0  0  0  0  0  0  0  0  0  0  0
4C2  0  0  0  0  0  0  0  0  0  0 .1  0  0  0.01.01  0  0  0  0  0  0  0  0  0
4C3.01  0  0  0  0  0  0  0  0  0  0  0  0  0  0  0  0  0  0  0  0  0  0  0  0
4C4  0.01  0 .1.01  0  0  0  0  0  0  0  0  0  0  0  0  0  0  0  0  0  0  0  0
4C5 49  0  0  0  0  0  0  0  0  0  0  0  0 
4E1  4  0  0  0  0  0  0 .5  0.01  0  0  0  0  0  0  0  0  0  0  0  0  0  0  0
4E2  0  0  0  0  0  0  0  0  0  0.01  0  0  0  0.01  0  0  0  0  0  0  0  0  0
4E3  0  0  0  0  0  0  0  0.01  0  0  0  0  0  0  0  0  0  0  0  0  0  0  0  0
4E4  0.01  0  0.01  0  0  0  0  0  0  0  0  0  0  0  0  0  0  0  0  0  0  0  0
4E5 48  0  0  0  0  0  0  0  0  0  0  0  0 
4G1 10  0  0  0  0  0  0  0  2  2  0  0  0  0  0  0  0  0  0  0  0  0  0  0  0
4G2  0  0  0  0  0  0  0  0  0  0.01  0  0  0  0.01  0  0  0  0  0  0  0  0  0
4G3  0  0  0  0  0  0  0  0  0  0  0  0  0  0  0  0  0  0  0  0  0  0  0  0  0
4G4  0.01  0 .1  0  0  0  0  0  0  0  0  0  0  0  0  0  0  0  0  0  0  0  0  0
4G5 46  0  0  0  0  0  0  0  0  0  0  0  0 
4I1  7  0  0  0  0  0  0  0  3  3  0  0  0  0  0  0  0  0  0  0  0  0  0  0  0
4I2  0  0  0  0.01  0  0  0  0  0 .1  0  0  0  0  0  0  0  0  0  0  0  0  0  0
4I3  0  0  0  0  0  0  0  0  0  0  0  0  0  0  0  0  0  0  0  0  0  0  0  0  0
4I4  0.01  0 .1.01  0  0  0  0  0  0  0  0  0  0  0  0  0  0  0  0  0  0  0  0
4I5 46  0  0  0  0  0  0  0  0  0  0  0  0 
6I1  8  0  0  0  0  0  0 .1.01  4  0  0  0  0  0  0  0  0  0  0  0  0  0  0  0
6I2  0  0  0  0  0  0  0  0  0  0  0  0  0  0.01  0  0  0  0  0  0  0  0  0  0
6I3  0  0  0  0  0  0  0  0  0  0  0  0  0  0  0  0  0  0  0  0  0  0  0  0  0
6I4  0.01  0 .5  0  0  0  0  0  0  0  0  0.01  0  0  0  0  0  0  0  0  0  0  0
6I5 47  0  0  0  0  0  0  0  0  0  0  0  0 
6G1  8  0  0  0  0  0  0 .5  1  4  0  0  0  0  0  0  0  0  0  0  0  0  0  0  0
6G2  0  0  0  0  0  0  0  0  0  0  0  0  0  0  0  0  0  0  0  0  0  0  0  0  0
6G3  0  0  0  0  0  0  0  0  0  0  0  0  0  0  0  0  0  0  0  0  0  0  0  0  0
6G4  0.01  0.01  0  0  0  0  0  0  0  0  0  0  0  0  0  0  0  0  0  0  0  0  0
6G5 44  0  0  0  0  0  0  0  0  0  0  0  0 
6E1 12  0  0  0  0  0  0  0  0  3  0  0  0  0  0  0  0  0  0  0  0  0  0  0  0
6E2  0  0  0  0  0  0  0  0  0  0.01  0  0  0  0  0  0  0  0  0  0  0  0  0  0
6E3  0  0  0  0  0  0  0  0  0  0  0  0  0  0  0  0  0  0  0  0  0  0  0  0  0
6E4  0.01  0  0  0  0  0  0  0  0  0  0  0  0  0  0  0  0  0  0  0  0  0  0  0
6E5 46  0  0  0  0  0  0  0  0  0  0  0  0 
6C1 10  0  0  0  0  0  0 .1  0  1  0  0  0  0  0  0  0  0  0  0  0  0  0  0  0
6C2  0  0  0  0.01  0  0  0 .5  0.01  0  0  0.01  0  0  0  0  0  0  0  0  0  0
6C3  0  0  0  0  0  0  0  0  0  0  0  0  0  0  0  0  0  0  0  0  0  0  0  0  0
6C4  0 .1  0 .1  0  0  0  0  0  0  0  0  0  0  0  0  0  0  0  0  0  0  0  0  0
6C5 46  0  0  0  0  0  0  0  0  0  0  0  0 
6A1 .5  0  0  0  0  0  0 .5  2  0.01  0  0  0  0  0  0  0  0  0  0  0  0  0  0
6A2  0  0  0  0  0  0  0  0  0  0 .1  0  0  0.01  0  0  0  0  0  0  0  0  0  0
6A3  0  0  0  0  0  0  0  0  0  0  0  0  0  0  0  0  0  0  0  0  0  0  0  0  0
6A4  0.01  0.01  0  0  0  0  0  0  0  0  0  0  0  0  0  0  0  0  0  0  0  0  0
6A5 46  0  0  0  0  0  0  0  0  0  0  0  0 
8A1  4  0  0  0  0  0  0 .1  1  5  0  0  0  0  0  0  0  0  0  0  0  0  0  0  0
8A2  0  0  0  0  0  0  0  0  0  0.01  0  0  0 .1  0  0  0  0  0  0  0  0  0  0
8A3  0  0  0  0  0  0  0  0  0  0  0  0  0  0  0  0  0  0  0  0  0  0  0  0  0
8A4  0.01  0  1  0  0  0  0  0  0  0  0  0  0  0  0  0  0  0  0  0  0  0  0  0
8A5 47  0  0  0  0  0  0  0  0  0  0  0  0 
8C1  1  0  0  0  0  0  0 .1 .1  3  0  0  0  0  0  0  0  0  0  0  0  0  0  0  0
8C2  0  0  0  0  0  0  0  0  0  0 .1  0  0  0  0  0  0  0  0  0  0  0  0  0  0
8C3  0  0  0  0  0  0  0  0  0  0  0  0  0  0  0  0  0  0  0  0  0  0  0  0  0
8C4  0.01  0 .1.01  0  0  0  0  0  0  0  0  0  0  0  0  0  0  0  0  0  0  0  0
8C5 48  0  0  0  0  0  0  0  0  0  0  0  0 
8E1 12  0  0  0  0  0  0  0  1  1  0  0  0  0  0  0  0  0  0  0  0  0  0  0  0
8E2  0  0  0  0  0  0  0  0  0  0  0  0  0  0  0  0  0  0  0  0  0  0  0  0  0
8E3  0  0  0  0  0  0  0  0  0  0  0  0  0  0  0  0  0  0  0  0  0  0  0  0  0
8E4  0  0  0 .1  0  0  0  0  0  0  0  0  0  0  0  0  0  0  0  0  0  0  0  0  0
8E5 44  0  0  0  0  0  0  0  0  0  0  0  0 
8G1 17  0  0  0  0  0  0 .5  3  1  0  0  0  0  0  0  0  0  0  0  0  0  0  0  0
8G2  0  0  0  0  0  0  0  0  0.01.01  0  0  0  0  0  0.01  0  0  0  0  0  0  0
8G3  0  0  0  0  0  0  0  0  0  0  0  0  0  0  0  0  0  0  0  0  0  0  0  0  0
8G4  0.01  0 .1  0  0  0  0  0  0  0  0  0  0  0  0  0  0  0  0  0  0  0  0  0
8G5 44  0  0  0  0  0  0  0  0  0  0  0  0 
8I1  3  0  0  0  0  0  0 .1  0 10  0  0  0  0  0  0  0  0  0  0  0  0  0  0  0
8I2  0  0  0  0.01  0  0  0  0  0 .1  0  0  0.01  0  0  0  0  0  0  0  0  0  0
8I3  0  0  0  0  0  0  0  0  0 .5  0  0  0  0  0  0  0  0  0  0  0  0  0  0  0
8I4  0.01  0 .1  0  0  0  0  0  0  0  0  0  0  0  0  0  0  0  0  0  0  0  0  0
8I5 46  0  0  0  0  0  0  0  0  0  0  0  0 
0A1  1  0  0  0  0  0  0 .5  4  3  0  0  0  0  0  0  0  0  0  0  0  0  0  0  0
0A2  0  0  0 .1 .5 .1.01  0 .1.01 .5  0 .1  0 .1  0  0 .1  0  0  0  0  0  0  0
0A3  0  0  0  0  0  0  0  0.01  0  0  0  0  0  0  0  0  0  0  0  0  0  0  0  0
0A4  0.01  0 .1.01  0  0  0  0  0  0  0  0  0  0  0  0  0  0  0  0  0  0  0  0
0A5 82  0  0  0  0  0  0  0  0  0  0  0  0
0C1  8  0  0  0  0  0  0  2  5  3  0 .1  0  0  0  0  0  0 .5  0  0  0  0  0  0
0C2  0  0  0 .1 .1  0.01  0 .5.01 .1  0  0  0 .1 .1  0  0  0  0.01  0  0  0  0
0C3  0  0  0  0  0  0  0  0.01 .1  0  0  0  0  0  0  0  0  0  0  0  0  0  0  0
0C4  0 .1  0.01.01  0  0  0  0  0  0  0  0  0  0  0  0  0  0  0  0  0  0  0  0
0C5 78  0  0  0  0  0  0  0  0  0  0  0  0
0E1  1  0  0  0  0  0  0  6  8  2  0  3  0 .5  0  0  0  0 70  0  0  0  0  0  0
0E2  0  0  0 .1  0  0  0  0  0  0  0  0 .1  0.01  0  0  0  0  0 .1  0  0  0  0
0E3  0  0  0  0  0  0  0  0  0  0  0  0  0  0  0  0  0  0  0  0  0  0  0  0  0
0E4  0.01  0  0.01  0  0  0  0  0  0  0  0  0  0  0  0  0  0  0  0  0  0  0  0
0E5 92  0  0  0  0  0  0  0  0  0  0  0  0
0G1  1  0  0  0  0  0  0  1  1  2  0  0  0  0  0  0  0  0  0  0  0  0  0  0  0
0G2  0  0  0.01  0.01  0  0 .1.01 .5  0 .1  0.01 .5  0  0  0  0  0  0  0  0  0
0G3  0  0  0  0  0  0  0  0.01  0  0  0  0  0  0  0  0  0  0  0  0  0  0  0  0
0G4  0 .1  0 .1.01  0  0  0  0  0  0  0  0.01  0  0  0  0  0  0  0  0  0  0  0
0G5 88  0  0  0  0  0  0  0  0  0  0  0  0
0I1  1  0  0  0  0  0  0 .5  1  2  0  0  0  0  0  0  0  0  0  0  0  0  0  0  0
0I2  0  0  0 .1 .1.01.01  0 .1.01  0  0.01  0  0 .5  0  0  0  0  0.01  0  0  0
0I3  0  0  0  0  0  0  0  0  0  0  0  0  0  0  0  0  0  0  0  0  0  0  0  0  0
0I4  0.01  0 .5  0  0  0  0  0  0  0  0 .1  0  0  0  0  0  0  0  0  0  0  0  0
0I5 91  0  0  0  0  0  0  0  0  0  0  0  0
2I1  3  0  0  0  0  0  0  1 .5  1  0  0  0  0  0  0  0  0  0  0  0  0  0  0  0
2I2  0  0  0 .1  0.01.01  0.01  0 .1  0 .1  0  0 .5  0  0  0  0  0  0  0  0  0
2I3  0  0  0  0  0  0  0  0.01  0  0  0  0  0  0  0  0  0  0  0  0  0  0  0  0
2I4  0.01  0  0 .1  0  0  0  0  0  0  0.01  0  0  0  0  0  0  0  0  0  0  0  0
2I5 96  0  0  0  0  0  0  0  0  0  0  0  0
2G1 15  0  0  0  0  0  0  0 .5  3  0 .1  0  0  0  0  0  0  0  0  0  0  0  0  0
2G2  0  0  0  0 .1  0  0  0  0.01 .1  0 .1  0  0 .5  0  0  0  0  0  0  0  0  0
2G3  0  0  0  0  0  0  0  0  0  0  0  0  0  0  0  0  0  0  0  0  0  0  0  0  0
2G4  0.01  0  0.01  0  0  0  0  0  0  0  0  0  0  0  0  0  0  0  0  0  0  0  0
2G5 84  0  0  0  0  0  0  0  0  0  0  0  0
2E1  5  0  0  0  0  0  0  2 .5 10  0  0  0  0  0  0  0  0  0  0  0  0  0  0  0
2E2  0  0  0.01 .1.01.01  0 .1  0 .5  0 .5  0.01 .1  0  0  0  0.01  0  0  0  0
2E3  0  0  0  0  0  0  0  0  0  0  0  0  0  0  0  0  0  0  0  0  0  0  0  0  0
2E4  0.01  0  1.01  0  0  0  0  0  0  0  0  0  0  0  0  0  0  0  0  0  0  0  0
2E5 96  0  0  0  0  0  0  0  0  0  0  0  0
2C1  3  0  0  0  0  0  0  1 .5 12  0  0  0  0  0  0  0  0  0  0  0  0  0  0  0
2C2  0  0  0  0  0.01.01  0  0  0 .5  0  0  0 .1 .5  0  0  0  0  0  0  0  0  0
2C3  0  0  0  0  0  0  0  0  0  0  0  0  0  0  0  0  0  0  0  0  0  0  0  0  0
2C4  0 .1  0 .5  0  0  0  0  0  0  0  0  0  0  0  0  0  0  0  0  0  0  0  0  0
2C5 93  0  0  0  0  0  0  0  0  0  0  0  0
2A1  4  0  0  0  0  0  0  2  2  6  0 .1 .5  0  0  0  0  0  0  0  0  0  0  0  0
2A2  0  0  0.01 .1.01.01  0 .1.01 .5  0 .1  0 .1 .1  0  0  0  0  0  0  0  0  0
2A3  0  0  0  0  0  0  0  0  0  0  0  0  0  0  0  0  0  0  0  0  0  0  0  0  0
2A4  0 .1  0  0  0.01  0  0  0  0  0  0  0  0  0  0  0  0  0  0  0  0  0  0  0
2A5 88  0  0  0  0  0  0  0  0  0  0  0  0
4A1  1  0  0  0  0  0  0  2  4  1  0  0  0  0  0  0  0  0  0  0  0  0  0  0  0
4A2  0  0  0 .1 .1.01.01  0 .1  0 .5  0 .1  0 .5  0  0  0  0  0  0  0  0  0  0
4A3  0  0  0  0  0  0  0  0.01  0  0  0  0  0  0  0  0  0  0  0  0  0  0  0  0
4A4  0 .1  0 .1  0  0  0  0  0  0  0  0  0  0  0  0  0  0  0  0  0  0  0  0  0
4A5 84  0  0  0  0  0  0  0  0  0  0  0  0
4C1 .1  0  0  0  0  0  0 .5  1  3  0  0  0  0  0  0  0  0  0  0  0  0  0  0  0
4C2  0  0  0  0  0.01  0  0  0.01 .5.01 .1  0 .1 .1  0  0  0  0  0  0  0  0  0
4C3  0  0  0  0  0  0  0  0 .1  0  0  0  0  0  0  0  0  0  0  0  0  0  0  0  0
4C4  0 .1  0.01.01  0  0  0  0  0  0  0  0  0  0  0  0  0  0  0  0  0  0  0  0
4C5 92  0  0  0  0  0  0  0  0  0  0  0  0
4E1  5  0  0  0  0  0  0  1  0  0  0  0  0  0  0  0  0  0  0  0  0  0  0  0  0
4E2  0  0  0 .1  0  0  0  0  0.01 .1  0 .1  0 .1 .1  0  0  0  0  0  0  0  0  0
4E3  0  0  0  0  0  0  0  0.01  0  0  0  0  0  0  0  0  0  0  0  0  0  0  0  0
4E4  0 .1  0  0.01  0  0  0  0  0  0  0  0  0  0  0  0  0  0  0  0  0  0  0  0
4E5 93  0  0  0  0  0  0  0  0  0  0  0  0
4G1 12  0  0  0  0  0  0  0  2 .5  0  0  0  0  0  0  0  0  0  0  0  0  0  0  0
4G2  0  0  0.01  0  0  0  0 .1.01 .1  0 .1  0 .1 .1  0  0  0  0  0  0  0  0  0
4G3  0  0  0  0  0  0  0  0.01  0  0  0  0  0  0  0  0  0  0  0  0  0  0  0  0
4G4  0  0  0  0.01  0  0  0  0  0  0  0  0  0  0  0  0  0  0  0  0  0  0  0  0
4G5 88  0  0  0  0  0  0  0  0  0  0  0  0
4I1  7  0  0  0  0  0  0  0  3  3  0  0  0  0  0  0  0  0  0  0  0  0  0  0  0
4I2  0  0  0.01 .1.01.01  0 .1  0 .1.01 .1  0 .1  0  0  0  0  0  0  0  0  0  0
4I3  0  0  0  0  0  0  0  0.01  0  0  0  0  0  0  0  0  0  0  0  0  0  0  0  0
4I4  0.01  0  0.01  0  0  0  0  0  0  0  0  0  0  0  0  0  0  0  0  0  0  0  0
4I5 94  0  0  0  0  0  0  0  0  0  0  0  0
6I1  5  0  0  0  0  0  0 .5  0  3  0  0  0  0  0  0  0  0  0  0  0  0  0  0  0
6I2  0  0  0.01 .1  0  0  0 .1.01 .1  0.01  0  0  0  0  0  0  0  0  0  0  0  0
6I3  0  0  0  0  0  0  0  0.01  0  0  0  0  0  0  0  0  0  0  0  0  0  0  0  0
6I4  0 .1  0 .5.01  0  0  0  0  0  0  0  0  0  0  0  0  0  0  0  0  0  0  0  0
6I5 97  0  0  0  0  0  0  0  0  0  0  0  0
6G1 10  0  0  0  0  0  0 .5  1  0  0  0  0  0  0  0  0  0  0  0  0  0  0  0  0
6G2  0  0  0 .1  0  0  0  0  0  0 .1  0 .1  0  0  0  0  0  0  0  0  0  0  0  0
6G3  0  0  0  0  0  0  0  0  0  0  0  0  0  0  0  0  0  0  0  0  0  0  0  0  0
6G4  0.01  0.01.01  0  0  0  0  0  0  0  0  0  0  0  0  0  0  0  0  0  0  0  0
6G5 94  0  0  0  0  0  0  0  0  0  0  0  0
6E1  5  0  0  0  0  0  0  0  0  2  0  0  0  0  0  0  0  0  0  0  0  0  0  0  0
6E2  0  0  0  0 .1  0  0  0  0  0 .1  0 .1 .1  0  0  0  0  0  0  0  0  0  0  0
6E3  0  0  0  0  0  0  0  0.01  0  0  0  0  0  0  0  0  0  0  0  0  0  0  0  0
6E4  0.01  0  0.01  0  0  0  0  0  0  0  0  0  0  0  0  0  0  0  0  0  0  0  0
6E5 93  0  0  0  0  0  0  0  0  0  0  0  0
6C1  7  0  0  0  0  0  0  1  0 .5  0  0  0  0  0  0  0  0  0  0  0  0  0  0  0
6C2  0  0  0 .1  0  0  0  0 .5.01 .1  0 .1  0 .1  0  0  0  0  0  0  0  0  0  0
6C3  0  0  0  0  0  0  0  0  0  0  0  0  0  0  0  0  0  0  0  0  0  0  0  0  0
6C4  0  0  0  0.01  0  0  0  0  0  0  0  0  0  0  0  0  0  0  0  0  0  0  0  0
6C5 88  0  0  0  0  0  0  0  0  0  0  0  0
6A1 .5  0  0  0  0  0  0  1  2  1 .5  0  0  0  0  0  0  0  0  0  0  0  0  0  0
6A2  0  0  0.01  0.01 .1  0  0.01 .5.01 .5  0 .5  0  0  0  0  0.01  0  0  0  0
6A3  0  0  0  0  0  0  0  0  0  0  0  0  0  0  0  0  0  0  0  0  0  0  0  0  0
6A4  0 .1  0 .1.01  0  0  0  0  0  0  0  0  0  0  0  0  0  0  0  0  0  0  0  0
6A5 90  0  0  0  0  0  0  0  0  0  0  0  0
8A1  3  0  0  0  0  0  0 .5 .5  5  0  0  0  0  0  0  0  0  0  0  0  0  0  0  0
8A2  0  0  0  0 .1  0.01  0  0.01 .1  0 .1  0 .1  0  0  0  0  0  0  0  0  0  0
8A3  0  0  0  0  0  0  0  0.01  0  0  0  0  0  0  0  0  0  0  0  0  0  0  0  0
8A4  0 .1  0 .1.01  0  0  0  0  0  0  0  0  0  0  0  0  0  0  0  0  0  0  0  0
8A5 88  0  0  0  0  0  0  0  0  0  0  0  0
8C1  1  0  0  0  0  0  0 .5 .5  3  0  0  0  0  0  0  0  0  0  0  0  0  0  0  0
8C2  0  0  0  0  0  0.01  0  0.01 .1.01  0  0.01  0  0  0  0  0  0  0  0  0  0
8C3  0  0  0  0  0  0  0  0.01  0  0  0  0  0  0  0  0  0  0  0  0  0  0  0  0
8C4  0 .1  0  0 .1  0  0  0  0  0  0  0  0  0  0  0  0  0  0  0  0  0  0  0  0
8C5 93  0  0  0  0  0  0  0  0  0  0  0  0
8E1 12  0  0  0  0  0  0  0 .5  1  0  0  0  0  0  0  0  0  0  0  0  0  0  0  0
8E2  0  0  0  0  0  0  0  0  0  0  0  0  0  0  0  0  0  0  0  0  0  0  0  0  0
8E3  0  0  0  0  0  0  0  0  0  0  0  0  0  0  0  0  0  0  0  0  0  0  0  0  0
8E4  0.01  0 .1.01  0  0  0  0  0  0  0  0  0  0  0  0  0  0  0  0  0  0  0  0
8E5 88  0  0  0  0  0  0  0  0  0  0  0  0
8G1 18  0  0  0  0  0  0  1  2 .5  0  0  0  0  0  0  0  0  0  0  0  0  0  0  0
8G2  0  0  0.01  0  0  0  0 .1  0 .1  0 .1  0  0  0  0 .1  0  0  0  0  0  0  0
8G3  0  0  0  0  0  0  0  0.01  0  0  0  0  0  0  0  0  0  0  0  0  0  0  0  0
8G4  0.01  0  0.01  0  0  0  0  0  0  0  0  0  0  0  0  0  0  0  0  0  0  0  0
8G5 88  0  0  0  0  0  0  0  0  0  0  0  0
8I1  9  0  0  0  0  0  0  1  0 12  0  0  0  0  0  0  0  0  0  0  0  0  0  0  0
8I2  0  0  0.01 .1 .1 .1  0  0  0 .5  0 .1  0 .1  0  0  0  0  0  0  0  0  0  0
8I3  0  0  0  0  0  0  0  0.01  0  0  0  0  0  0  0  0  0  0  0  0  0  0  0  0
8I4  0 .1  0 .1  0  0  0  0  0  0  0  0  0  0  0  0  0  0  0  0  0  0  0  0  0
8I5 87  0  0  0  0  0  0  0  0  0  0  0  0
