0A15. 0. 0. 0. 0. 0. 0. 8. 20.5. 0. 0. .1 0. 0. 0. 0. 0. 0. 0. 0. 0. 0. 0. 0.
0A20. 0. 0. .1 0. 0. 0. .1 3. .1 0. 0. 0. 0. 0. .01.5 0. .010. .1 0. 0. .5 0.
0A30. 0. 0. 0. 0. 0. 0. 0. 0. 0. 0. 0. 0. 0. 0. 0. 0. 0. 0. 0. 0. 0. 0. 0. 0.
0A40. .1 0. 0. .1 .5 0. 0. 0. 0. 0. 0. 0. 0. 0. 0. 0. 0. 0. 0. 0. 0. 0. 0. 0.
0A562.0. 0. 0. 0. 0. 0. 0.
0C15. 0. 0. 0. 0. 0. 0. 2. .1 17.0. 0. .1 0. 0. 0. 0. 0. 0. 0. 0. 0. 0. 0. 0.
0C20. 0. 0. .5 0. 0. 0. .01.1 0. 0. 0. 0. .1 0. .1 .1 0. 0. 0. 0. 0. 0. 1. 0.
0C30. 0. 0. 0. 0. 0. 0. 0. 0. 0. 0. 0. 0. 0. 0. 0. 0. 0. 0. 0. 0. 0. 0. 0. 0.
0C40. .1 .010. .1 .5 0. 0. 0. 0. 0. 0. 0. 0. 0. 0. 0. 0. 0. 0. 0. 0. 0. 0. 0.
0C562.0. 0. 0. 0. 0. 0. 0.
0E11. 0. 0. 0. 0. 0. 0. 1. 10.12.0. 0. .1 0. 0. 0. 0. 0. 0. 0. 0. 0. 0. 0. 0.
0E20. 0. 0. .5 0. 0. 0. .011. .010. 0. 0. 1. 0. .1 1. 0. 0. 0. 0. 0. 0. .5 0.
0E30. 0. 0. 0. 0. 0. 0. 0. 0. 0. 0. 0. 0. 0. 0. 0. 0. 0. 0. 0. 0. 0. 0. 0. 0.
0E40. .1 .010. 0. 0. 0. 0. 0. 0. 0. 0. 0. 0. 0. 0. 0. 0. 0. 0. 0. 0. 0. 0. 0.
0E562.0. 0. 0. 0. 0. 0. 0.
0G12. 0. 0. 0. 0. 0. 0. 3. 20.15.0. 0. 0. 0. 0. 0. 0. 0. 0. 0. 0. 0. 0. 0. 0.
0G20. 0. 0. 1. 0. 0. 0. .011. .010. 0. 0. 0. 0. .1 .5 0. 0. 0. 0. 0. 0. 4. 0.
0G30. 0. 0. 0. 0. 0. 0. 0. 0. 0. 0. 0. 0. 0. 0. 0. 0. 0. 0. 0. 0. 0. 0. 0. 0.
0G40. .1 1. 0. 0. 0. 0. 0. 0. 0. 0. 0. 0. 0. 0. 0. 0. 0. 0. 0. 0. 0. 0. 0. 0.
0G562.0. 0. 0. 0. 0. 0. 0.
0I1.1 0. 0. 0. 0. 0. 0. 1. 15.15.0. 0. .5 0. 0. 0. 0. 0. 0. 0. 0. 0. 0. 0. 0.
0I20. 0. 0. 1. 0. 0. 0. .1 .5 0. 0. 0. 0. 0. 0. .1 .5 .1 0. 0. 0. 0. 0. 1. 0.
0I30. 0. 0. 0. 0. 0. 0. 0. 0. 0. 0. 0. 0. 0. 0. 0. 0. 0. 0. 0. 0. 0. 0. 0. 0.
0I40. .1 .1 0. 0. 0. 0. 0. 0. 0. 0. 0. 0. 0. 0. 0. 0. 0. 0. 0. 0. 0. 0. 0. 0.
0I562.0. 0. 0. 0. 0. 0. 0.
2A13. 0. 0. 0. 0. 0. 0. 5. 5. 25.0. 0. 0. 0. 0. 0. 0. 0. 0. 0. 0. 0. 0. 0. 0.
2A20. 0. 0. .1 0. 0. 0. .011. .1 0. 0. 0. .5 0. 0. .5 .1 0. 0. 0. 0. 0. 0. 0.
2A30. 0. 0. 0. 0. 0. 0. 0. 0. 0. 0. 0. 0. 0. 0. 0. 0. 0. 0. 0. 0. 0. 0. 0. 0.
2A40. .1 0. 0. .010. 0. 0. 0. 0. 0. 0. 0. 0. 0. 0. 0. 0. 0. .1 0. 0. 0. 0. 0.
2A562.0. 0. 0. 0. 0. 0. 0.
2C17. 0. 0. 0. 0. 0. 0. 1. 3. 20.0. 0. .1 0. 0. 0. 0. 0. 0. 0. 0. 0. 0. 0. 0.
2C20. 0. 0. .5 0. 0. 0. .01.5 .010. 0. 0. .1 0. .01.1 .1 0. 0. 0. 0. 0. .5 0.
2C30. 0. 0. 0. 0. 0. 0. 0. 0. 0. 0. 0. 0. 0. 0. 0. 0. 0. 0. 0. 0. 0. 0. 0. 0.
2C40. .1 .1 0. 0. 0. 0. 0. 0. 0. 0. 0. 0. 0. 0. 0. 0. 0. 0. 0. 0. 0. 0. 0. 0.
2C563.0. 0. 0. 0. 0. 0. 0.
2E15. 0. 0. 0. 0. 0. 0. 5. 12.15.0. 0. 1. 0. 0. 0. 0. 0. 0. 0. 0. 0. 0. 0. 0.
2E20. 0. 0. 5. 0. 0. 0. .1 .1 0. 0. 0. 0. .5 0. .1 .5 0. 0. 0. 0. 0. 0. .5 0.
2E30. 0. 0. 0. 0. 0. 0. 0. 0. 0. 0. 0. 0. 0. 0. 0. 0. 0. 0. 0. 0. 0. 0. 0. 0.
2E40. .5 .010. 0. 0. 0. 0. 0. 0. 0. 0. 0. 0. 0. 0. 0. 0. 0. 0. 0. 0. 0. 0. 0.
2E563.0. 0. 0. 0. 0. 0. 0.
2G10. 0. 0. 0. 0. 0. 0. 15.2. 25.0. 0. 0. 0. 0. 0. 0. 0. 0. 1. 0. 0. 0. 0. 0.
2G20. 0. 0. 2. 0. 0. 0. .1 .5 0. 0. 0. 0. .5 0. .1 .010. 0. 0. 0. 0. 0. 3. 0.
2G30. 0. 0. 0. 0. 0. 0. 0. 0. 0. 0. 0. 0. 0. 0. 0. 0. 0. 0. 0. 0. 0. 0. 0. 0.
2G40. .1 .5 0. 0. 0. 0. 0. 0. 0. 0. 0. 0. 0. 0. 0. 0. 0. 0. 0. 0. 0. 0. 0. 0.
2G64. 0. 0. 0. 0. 0. 0. 0.
2I110.0. 0. 0. 0. 0. 0. 4. 8. 15.0. 0. .1 0. 0. 0. 0. 0. 0. 0. 0. 0. 0. 0. 0.
2I20. 0. 0. 1. 0. 0. 0. 0. .1 0. 0. 0. 0. .5 0. .1 .1 .010. 0. 0. 0. 0. .5 0.
2I30. 0. 0. 0. 0. 0. 0. 0. 0. 0. 0. 0. 0. 0. 0. 0. 0. 0. 0. 0. 0. 0. 0. 0. 0.
2I40. .1 0. 0. 0. 0. 0. 0. 0. 0. 0. 0. 0. 0. 0. 0. 0. 0. 0. 0. 0. 0. 0. 0. 0.
2I563.0. 0. 0. 0. 0. 0. 0.
4A15. 0. 0. 0. 0. 0. 0. 1. 4. 12.0. 0. .1 0. 0. 0. 0. 0. 0. 0. 0. 0. 0. 0. 0.
4A20. 0. 0. 1. 0. 0. 0. .1 2. 0. 0. 0. 0. .010. 0. .1 .1 0. 0. 0. 0. 0. .5 0.
4A30. 0. 0. 0. 0. 0. 0. 0. 0. 0. 0. 0. 0. 0. 0. 0. 0. 0. 0. 0. 0. 0. 0. 0. 0.
4A40. .1 .1 0. 0. 0. 0. 0. 0. 0. 0. 0. 0. 0. 0. 0. 0. 0. 0. 0. 0. 0. 0. 0. 0.
4A562.0. 0. 0. 0. 0. 0. 0.
4C110.0. 0. 0. 0. 0. 0. 2. 6. 8. 0. 0. .010. 0. 0. 0. 0. 0. 0. 0. 0. 0. 0. 0.
4C20. 0. 0. 1. 0. 0. 0. .1 .5 0. 0. 0. 0. .5 0. .010. .1 0. 0. 0. 0. 0. 1. 0.
4C30. 0. 0. 0. 0. 0. 0. 0. 0. 0. 0. 0. 0. 0. 0. 0. 0. 0. 0. 0. 0. 0. 0. 0. 0.
4C40. .1 .1 0. 0. 0. 0. 0. 0. 0. 0. 0. 0. 0. 0. 0. 0. 0. 0. 0. 0. 0. 0. 0. 0.
4C562.0. 0. 0. 0. 0. 0. 0.
4E1.1 0. 0. 0. 0. 0. 0. 4. 2. 25.0. 0. .1 0. 0. 0. 0. 0. 0. 0. 0. 0. 0. 0. 0.
4E20. 0. 0. 3. 0. 0. 0. .011. 0. 0. 0. 0. .5 0. 0. .5 .1 0. 0. 0. 0. 0. 3. 0.
4E30. 0. 0. 0. 0. 0. 0. 0. 0. 0. 0. 0. 0. 0. 0. 0. 0. 0. 0. 0. 0. 0. 0. 0. 0.
4E40. .5 .010. 0. 0. 0. 0. 0. 0. 0. 0. 0. 0. 0. 0. 0. 0. 0. 0. 0. 0. 0. 0. 0.
4E564.0. 0. 0. 0. 0. 0. 0.
4G13. 0. 0. 0. 0. 0. 0. 12.15.15.0. 0. 0. 0. 0. 0. 0. 0. 0. 0. 0. 0. 0. 0. 0.
4G20. 0. 0. 1. 0. 0. 0. .1 2. 0. 0. 0. 0. .5 0. .1 .5 .1 0. 0. 0. 0. 0. .5 0.
4G30. 0. 0. 0. 0. 0. 0. 0. 0. 0. 0. 0. 0. 0. 0. 0. 0. 0. 0. 0. 0. 0. 0. 0. 0.
4G40. .1 0. 0. 0. 0. 0. 0. 0. 0. 0. 0. 0. 0. 0. 0. 0. 0. 0. 0. 0. 0. 0. 0. 0.
4G563.0. 0. 0. 0. 0. 0. 0.
4I112.0. 0. 0. 0. 0. 0. 4. 4. 9. 0. 0. .1 0. 0. 0. 0. 0. 0. 0. 0. 0. 0. 0. 0.
4I20. 0. 0. 1. 0. 0. 0. .5 2. .010. 0. 0. 1. 0. .01.5 .010. 0. 0. 0. 0. 2. 0.
4I30. 0. 0. 0. 0. 0. 0. 0. 0. 0. 0. 0. 0. 0. 0. 0. 0. 0. 0. 0. 0. 0. 0. 0. 0.
4I40. .010. 0. .010. 0. 0. 0. 0. 0. 0. 0. 0. 0. 0. 0. 0. 0. 0. 0. 0. 0. 0. 0.
4I566.0. 0. 0. 0. 0. 0. 0.
6A110.0. 0. 0. 0. 0. 0. 3. 4. 10.0. 0. 0. 0. 0. 0. 0. 0. 0. 0. 0. 0. 0. 0. 0.
6A20. 0. 0. 2. 0. 0. 0. .5 1. .010. 0. 0. .5 0. .012. .1 0. 0. 0. 0. 0. 3. 0.
6A30. 0. 0. 0. 0. 0. 0. 0. 0. 0. 0. 0. 0. 0. 0. 0. 0. 0. 0. 0. 0. 0. 0. 0. 0.
6A40. .5 .5 0. 0. 0. 0. 0. 0. 0. 0. 0. 0. 0. 0. 0. 0. 0. 0. 0. 0. 0. 0. 0. 0.
6A565.0. 0. 0. 0. 0. 0. 0.
6C123.0. 0. 0. 0. 0. 0. 5. 6. 20.0. 0. .5 0. 0. 0. 0. 0. 0. 0. 0. 0. 0. 0. 0.
6C20. 0. 0. 1. 0. 0. 0. .5 2. .1 0. 0. 0. 1. 0. 0. 3. .1 0. 0. 0. 0. 0. 3. 0.
6C30. 0. 0. 0. 0. 0. 0. 0. 0. 0. 0. 0. 0. 0. 0. 0. 0. 0. 0. 0. 0. 0. 0. 0. 0.
6C40. .1 .1 0. 0. 0. 0. 0. 0. 0. 0. 0. 0. 0. 0. 0. 0. 0. 0. 0. 0. 0. 0. 0. 0.
6C564.0. 0. 0. 0. 0. 0. 0.
6E112.0. 0. 0. 0. 0. 0. 6. 8. 15.0. 0. .1 0. 0. 0. 0. 0. 0. 0. 0. 0. 0. 0. 0.
6E20. 0. 0. 3. 0. 0. 0. .012. 0. 0. 0. 0. 2. 0. 0. 1. .5 0. 0. 0. 0. 0. 3. 0.
6E30. 0. 0. 0. 0. 0. 0. 0. 0. 0. 0. 0. 0. 0. 0. 0. 0. 0. 0. 0. 0. 0. 0. 0. 0.
6E40. .1 .5 0. 0. 0. 0. 0. 0. 0. 0. 0. 0. 0. 0. 0. 0. 0. 0. 0. 0. 0. 0. 0. 0.
6E565.0. 0. 0. 0. 0. 0. 0.
6G119.0. 0. 0. 0. 0. 0. 4. 5. 15.0. 0. .1 0. 0. 0. 0. 0. 0. 0. 0. 0. 0. 0. 0.
6G20. 0. 0. 4. 0. 0. 0. .1 3. 0. 0. 0. 0. 2. 0. 0. 3. .1 0. 0. 0. 0. 0. 3. 0.
6G30. 0. 0. 0. 0. 0. 0. 0. 0. 0. 0. 0. 0. 0. 0. 0. 0. 0. 0. 0. 0. 0. 0. 0. 0.
6G40. .5 .1 0. 0. .1 0. 0. 0. 0. 0. 0. 0. 0. 0. 0. 0. 0. 0. 0. 0. 0. 0. 0. 0.
6G564.0. 0. 0. 0. 0. 0. 0.
6I114.0. 0. 0. 0. 0. 0. 3. 3. 18.0. 0. .5 0. 0. 0. 0. 0. 0. 0. 0. 0. 0. 0. 0.
6I20. 0. 0. 1. 0. 0. 0. .1 1. 0. 0. 0. 0. 1. 0. .1 2. 0. 0. 0. 0. 0. 0. .5 0.
6I30. 0. 0. 0. 0. 0. 0. 0. 0. 0. 0. 0. 0. 0. 0. 0. 0. 0. 0. 0. 0. 0. 0. 0. 0.
6I40. .1 0. 0. .01.010. 0. 0. 0. 0. 0. 0. 0. 0. 0. 0. 0. 0. 0. 0. 0. 0. 0. 0.
6I565.0. 0. 0. 0. 0. 0. 0.
8A120.0. 0. 0. 0. 0. 0. 8. 10.12.0. 0. 0. 0. 0. 0. 0. 0. 0. 0. 0. 0. 0. 0. 0.
8A20. 0. 0. .5 0. 0. 0. .5 5. .010. 0. 0. 2. 0. .1 2. .1 0. 0. 0. 0. 0. 3. 0.
8A30. 0. 0. 0. 0. 0. 0. 0. 0. 0. 0. 0. 0. 0. 0. 0. 0. 0. 0. 0. 0. 0. 0. 0. 0.
8A40. .01.1 0. 0. 0. 0. 0. 0. 0. 0. 0. 0. 0. 0. 0. 0. 0. 0. 0. 0. 0. 0. 0. 0.
8A564.0. 0. 0. 0. 0. 0. 0.
8C111.0. 0. 0. 0. 0. 0. 6. 6. 15..5 0. .5 0. 0. 0. 0. 0. 0. 0. 0. 0. 0. 0. 0.
8C20. 0. 0. .1 0. 0. 0. .1 2. .1 0. 0. 0. 1. 0. .1 .5 .1 0. 0. 0. 0. 0. 3. 0.
8C30. 0. 0. 0. 0. 0. 0. 0. 0. 0. 0. 0. 0. 0. 0. 0. 0. 0. 0. 0. 0. 0. 0. 0. 0.
8C40. .1 .5 0. 0. 0. 0. 0. 0. 0. 0. 0. 0. 0. 0. 0. 0. 0. 0. 0. 0. 0. 0. 0. 0.
8C562.0. 0. 0. 0. 0. 0. 0.
8E17. 0. 0. 0. 0. 0. 0. 3. 5. 13.0. 0. .1 0. 0. 0. 0. 0. 0. 0. 0. 0. 0. 0. 0.
8E20. 0. 0. 1. 0. 0. 0. 1. 3. .010. 0. 0. 4. 0. .1 .5 0. 0. 0. 0. 0. 0. 4. 0.
8E30. 0. 0. 0. 0. 0. 0. 0. 0. 0. 0. 0. 0. 0. 0. 0. 0. 0. 0. 0. 0. 0. 0. 0. 0.
8E40. .5 .1 0. 0. 0. 0. 0. 0. 0. 0. 0. 0. 0. 0. 0. 0. 0. 0. 0. 0. 0. 0. 0. 0.
8E564.0. 0. 0. 0. 0. 0. 0.
8G118.0. 0. 0. 0. 0. 0. 5. 5. 9. 0. 0. 0. 0. 0. 0. 0. 0. 0. 0. 0. 0. 0. 0. 0.
8G20. 0. 0. 3. 0. 0. 0. .5 4. .010. 0. 0. 3. 0. 0. 1. 0. 0. 0. 0. 0. 0. 2. 0.
8G30. 0. 0. 0. 0. 0. 0. 0. 0. 0. 0. 0. 0. 0. 0. 0. 0. 0. 0. 0. 0. 0. 0. 0. 0.
8G40. .5 1. 0. .010. 0. 0. 0. 0. 0. 0. 0. 0. 0. 0. 0. 0. 0. 0. 0. 0. 0. 0. 0.
8G564.0. 0. 0. 0. 0. 0. 0.
8I18. 0. 0. 0. 0. 0. 0. 6. 4. 11.0. 0. .1 0. 0. 0. 0. 0. 0. 0. 0. 0. 0. 0. 0.
8I20. 0. 0. 2. 0. 0. 0. .5 4. 0. 0. 0. 0. 2. 0. .1 2. .01.010. 0. 0. 0. 2. 0.
8I30. 0. 0. 0. 0. 0. 0. 0. 0. 0. 0. 0. 0. 0. 0. 0. 0. 0. 0. 0. 0. 0. 0. 0. 0.
8I40. .5 0. 0. .1 .1 0. 0. 0. 0. 0. 0. 0. 0. 0. 0. 0. 0. 0. 0. 0. 0. 0. 0. 0.
8I563.0. 0. 0. 0. 0. 0. 0.
