0A1 12  0  0  0  0  0  0.01  1  1 .1  0  0  0  0  0  0  0  2  0  0  0  0  0  0
0A2  0  0  0  0  0  0  0  0  1  0  0  0  0  0  0  0  0  0  0  0  0  0  0  0  0
0A3  0  0  0  0  0  0  0  0  0  0  0  0  0  0  0  0  0  0  0  0  0  0  0  0  0
0A4  0.01.01 .1  0  0  0  0  0  0  0  0  0  0  0  0  0  0  0  0  0  0  0  0  0
0A5 39  0  0  0  0  0  0  0  0  0  0  0  0 
0C1  8  0  0  0  0  0  0  0  5  4 .1  0  0  0  0  0  0  0  0  0  0  0  0  0  0
0C2  0  0  0  0  0  0  0  0  2  0  0  0  0  0  0 .1  0  0  0  0  0  0  0  0  0
0C3  0  0  0  0  0  0  0  0  0  0  0  0  0  0  0  0  0  0  0  0  0  0  0  0  0
0C4  0.01.01 .1  0  0  0  0  0  0  0  0  0  0  0  0.01  0  0  0  0  0  0  0  0
0C5 40  0  0  0  0  0  0  0  0  0  0  0  0 
0E1 12  0  0  0  0  0  0  0 14 10 .1  0  0  0  0  0  0  0  0  0  0  0  0  0  0
0E2  0  0  0  0  0  0  0  0  0  0  0  0  0  0.01.01  0  0  0  0  0  0  0  0  0
0E3  0  0  0  0  0  0  0  0  0  0  0  0  0  0  0  0  0  0  0  0  0  0  0  0  0
0E4  0.01.01 .1  0  0  0  0  0  0  0  0  0  0  0  0.01  0  0  0  0  0  0  0  0
0E5 40  0  0  0  0  0  0  0  0  0  0  0  0 
0G1 15  0  0  0  0  0  0  0  6  0 .1  0  0  0  0  0  0  0 .5  0  0  0  0  0  0
0G2  0  0  0  0  0  0  0  0  0  0  0  0  0  0 .1 .1  0  0  0  0  0  0  0  0  0
0G3  0  0  0  0  0  0  0  0  0  0  0  0  0  0  0  0  0  0  0  0  0  0  0  0  0
0G4  0.01 .1 .5  0  0  0  0  0  0  0  0  0  0  0  0.01  0  0  0  0  0  0  0  0
0G5 41  0  0  0  0  0  0  0  0  0  0  0  0 
0I1  3  0 .5  0  0  0  0  0  4 12 .1  0  0  0  0  0  0  0  0  0  0  0  0  0  0
0I2  0  0  0  0  0  0  0  0  0  0.01  0  0.01 .1.01  0  0  0  0  0  0  0  0  0
0I3  0  0  0  0  0  0  0  0  0  0  0  0  0  0  0  0  0  0  0  0  0  0  0  0  0
0I4  0.01.01 .1  0  0  0  0  0  0  0  0  0  0  0  0.01  0  0  0  0  0  0  0  0
0I5 43  0  0  0  0  0  0  0  0  0  0  0  0 
2I1  9  0  0  0  0  0  0  1 12  8 .1  0  0  0  0  0  0  0  0  0  0  0  0  0  0
2I2  0  0  0  0  0  0  0  0  1  0  0  0  0  0.01.01  0  0  0  0  0  0  0  0  0
2I3  0  0  0  0  0  0  0  0  0  0  0  0  0  0  0  0  0  0  0  0  0  0  0  0  0
2I4  0.01 .1 .1  0  0  0  0  0  0  0  0  0  0  0  0.01  0  0  0  0  0  0  0  0
2I5 40  0  0  0  0  0  0  0  0  0  0  0  0 
2G1  0  0  0  0  0  0  0 .5 12  3 .1  0  0  0  0  0  0  0 .5  0  0  0  0  0  0
2G2  0  0  0  0  0  0  0  0  3  0  0  0  0  0 .1  0  0  0  0  0  0  0  0 .5  0
2G3  0  0  0  0  0  0  0  0  0  0  0  0  0  0  0  0  0  0  0  0  0  0  0  0  0
2G4  0.01 .1 .1  0  0  0  0  0  0  0  0  0  0  0  0.01  0  0  0  0  0  0  0  0
2G5 40  0  0  0  0  0  0  0  0  0  0  0  0 
2E1  6  0  0  0  0  0  0.01  8 10 .5  0  0  0.01  0  0  0  0  0  0  0  0  0  0
2E2  0  0  0  0  0  0  0  0  0  0  0  0  0  0  0  0  0  0  0  0  0  0  0  0  0
2E3  0  0  0  0  0  0  0  0  0  0  0  0  0  0  0  0  0  0  0  0  0  0  0  0  0
2E4  0.01 .1 .1  0  0  0  0  0  0  0  0  0  0  0  0.01  0  0  0  0  0  0  0  0
2E5 40  0  0  0  0  0  0  0  0  0  0  0  0 
2C1  5  0  0  0  0  0  0  1  7  7 .1  0  0  0  0  0  0  0  0  0  0  0  0  0  0
2C2  0  0  0  0  0  0  0  0  4  0  0  0  0  0 .1  0  0  0  0  0  0  0  0  0  0
2C3  0  0  0  0  0  0  0  0  0  0  0  0  0  0  0  0  0  0  0  0  0  0  0  0  0
2C4  0.01.01 .1  0  0  0  0  0  0  0  0  0  0  0  0  0  0  0  0  0  0  0  0  0
2C5 39  0  0  0  0  0  0  0  0  0  0  0  0 
2A1  4  0  0  0  0  0  0  0  3  0 .1  0  0  0  0  0  0  0  2  1  0  0  0  0  0
2A2  0  0  0  0  0  0  0  0 .5  0  0 .1  0  0  0  0  0  0  0  1  0  0  0  1  0
2A3  0  0  0  0  0  0  0  0  0  0  0  0  0  0  0  0  0  0  0  0  0  0  0  0  0
2A4  0  0.01  0  0  0  0  0  0  0  0  0  0  0  0  0  0  0  0  0  0  0  0  0  0
2A5 40  0  0  0  0  0  0  0  0  0  0  0  0 
4A1  4  0  0  0  0  0  0 .1  2  0  0  0  0  0  0  0  0  0  4  0  0  0  0  0  0
4A2  0  0  0  0  0  0  0  0 .5  0  0  0  0  0  0  0  0  0  0  0  0  0  0 .5  0
4A3  0  0  0  0  0  0  0  0  0  0  0  0  0  0  0  0  0  0  0  0  0  0  0  0  0
4A4  0  0.01  0  0  0  0  0  0  0  0  0  0  0  0  0.01  0  0  0  0  0  0  0  0
4A5 40  0  0  0  0  0  0  0  0  0  0  0  0 
4C1 12  0  0  0  0  0  0 .5 15  4 .1  0  0  0  0  0  0  0  0  0  0  0  0  0  0
4C2  0  0  0  0  0  0  0  0  4  0  0  0  0  0  0  0  0  0  0  0  0  0  0  0  0
4C3  0  0  0  0  0  0  0  0  0  0  0  0  0  0  0  0  0  0  0  0  0  0  0  0  0
4C4  0  0 .1.01  0  0  0  0  0  0  0  0  0  0  0  0  0  0  0  0  0  0  0  0  0
4C5 40  0  0  0  0  0  0  0  0  0  0  0  0 
4E1  3  0  0  0  0  0  0 .1  5  4 .1  0  0  0  0  0  0  0  1  0  0  0  0  0  0
4E2  0  0  0  0  0  0  0  0  4  0  0  0  0  0 .1  0  0 .1  0  0  0  0  0  0  0
4E3  0  0  0 .1  0  0  0  0  0  0  0  0  0  0  0  0  0  0  0  0  0  0  0  0  0
4E4  0.01.01 .5  0  0  0  0  0  0  0  0  0  0  0  0  0  0  0  0  0  0  0  0  0
4E5 41  0  0  0  0  0  0  0  0  0  0  0  0 
4G1  4  0  0  0  0  0  0 .5  4  3 .1  0  0  0  0  0  0  0  1  0  0  0  0  0  0
4G2  0  0  0  0  0  0  0  0  2  0  0  0  0  0 .1  0  0  0  0 .1  0  0  0.01  0
4G3  0  0  0 .5  0  0  0  0  0  0  0  0  0  0  0  0  0  0  0  0  0  0  0  0  0
4G4  0.01 .1 .1  0  0  0  0  0  0  0  0  0  0  0  0.01  0  0  0  0  0  0  0  0
4G5 40  0  0  0  0  0  0  0  0  0  0  0  0 
4I1  5  0  0  0  0  0  0 .5  8  2 .1  0  0  0  0  0  0  0  0 .5  0  0  0  0  0
4I2  0  0  0  0  0  0  0  0  4  0  0  0  0  0 .1  0  0  0  0  0  0  0  0 .1  0
4I3  0  0  0  0  0  0  0  0  0  0  0  0  0  0  0  0  0  0  0  0  0  0  0  0  0
4I4  0.01.01  0  0  0  0  0  0  0  0  0  0  0  0  0.01  0  0  0  0  0  0  0  0
4I5 41  0  0  0  0  0  0  0  0  0  0  0  0 
6I1  1  0  0  0  0  0  0  0  7  5 .5  0  0  0  0  0  0  0  0  0  0  0  0  0  0
6I2  0  0  0  0.01  0  0  0  2  0  0.01  0  0 .5  0  0  0  0  0  0  0  0  0  0
6I3  0  0  0  0  0  0  0  0  0  0  0  0  0  0  0  0  0  0  0  0  0  0  0  0  0
6I4  0.01.01 .1  0  0  0  0  0  0  0  0  0  0  0  0  0  0  0  0  0  0  0  0  0
6I5 42  0  0  0  0  0  0  0  0  0  0  0  0 
6G1 10  0  0  0  0  0  0  0  3  7 .1  0  0  0  0  0  0 .1  0  0  0  0  0  0  0
6G2  0  0  0  0  0  0  0  0  4  0  0  0  0  0.01  0  0  0  0  0  0  0  0  0  0
6G3  0  0  0  0  0  0  0  0  0  0  0  0  0  0  0  0  0  0  0  0  0  0  0  0  0
6G4  0.01.01 .1  0  0  0  0  0  0  0  0  0  0  0  0.01  0  0  0  0  0  0  0  0
6G5 41  0  0  0  0  0  0  0  0  0  0  0  0 
6E1 10  0  0  0  0  0  0 .1  8  5 .5  0  0  0  0  0  0  0  0  0  0  0  0  0  0
6E2  0  0  0  0  0  0  0  0  4  0  0  0  0  0 .1  0  0 .1  0  0  0  0  0  0  0
6E3  0  0  0  0  0  0  0  0  0  0  0  0  0  0  0  0  0  0  0  0  0  0  0  0  0
6E4  0.01.01  0  0  0  0  0  0  0  0  0  0  0  0  0  0  0  0  0  0  0  0  0  0
6E5 41  0  0  0  0  0  0  0  0  0  0  0  0 
6C1 10  0  0  0  0  0  0  0  7  3 .1  0  0  0  0  0  0  0  0  0  0  0  0  0  0
6C2  0  0  0  0  0  0  0  0  3  0  0  0  0  0  0  0  0  0  0  0  0  0  0  0  0
6C3  0  0  0  0  0  0  0  0  0  0  0  0  0  0  0  0  0  0  0  0  0  0  0  0  0
6C4  0.01.01.01  0  0  0  0  0  0  0  0  0  0  0  0.01  0  0  0  0  0  0  0  0
6C5 40  0  0  0  0  0  0  0  0  0  0  0  0 
6A1 15  0  0  0  0  0  0 .1  4  1 .1  0  0  0  0  0  0  0  0  0  0  0  0  0  0
6A2  0  0  0  0  0  0  0  0  3  0  0  0  0  0.01.01  0  0  0  0  0  0  0  0  0
6A3  0  0  0  0  0  0  0  0  0  0  0  0  0  0  0  0  0  0  0  0  0  0  0  0  0
6A4  0.01.01.01  0  0  0  0  0  0  0  0  0  0  0  0.01  0  0  0  0  0  0  0  0
6A5 40  0  0  0  0  0  0  0  0  0  0  0  0 
8A1  1  0  0  0  0  0  0 .1  4  4 .1  0  0  0  0  0  0  0  0  0  0  0  0  0  0
8A2  0  0  0  0.01  0  0  0 .5  0  0  0  0  0 .1  0  0  0  0  0  0  0  0  0  0
8A3  0  0  0  0  0  0  0  0  0  0  0  0  0  0  0  0  0  0  0  0  0  0  0  0  0
8A4  0.01 .1 .1  0  0  0  0  0  0  0  0  0  0  0  0.01  0  0  0  0  0  0  0  0
8A5 40  0  0  0  0  0  0  0  0  0  0  0  0 
8C1  0  0  0  0  0  0  0.01  4 10 .5  0  0  0  0  0  0  0  0  0  0  0  0  0  0
8C2  0  0  0  0  0  0  0  0  0  0  0  0  0  0 .1  0  0 .1  0  0  0  0  0  0  0
8C3  0  0  0  0  0  0  0  0  0  0  0  0  0  0  0  0  0  0  0  0  0  0  0  0  0
8C4  0.01.01 .1  0  0  0  0  0  0  0  0  0  0  0  0.01  0  0  0  0  0  0  0  0
8C5 41  0  0  0  0  0  0  0  0  0  0  0  0 
8E1 12  0  0  0  0  0  0 .1 20  2 .1  0  0  0  0  0  0  0  0  0  0  0  0  0  0
8E2  0  0  0  0  0  0  0  0  3  0  0  0  0  0  0  0  0  0  0  0  0  0  0  0  0
8E3  0  0  0  0  0  0  0  0  0  0  0  0  0  0  0  0  0  0  0  0  0  0  0  0  0
8E4  0.01.01 .1  0  0  0  0  0  0  0  0  0  0  0  0  0  0  0  0  0  0  0  0  0
8E5 40  0  0  0  0  0  0  0  0  0  0  0  0 
8G1  8  0  0  0  0  0  0  0  8  8 .1  0  0  0  0  0  0  0  0  0  0  0  0  0  0
8G2  0  0  0  0  0  0  0  0  0  0  0  0  0  0  0  0  0  0  0  0  0  0  0  0  0
8G3  0  0  0  0  0  0  0  0  0  0  0  0  0  0  0  0  0  0  0  0  0  0  0  0  0
8G4  0.01.01 .5  0  0  0  0  0  0  0  0  0  0  0  0.01  0  0  0  0  0  0  0  0
8G5 42  0  0  0  0  0  0  0  0  0  0  0  0 
8I1  3  0  0  0  0  0  0  0 16  7 .1.01  0  0  0  0  0  0  0  0  0  0  0  0  0
8I2  0  0  0  0  0  0  0  0  0  0  0  0  0  0  0 .1  0  0  0  0  0  0  0  0  0
8I3  0  0  0  0  0  0  0  0  0  0  0  0  0  0  0  0  0  0  0  0  0  0  0  0  0
8I4  0.01  0 .5  0  0  0  0  0  0  0  0  0  0  0  0.01  0  0  0  0  0  0  0  0
8I5 42  0  0  0  0  0  0  0  0  0  0  0  0 
0A1 15  0  0  0  0  0  0 .5  1  1  1  0  0  0  0  0  0  0 20  0  0  0  0  0  0
0A2  0  0  0 .5  0  0  0  0  2  0  0  0  0  0  0 .1  0  0  0  0  0  0  0  0  0
0A3  0  0  0  0  0  0  0  0  0  0  0  0  0  0  0  0  0  0  0  0  0  0  0  0  0
0A4  0.01 .5 .1  0  0  0.01  0.01  0  0  0  0  0  0.01  0  0.01  0  0  0  0  0
0A5 58  0  0  0  0  0  0  0  0  0  0  0  0
0C1 12  0  0  0  0  0  0  0  5  3  2  0  0  0  0  0  0  0  0  0  0  0  0  0  0
0C2  0  0  0 .5 .1.01.01  0  3.01 .1  0  0  0 .1 .1  0  0  0  0  0  0  0  0  0
0C3  0  0  0  0  0  0  0  0  0  0  0  0  0  0  0  0  0  0  0  0  0  0  0  0  0
0C4  0 .1 .5 .5.01  0  0 .1  0.01  0  0  0  0  0  0.01  0  0  0  0  0  0  0  0
0C5 58  0  0  0  0  0  0  0  0  0  0  0  0
0E1 14  0  0  0  0  0  0 .5 14 14  2  0  0  0  0  0  0  0  0  0  0  0  0  0  0
0E2  0  0  0  1 .1.01 .1  0  0.01.01 .1  0  0 .1  0  0  0.01  0  0  0  0  0  0
0E3  0  0  0  0  0  0  0  0  0  0  0  0  0  0  0  0  0  0  0  0  0  0  0  0  0
0E4  0 .1 .5 .1  0  0  0 .1  0 .1  0  0  0  0  0  0.01  0  0  0  0  0  0  0  0
0E5 58  0  0  0  0  0  0  0  0  0  0  0  0
0G1 15  0  0  0  0  0  0 .5  6  0  4  0  0  0  0  0  0  0 .5  0  0  0  0  0  0
0G2  0  0  0  1  0.01.01  0  0  0.01  0  0  0 .5 .5  0  0  0  0  0  0  0  0  0
0G3  0  0  0  0  0  0  0  0  0  0  0  0  0  0  0  0  0  0  0  0  0  0  0  0  0
0G4  0 .1 .5 .1  0  0  0 .5  0.01  0  0  0  0  0  0  0  0  0  0  0  0  0  0  0
0G5 57  0  0  0  0  0  0  0  0  0  0  0  0
0I1  4  0 .5  0  0  0  0  1  4 10  3  0  0  0  0  0  0  0  0  0  0  0  0  0  0
0I2  0  0  0  0 .1.01  0  0  0 .1 .1.01  0  0 .5  0 .5  0 .1  0  0  0  0  0  0
0I3  0  0  0  0  0  0  0  0  0  0  0  0  0  0  0  0  0  0  0  0  0  0  0  0  0
0I4  0.01 .1 .1.01  0  0  0  0 .1  0  0  0  0  0  0.01  0  0  0  0  0  0  0  0
0I5 60  0  0  0  0  0  0  0  0  0  0  0  0
2I1  8  0  0  0  0  0  0  5  8  8  1  0  0  0  0  0  0  0  0  0  0  0  0  0  0
2I2  0  0  0 .5  0  0  0  0 .5.01  0.01  0  0 .1 .1 .5  0  0  0  0  0  0  0  0
2I3  0  0  0  0  0  0  0  0  0  0  0  0  0  0  0  0  0  0  0  0  0  0  0  0  0
2I4  0.01  1  0  0  0  0 .1  0.01  0  0  0  0  0  0.01  0  0  0  0  0  0  0  0
2I5 58  0  0  0  0  0  0  0  0  0  0  0  0
2G1  1  0  0  0  0  0  0  2 15  5  1  0  0  0  0  0  0  0  3  0  0  0  0  0  0
2G2  0  0  0  2  0  0 .1  0  2.01  0 .1  0  0  1 .1  0  0  0  0  0  0  0 .5.01
2G3  0  0  0  0  0  0  0  0  0  0  0  0  0  0  0  0  0  0  0  0  0  0  0  0  0
2G4  0  0  1 .1  0  0  0 .5  0.01  0  0  0  0  0  0.01  0  0  0  0  0  0  0  0
2G5 61  0  0  0  0  0  0  0  0  0  0  0  0
2E1  7  0  0  0  0  0  0 .5  4  8  1  0  0  0 .1  0  0  0  0  0  0  0  0  0  0
2E2  0  0  0 .5 .5 .1 .1  0 .5  0 .5.01 .1.01  0  0 .5  0  0 .1  0  0  0  0  0
2E3  0  0  0  0  0  0  0  0  0  0  0  0  0  0  0  0  0  0  0  0  0  0  0  0  0
2E4  0 .1 .5 .1  0  0  0 .1  0 .1  0  0  0  0  0  0.01  0  0  0  0  0  0  0  0
2E5 59  0  0  0  0  0  0  0  0  0  0  0  0
2C1  9  0  0  0  0  0  0  4 10  3  1  0  0  0  0  0  0  0  0  0  0  0  0  0  0
2C2  0  0  0  1 .1.01.01.01  8.01  0  0  0  0 .5  0  0  0  0  0  0  0  0  0  0
2C3  0  0  0  0  0  0  0  0  0  0  0  0  0  0  0  0  0  0  0  0  0  0  0  0  0
2C4  0  0 .1  0.01  0  0  0  0.01  0  0  0  0  0  0 .1  0  0  0  0  0  0  0  0
2C5 57  0  0  0  0  0  0  0  0  0  0  0  0
2A1  8  0  0 .1  0  0  0  3  3  0  1  0  0  0  0  0  0  0 17  1  0  0  0  0  0
2A2  0  0  0  1  0  0  0  0  1  0  0  0  0  0  0  0  0  0  0 .5 .1  0  0  0  0
2A3  0  0 .1 .1  0  0  0  0  0  0  0  0  0  0  0  0  0  0  0  0  0  0  0  0  0
2A4  0  0 .1  0  0  0  0  0  0  0  0  0  0  0  0  0.01  0  0 .1  0  0  0  0  0
2A5 56  0  0  0  0  0  0  0  0  0  0  0  0
4A1  4  0  0  0  0  0  0  1  2 .1  1  0  0  0  0  0  0  0 25  0  0  0  0  0  0
4A2  0  0  0 .1  0  0  0  0 .5  0  0 .1  0  0  0  0  0  0  0  0  0  0  0 .5  0
4A3  0  0  0  0  0  0  0  0  0  0  0  0  0  0  0  0  0  0  0  0  0  0  0  0  0
4A4  0.01 .1 .1  0  0  0 .1  0  0  0  0  0  0  0  0.01  0  0  0  0  0  0  0  0
4A5 55  0  0  0  0  0  0  0  0  0  0  0  0
4C1 15  0  0  0  0  0  0  1 10  6  1  0  0  0  0  0  0  0  0  0  0  0  0  0  0
4C2  0  0  0 .5  0  0  0  0  3  0  0  0  0  0  1  0  0  0  0  0  0  0  0  0  0
4C3  0  0  0  0  0  0  0  0  0  0  0  0  0  0  0  0  0  0  0  0  0  0  0  0  0
4C4  0  0.01 .1.01  0  0  0  0.01  0  0  0  0  0  0  0  0  0  0  0  0  0  0  0
4C5 58  0  0  0  0  0  0  0  0  0  0  0  0
4E1  5  0  0  0  0  0  0  1  3  5  3  0  0  0  0  0  0  0  7  0  0  0  0  0  0
4E2  0  0  0 .1  0.01 .1  0  6  0  0.01  0  0 .5  0  0.01  0  0  0  0  0  0  0
4E3  0  0  0.01  0  0  0  0  0  0  0  0  0  0  0  0  0  0  0  0  0  0  0  0  0
4E4  0  0  1 .1  0  0  0  0  0.01  0  0  0  0  0  0  0  0  0  0  0  0  0  0  0
4E5 60  0  0  0  0  0  0  0  0  0  0  0  0
4G1 11  0  0  0  0  0  0  2  3  1  3  0  0  0  0  0  0  0 10  0  0  0  0  0  0
4G2  0  0  0 .5  0  0  0  0  2.01  0  0  0  0 .1  0  0  0  0  0  0  0  0  0  0
4G3  0  0.01 .1  0  0  0  0  0  0  0  0  0  0  0  0  0  0  0  0  0  0  0  0  0
4G4  0  0 .5  0.01  0  0  0  0.01  0  0  0  0  0  0.01  0  0  0  0  0  0  0  0
4G5 57  0  0  0  0  0  0  0  0  0  0  0  0
4I1  8  0  0  0  0  0  0  1  6  1  3  0  0  0  0  0  0  0  2 .5  0  0  0  0  0
4I2  0  0  0 .5  0.01.01  0  7.01  0  0  0  0 .1  0  0  0.01  0  0  0  0 .1  0
4I3  0  0  0  0  0  0  0  0  0  0  0  0  0  0  0  0  0  0  0  0  0  0  0  0  0
4I4  0  0 .1 .1  0  0  0.01  0.01  0  0  0  0  0  0.01  0  0  0  0  0  0  0  0
4I5 56  0  0  0  0  0  0  0  0  0  0  0  0
6I1  2  0  0  0  0  0  0 .5  4  8  4  0  0  0  0  0  0  0  0  0  0  0  0  0  0
6I2  0  0  0  1 .1 .1 .1  0 .5.01  0  0  0  0  1  0 .5  0  0  0  0  0  0  0  0
6I3  0  0  0  0  0  0  0  0  0  0  0  0  0  0  0  0  0  0  0  0  0  0  0  0  0
6I4  0 .1 .1 .5  0  0  0 .1  0 .1  0  0  0  0  0  0.01  0  0  0  0  0  0  0  0
6I5 58  0  0  0  0  0  0  0  0  0  0  0  0
6G1 10  0  0  0  0  0  0 .5 .5  7  2  0  0  0  0  0  0 .5  0  0  0  0  0  0  0
6G2  0  0  0 .5 .1.01 .1  0  5.01 .1  0  0  0  0  0  0  0  0  0  0  0  0  0  0
6G3  0  0  0  0  0  0  0  0  0  0  0  0  0  0  0  0  0  0  0  0  0  0  0  0  0
6G4  0.01 .1 .5.01  0  0 .5  0.01  0  0  0  0  0  0.01  0  0  0  0  0  0  0  0
6G5 57  0  0  0  0  0  0  0  0  0  0  0  0
6E1 10  0  0  0  0  0  0 .5  4  4  2  0  0  0  0  0  0  0  0  0  0  0  0  0  0
6E2  0  0  0  1  0.01 .1  0  5  0  0  0  0  0 .1  0 .1 .1 .1  0  0  0  0  0 .1
6E3  0  0  0  0  0  0  0  0  0  0  0  0  0  0  0  0  0  0  0  0  0  0  0  0  0
6E4  0.01  1  0  0  0  0 .1  0  0  0  0  0  0  0  0.01  0  0  0  0  0  0  0  0
6E5 58  0  0  0  0  0  0  0  0  0  0  0  0
6C1 12  0  0  0  0  0  0  0  6 .5  3  0  0  0  0  0  0  0  0  0  0  0  0  0  0
6C2  0  0  0  1  0 .1 .1  0  3  0  0.01  0  0 .5  0 .5  0  0  0  0  0  0  0  0
6C3  0  0  0  0  0  0  0  0  0  0  0  0  0  0  0  0  0  0  0  0  0  0  0  0  0
6C4  0.01 .1 .1  0  0  0  0  0.01  0  0  0  0  0  0.01  0  0  0  0  0  0  0  0
6C5 58  0  0  0  0  0  0  0  0  0  0  0  0
6A1 15  0  0  0  0  0  0 .5  3  1  3  0  0  0  0  0  0  0  0  0  0  0  0  0  0
6A2  0  0  0 .5 .1 .1.01  0  2  0  0  0  0  0 .1 .1 .1  0  0  0  0  0  0  0  0
6A3  0  0  0  0  0  0  0  0  0  0  0  0  0  0  0  0  0  0  0  0  0  0  0  0  0
6A4  0.01 .1.01  0  0  0.01  0.01  0  0  0  0  0  0  0  0  0  0  0  0  0  0  0
6A5 58  0  0  0  0  0  0  0  0  0  0  0  0
8A1  3  0  0  0  0  0  0 .1  2  3  3  0  0  0  0  0  0  0  0  0  0  0  0  0  0
8A2  0  0  0 .5 .1 .1 .1  0 .5  0  0 .1  0  0  1 .1  0  0 .1  0  0  0  0  0  0
8A3  0  0  0  0  0  0  0  0  0  0  0  0  0  0  0  0  0  0  0  0  0  0  0  0  0
8A4  0.01 .1 .1  0  0  0.01  0 .1  0  0  0  0  0  0.01  0  0  0  0  0  0  0  3
8A5 60  0  0  0  0  0  0  0  0  0  0  0  0
8C1  4  0  0 .1  0  0  0  0  7  9  1  0  0  0  0  0  0  0  0  0  0  0  0  0  0
8C2  0  0  0  1 .1 .1 .1  0  0  0 .1 .1  0  0 .1  0  1 .1 .1  0  0  0  0  0  0
8C3  0  0  0  0  0  0  0  0  0  0  0  0  0  0  0  0  0  0  0  0  0  0  0  0  0
8C4  0 .1 .1 .1  0  0  0.01  0.01  0  0  0  0  0  0 .1  0  0  0  0  0  0  0  0
8C5 59  0  0  0  0  0  0  0  0  0  0  0  0
8E1 15  0  0.01  0  0  0 .1 20  1  2  0  0  0  0  0  0  0  0  0  0  0  0  0  0
8E2  0  0  0  1 .1 .1 .1  0  1  0 .1  0  0  0 .5 .1  0  0  0  0  0  0  0  0.01
8E3  0  0  0  0  0  0  0  0  0  0  0  0  0  0  0  0  0  0  0  0  0  0  0  0  0
8E4  0 .1  0 .1.01  0  0 .1  0.01  0  0  0  0  0  0.01  0  0  0  0  0  0  0  0
8E5 58  0  0  0  0  0  0  0  0  0  0  0  0
8G1 10  0  0  0  0  0  0  0 10  8  1  0  0  0  0  0  0  0  0  0  0  0  0  0  0
8G2  0  0  0  1 .1 .1 .1 .1  0 .1  0.01  0  0 .1  0  0  0 .1  0  0  0  0  0  0
8G3  0  0  0  0  0  0  0  0  0  0  0  0  0  0  0  0  0  0  0  0  0  0  0  0  0
8G4  0 .1  0 .5  0  0  0  0  0 .1  0  0  0  0  0  0.01  0  0  0  0  0  0  0  0
8G5 61  0  0  0  0  0  0  0  0  0  0  0  0
8I1  3  0  0  0  0  0  0  0 20  4  1  0  0  0  0  0  0  0  0  0  0  0  0  0  0
8I2  0  0  0 .5 .5 .1 .1  0  0  0 .1.01  0  0  0.01 .1  0 .1  0  0  0  0  0  0
8I3  0  0  0  0  0  0  0  0  0  0  0  0  0  0  0  0  0  0  0  0  0  0  0  0  0
8I4  0 .5  0 .1  0  0  0  0  0.01  0  0  0  0  0  0.01  0  0  0  0  0  0  0  0
8I5 60  0  0  0  0  0  0  0  0  0  0  0  0
