0A1  5  0  0  0  0  0  0  1  1  0.01  0  0  0  0  0  0 .1  0  1  0  0  0  0  3
0A2  0  0  0  0  0  0  0  0  8  0  0  0  0  0  0 .1  0  0  0  0  0  0  0  1  0
0A3  0  0  0.01  0  0  0  0  0 .1  0  0  0  0  0  0  0  0  0  0  0  0  0  0  0
0A4  0  0.01  0  0  0  0  0  0  0  0  0  0  0  0  0  0  1  0  0  0  0  0 .1  0
0A5 43  0  0  0  0  0  0  0  0  0  0  0  0 
0C1  2  1  0  0  0  0  0  2  5  0.01  0  0  0  0  0  0.01  0  0  0  0  0  0  0
0C2  0  0  0  0  0  0  0  0 10  0  0  0  0  0  0 .1  0  0  0  0  0  0  0 .5  0
0C3  0  0  0  0  0  0  0  0  0  0  0  0  0  0  0  0  0  0  0  0  0  0  0  0  0
0C4  0  0.01  0  0  0  0  0  0  0  0  0  0  0  0  0  0  0  0  0  0  0  0  0  0
0C5 35  0  0  0  0  0  0  0  0  0  0  0  0 
0E1  6  0  1  0  0  0  0 .1  8 .1.01  0  0  0  0  0  0 .1  0 .5  0  0  0  0  0
0E2  0  0  0  0  0  0  0  0  3  0  0  0  0  0  0 .1  0 .1  0  0  0  0  0  1  0
0E3  0  0  0 .1.01  0  0  0  0  0  0  0  0  0  0  0  0  0  0  0  0  0  0  0  0
0E4  0  0.01  0  0  0  0  0  0  0  0  0  0  0  0  0  0  0  0  0  0  0  0 .1  0
0E5 40  0  0  0  0  0  0  0  0  0  0  0  0 
0G1  5  0  0  0  0  0  0  1 12  0.01  0  0  0  0  0  0.01  0  0  0  0  0  0  0
0G2  0  0  0  0  0  0  0  0  2  0  0  0  0  0.01 .1  0  0  0  0  0  0  0  1  0
0G3  0  0  0  0  0  0  0  0  0  0  0  0  0  0  0  0  0  0  0  0  0  0  0  0  0
0G4  0  0.01  0  0  0  0  0  0  0  0  0  0  0  0  0  0  0  0  0  0  0  0 .1  0
0G5 36  0  0  0  0  0  0  0  0  0  0  0  0 
0I1 12  0  0  0  0  0  0 .5 15  0.01  0  0  0  0  0  0 .1  0  0  0  0  0  0  0
0I2  0  0  0  0  0  0  0  0  8  0  0  0  0  0  0 .1  0  0  0  0  0  0  0 .5  0
0I3  0  0  0  0  0  0  0  0  0  0  0  0  0  0  0  0  0  0  0  0  0  0  0  0  0
0I4  0  0.01  0  0  0  0  0  0  0  0  0  0  0  0  0  0  0  0  0  0  0  0  0  0
0I5 38  0  0  0  0  0  0  0  0  0  0  0  0 
2I1 15  0  2  0  0  0  0  1  7  0.01  0  0  0  0  0  0 .1  0  1  0  0  0  0  0
2I2  0  0  0  0  0  0  0  0  0  0  0  0  0  0.01  0  0  0  0.01  0  0  0  3  0
2I3  0  0  0.01  0  0  0  0  0  0  0  0  0  0  0  0  0  0  0  0  0  0  0  0  0
2I4  0  0.01  0  0  0  0  0  0  0  0  0  0  0  0  0  0  0  0  0  0  0  0  0  0
2I5 37  0  0  0  0  0  0  0  0  0  0  0  0 
2G1  3  0  4  0  0  0  0 .1  5 .1 .1  0.01  0  0  0  0 .5  0 .5  0  0  0  0  2
2G2  0  0  0  0  0  0  0  0  2  0  0  0  0  0 .1  0  0  0  0 .1  0  0  0  6  0
2G3  0  0  0  0.01  0  0  0  0  0  0  0  0  0  0  0  0  0  0  0  0  0  0  0  0
2G4  0  0.01  0  0  0  0  0  0  0  0  0  0  0  0  0  0  0  0  0  0  0  0  0  0
2G5 39  0  0  0  0  0  0  0  0  0  0  0  0 
2E1 17  0 .5  0  0  0  0 .5  1 .5  0  0 .1  0  0  0  0  0  0 .1  0  0  0  0  1
2E2  0  0  0  0  0  0  0  0  3  0  0  0  0  0 .5  0  0  0  0 .5  0  0  0  3  0
2E3  0  0  0  0.01  0  0  0  0  0  0  0  0  0  0  0  0  0  0  0  0  0  0  0 .1
2E4  0  0 .1  0  0  0  0  0  0  0  0  0  0  0  0  0  0 .5  0  0  0  0  0  0  0
2E5 41  0  0  0  0  0  0  0  0  0  0  0  0 
2C1  6  0  0  0  0  0  0 .5 10  0 .1  0  0  0  0  0  0 .5  0  1  0  0  0  0  0
2C2  0  0  0  0  0  0  0  0  4  0  0  0  0  0  0  0  0  0  0  0  0  0  0  2  0
2C3  0  0  0  0  0  0  0  0  0  0  0  0  0  0  0  0  0  0  0  0  0  0  0  0  0
2C4  0  0.01  0  0  0  0  0  0  0  0  0  0  0  0  0  0  0  0  0  0  0  0  0  0
2C5 40  0  0  0  0  0  0  0  0  0  0  0  0 
2A1  8  0  0  0  0  0  0 .5  1  0.01  0  0  0  0  0  0  0  0  0  0  0  0  0  0
2A2  0  0  0  0  0  0  0  0  5  0  0  0  0  0 .1 .1  0  0  0 .1  0  0  0  1  0
2A3  0  0  0  0.01  0  0  0  0  0  0  0  0  0  0  0  0  0  0  0  0  0  0  0.01
2A4  0  0.01  0  0  0  0  0  0  0  0  0  0  0  0  0  0  0  0  0  0  0  0  0  0
2A5 40  0  0  0  0  0  0  0  0  0  0  0  0 
4A1  2  0  1  0  0  0  0 .5  1  0.01  0  0  0  0  0  0 .5  0  1  0  0  0  0  0
4A2  0  0  0  0  0  0  0  0  4  0  0  0  0  0 .1  0  0  0  0.01  0  0  0 .1  0
4A3  0  0  0  0  0  0  0  0  0  0  0  0  0  0  0  0  0  0  0  0  0  0  0  0  0
4A4  0  0.01  0  0  0  0  0  0  0  0  0  0  0  0  0  0.01  0  0  0  0  0  0  0
4A5 37  0  0  0  0  0  0  0  0  0  0  0  0 
4C1  5  0  0  0  0  0  0  1 10 .5.01  0  0  0  0  0  0 .5  0  1  0  0  0  0  0
4C2  0  0  0  0  0  0  0  0  3  0  0  0  0  0 .1  0  0  0  0 .5  0  0  0 .5  0
4C3  0  0  0  0  0  0  0  0  0  0  0  0  0  0  0  0  0  0  0  0  0  0  0  0  0
4C4  0  0 .1  0  0  0  0  0  0  0  0  0  0  0  0  0  0  0  0  0  0  0  0  0  0
4C5 37  0  0  0  0  0  0  0  0  0  0  0  0 
4E1  5  0  0  0  0  0  0 .5  8  0.01  0  0  0  0  0  0 .1  0  2  0  0  0  0  1 
4E2  0  0  0  0  0  0  0  0  1  0  0  0  0  0.01  0  0  0  0 .1  0  0  0 .5  0
4E3  0  0  0  0  0  0  0  0  0  0  0  0  0  0  0  0  0  0  0  0  0  0  0  0  0
4E4  0  0.01  0  0  0  0  0  0  0  0  0  0  0  0  0  0  0 .1  0  0  0  0  0  0
4E5 36  0  0  0 .1  0  0  0  0  0  0  0  0 
4G1  5  0  1  0  0  0  0 .5  6 .1  0  0  0  0  0  0  0 .5  0  1  0  0  0  0  0
4G2  0  0  0  0  0  0  0  0  4  0  0  0  0  0 .1  0  0.01  0  0  0  0  0  1  0
4G3  0  0  0  0  0  0  0  0  0  0  0  0  0  0  0  0  0  0  0  0  0  0  0  0  0
4G4  0  0.01  0  0  0  0  0  0  0  0  0  0  0  0  0  0  0  0  0  0  0  0  0  0
4G5 40  0  0  0  0  0  0  0  0  0  0  0  0 
4I1 15  0  1  0  0  0  0  1 .5  0  0  0  0  0  0  0  0.01  0  1  0  0  0  0  0
4I2  0  0  0  0  0  0  0  0  4  0  0  0  0  0 .1  0  0  0  0  0  0  0  0  1  0
4I3  0  0  0 .1  0  0  0  0  0  0  0  0  0  0  0  0  0  0  0  0  0  0  0  0  0
4I4  0  0 .1  0  0  0  0  0  0  0  0  0  0  0  0  0  0 .5.01  0  0  0  0  0  0
4I5 38  0  0  0  0  0  0  0  0  0  0  0  0 
6I1 12  0  1  0  0  0  0 .1 .5  1.01  0  0  0  0  0  0.01  0  3  0  0  0  0 .1
6I2  0  0  0  0  0  0  0  0  7  0  0  0  0  0 .1.01  0  0  0  0  0  0  0 .1  0
6I3  0  0  0  0  0  0  0  0  0  0  0  0  0  0  0  0  0  0  0  0  0  0  0  0  0
6I4  0  0 .1  0  0  0  0  0  0  0  0  0  0  0  0  0  0 .5  0  0  0  0  0  0  0
6I5 40  0  0  0  0  0  0  0  0  0  0  0  0 
6G1 10  0  0  0  0  0  0 .5 .1  0.01  0  0  0  0  0  0  1  0 .5  0  0  0  0  0
6G2  0  0  0  0  0  0  0  0  2  0  0  0  0  0  0.01  0  0  0 .1  0  0  0 .1  0
6G3  0  0  0  0  0  0  0  0  0  0  0  0  0  0  0  0  0  0  0  0  0  0  0  0  0
6G4  0  0.01  0  0  0  0  0  0  0  0.01  0  0  0  0  0  0  0  0  0  0  0  0  0
6G5 40  0  0  0  0  0  0  0  0  0  0  0  0 
6E1  1  0  0  0.01  0  0  1 10  0.01  0  0  0  0  0  0 .1  0  8  0  0  0  0  0
6E2  0  0  0  0  0  0  0  0 .5  0  0  0  0  0.01 .1  0  0  0  0  0  0  0 .1  0
6E3  0  0  0  0  0  0  0  0  0  0  0  0  0  0  0  0  0  0  0  0  0  0  0  0  0
6E4  0  0.01  0  0  0  0  0  0  0  0  0  0  0  0  0  0  0  0  0  0  0  0  0  0
6E5 36  0  0  0  0  0  0  0  0  0  0  0  0 
6C1  6  0 .5  0  0  0  0  1 15 .5.01  0  0  0  0  0  0 .1  0 .5  0  0  0  0  0
6C2  0  0  0  0  0  0  0  0  1  0  0  0  0  0  0 .1  0  0  0  0  0  0  0 .1  0
6C3  0  0  0  0  0  0  0  0  0  0  0  0  0  0  0  0  0  0  0  0  0  0  0  0  0
6C4  0  0.01  0  0  0  0  0  0  0  0  0  0  0  0  0  0  0 .5  0  0  0  0  1  0
6C5 38  0  0  0  0  0  0  0  0  0  0  0  0 
6A1 12  0  0  0.01  0  0 .5  8 .5.01  0  0  0  0.01  0  0  0 .5  0  0  0  0.01
6A2  0  0  0  0  0  0  0  0  5  0  0  0  0  0 .1  0  0.01  0  0  0  0  0 .5  0
6A3  0  0  0  0  0  0  0  0  0  0  0  0  0  0  0  0  0  0  0  0  0  0  0  0  0
6A4  0  0.01  0  0  0  0  0  0  0  0  0  0  0  0  0  0  1  0  0  0  0  0  3  0
6A5 40  0  0  0  0  0  0  0  0  0  0  0  0 
8A1  6  0  0  0.01  0  0  1  2  0.01  0  0  0  0  0  0  0  0  1  0  0  0  0  0
8A2  0  0  0  0  0  0  0  0  1  0  0  0  0  0.01.01  0  0  0  0  0  0  0 .5  0
8A3  0  0  0  0  0  0  0  0  0  0  0  0  0  0  0  0  0  0  0  0  0  0  0  0  0
8A4  0.01.01  0  0  0  0  0  0  0  0  0  0  0  0  0  0  0  0  0  0  0  0 15  0
8A5 42  0  0  0  0  0  0  0  0  0  0  0  0 
8C1  7  0  2  0  0  0  0 .5 17 .5.01  0  0  0  0  0  0 .1  0  2  0  0  0  0  0
8C2  0  0  0  0  0  0  0  0  2  0  0  0  0  0  0.01  0  0  0  0  0  0  0 .5  0
8C3  0  0  0  0  0  0  0  0  0  0  0  0  0  0  0  0  0  0  0  0  0  0  0  0  0
8C4  0  0 .1  0  0  0  0  0  0  0  0  0  0  0  0  0  0  0  0  0  0  0  0  1  0
8C5 41  0  0  0  0  0  0  0  0  0  0  0  0 
8E1  6  0  0  0  0  0  0 .5 15 .5.01  0  0  0  0  0  0  0  0  1  0  0  0  0  0
8E2  0  0  0  0  0  0  0  0  3  0  0  0  0  0  0  0  0  0  0  0  0  0  0 .1  0
8E3  0  0  0  0  0  0  0  0  0  0  0  0  0  0  0  0  0  0  0  0  0  0  0  0  0
8E4  0  0.01  0  0  0  0  0  0  0  0  0  0  0  0  0  0 .1  0  0  0  0  0  0  0
8E5 40  0  0  0  0  0  0  0  0  0  0  0  0 
8G1  8  0  1  0  0  0  0 .1  2  0.01  0  0  0  0  0  0  0  0 .1  0  0  0  0  0
8G2  0  0  0  0  0  0  0  0  2  0  0  0  0  0 .1  0  0  0  0 .1  0  0  0 .1  0
8G3  0  0  0.01  0  0  0  0  0  0  0  0  0  0  0  0  0  0  0  0  0  0  0  0  0
8G4  0  0.01  0  0  0  0  0  0  0  0  0  0  0  0  0  0 .1.01  0  0  0  0  0  0
8G5 40  0  0  0  0  0  0  0  0  0  0  0  0 
8I1 10  0  4  0  0  0  0 .1 .1  0.01  0  0  0  0  0  0  0  0  0  0  0  0  0  0
8I2  0.01  0  0  0  0  0  0  2  0  0  0  0  0.01.01  0 .1  0 .1  0  0  0  1  0
8I3  0  0  0.01  0  0  0  0  0  0  0  0  0  0  0  0  0  0  0  0  0  0  0  0  0
8I4  0  0.01  0  0  0  0  0  0  0  0  0  0  0  0  0  0  0  0  0.01  0  0  0  0
8I5 42  0  0  0  0  0  0  0  0  0  0  0  0 
0A1  7  0  0 .1  0  0  0  3  1  0  1  0  0  0  0  0  0 .1  0  2  1  0  0  0 10
0A2  0 .1  0  0  0  0  0 .1  6  0  0  0  0  0 .1 .5  0  0 .1  0 .1  0  0 10  0
0A3  0 .1  0.01 .5  0  0 .1  0 .1  0  0  0  0  0  0  0  0  0  0  0  0  0  0  0
0A4  0.01  3  0  0  0  0  0  0  0  0  0  0  0  0  0  0  0  0  0  0  0  0 .1  0
0A5 64  0  0  0  0  0  0  0  0  0  0  0  0
0C1  7  0  1  0  0  0  0  4  6  0  3  0  0  0  0  0  0 .5  0  0  0  0  0  0  0
0C2  0  0  0  0  0  0  0 .1  4  0  0  0  0  0  0 .1  0  0  0  0 .5  0  0 15  0
0C3  0 .1  0  0 .5  0  1  0  0  0  0  0  0  0  0  0  0  0  0  0  0  0  0  0  0
0C4  0  0  2  0  0  0  0  0  0  0  0  0  0  0  0  0  0  1  0  0  0  0  0  0  0
0C5 62  0  0  0  0  0  0  0  0  0  0  0  0
0E1  8  0  3  0  0  0  0  3  5  0  2  0  0  0  0  0  0  1  0  1  0  0  0  0  0
0E2  0  0  0  0  0  0  0.01  6  0  0  0  0  0 .1 .1  0 .1.01  0 .1  0  0  5  0
0E3  0  0  0  0 .1  0  0  0  0  0  0  0  0  0  0  0  0  0  0  0  0  0  0  0  0
0E4  0  0  1  0  0  0  0  0  0  0  0  0  0  0  0  0  0  0  0  0  0  0  0 .5  0
0E5 63  0  0  0  0  0  0  0  0  0  0  0  0
0G1  8  0  0  0  0  0  0  3 12  0  4  0  0  0  0  0  0 .5  0 .1  0  0  0  0  0
0G2  0 .1  0  0  0  0  0 .1  2  0  0  0  0  0 .1 .1  0  0 .1  0 .5  0  0 15  0
0G3  0  0  0  0 .5.01  0 .1  0  0  0  0  0  0  0  0  0  0  0  0  0  0  0  0  0
0G4  0  0  2  0  0  0  0  0  0  0  0  0  0  0  0  0  0  0  0  0  0  0  0 .1  0
0G5 59  0  0  0  0  0  0  0  0  0  0  0  0
0I1 12  0  0  0  0  0  0  1 17  0  1  0  0  0  0  0  0  2  0  0  0  0  0  0  0
0I2  0 .5  0  0  0  0  0 .1  5  0  0  0  0  0  0 .1  0  0  0  0  0  0  0 12  0
0I3  0  0  0.01  0  0  0  0  0  0  0  0  0  0  0  0  0  0  0  0  0  0  0  0  0
0I4  0  0  1  0  0  0  0  0  0  0  0  0  0  0  0  0  0  0  0  0  0  0  0  0  0
0I5 61  0  0  0  0  0  0  0  0  0  0  0  0
2I1 15  0  5 .1  0  0  0  4  8 .1  1  0  0  0  0  0  0  2  0  2  0  0  0  0  0
2I2  0 .1  0  0  0  0  0 .1  1  0  0  0  0  0 .5  0  0  0 .1.01  0  0  0 15  0
2I3 .5  0  0  0 .5  0  0  0  0  0  0  0  0  0  0  0  0  0  0  0  0  0  0  0  0
2I4  0  0  2  0  0  0  0  0  0  0  0  0  0  0  0  0  0  0  0  0  0  0  0  0  0
2I5 59  0  0  0  0  0  0  0  0  0  0  0  0
2G1  5  0  3  0  0  0  0  1  5  7  3  0  0  0  0 .5  0  2  0  0  0  0  0  0 10
2G2  0 .1  0  0  0  0  0  0  4  0  0  0  0  0  1 .1  0  0  0  0 .5  0  0 25  0
2G3  0 .1  0.01 .5 .1  2 .5  0  0  0  0  0  0  0  0  0  0  0  0  0  0  0  0  0
2G4  0.01  1  0  0  0  0  0  0  0  0  0  0  0  0  0  0  0  0  0  0  0  0  0  0
2G5 60  0  0  0  0  0  0  0  0  0  0  0  0
2E1 15  0 .5  0  0  0  0  2  3  0  2  0  0  0  0  0  0  1  0  0  0  0  0  0  5
2E2  0 .5  0  0  0  0  0  0  7  0  0  0  0  0 .1 .1  0  0 .1 .1  1  0  0 15  0
2E3  0 .1  0  0 .5 .1 .5  0.01  0  0  0  0  0  0  0  0  0  0  0  0  0  0  0  0
2E4  0  0  2  0  0  0  0  0  0  0  0  0  0  0  0  0  0 .5  0  0  0  0  0  0  0
2E5 62  0  0  0  0  0  0  0  0  0  0  0  0
2C1  6  0  0  0  0  0  0  3 10  0  3  0  0  0  0  0  0  0  0  2  2  0  0  0 .1
2C2  0  0  0  0  0  0  0.01  4  0  0  0  0  0 .1  0  0  0  0  0.01  0  0  8  0
2C3  0  0  0  0 .5  0  0  0  0  0  0  0  0  0  0  0  0  0  0  0  0  0  0  0  0
2C4  0  0  3  0  0  0  0  0  0  0  0  0  0  0  0  0  0  0  0  0  0  0  0  0  0
2C5 61  0  0  0  0  0  0  0  0  0  0  0  0
2A1 10  0  0  0  0  0  0  3  1  0  1  0  0  0  0  0  0 .1  0  0  0  0  0  0  0
2A2  0 .1  0  0  0  0  0.01  7  0  0  0  0  0 .5 .5  0  0.01  0  0  0  0 12  0
2A3  0 .1  0  0 .1  0  0  0  0  0  0  0  0  0  0  0  0  0  0  0  0  0  0  0  0
2A4  0  0  2  0  0  0  0  0  0  0  0  0  0  0  0  0  0  0  0  0  0  0  0  0  0
2A5 61  0  0  0  0  0  0  0  0  0  0  0  0
4A1  4  0  2 .5  0  0  0  1  1  0  2  0  0  0  0  0  0 .5  0  1  0  0  0  0  0
4A2  0  0  0  0  0  0  0 .1  5  0  0  0  0  0 .5.01  0  0 .1  0.01  0  0  8  0
4A3  0  0  0  0  0  0  0 .1  0 .1  0  0  0  0  0  0  0  0  0  0  0  0  0  0  0
4A4  0  0  1  0  0  0  0  0  0  0  0  0  0  0  0  0  0 .1  0  0  0  0  0  0  0
4A5 60  0  0  0  0  0  0  0  0  0  0  0  0
4C1  7  0 .5  0  0  0  0  5 12  0  3  0  0  0  0  0  0 .1  0  2  0  0  0  0 .5
4C2  0 .5  0  0  0  0  0.01  5  0  0  0  0  0 .5 .1  0  0  0 .1  0  0  0 15  0
4C3  0  0  0  0 .5  0  0  0  0  0  0  0  0  0  0  0  0  0  0  0  0  0  0  0  0
4C4  0  0  2  0  0  0  0  0  0  0  0  0  0  0  0  0  0  0  0  0  0  0  0  0  0
4C5 61  0  0  0  0  0  0  0  0  0  0  0  0
4E1  6  0  0  0  0  0  0  2 10  0  0  0  0  0  0  0  0 .5  0  4  0  0  0  0  8
4E2  0  0  0  0  0  0  0.01  3  0  0  0  0  0 .1  0  0  0  0  0  1  0  0 10  0
4E3  0 .1  0  0 .5  0 .5  0  0  0  0  0  0  0  0  0  0  0  0  0  0  0  0  0  0
4E4  0  0  1  0  0  0  0  0  0  0  0  0  0  0  0  0  0  0 .1  0  0  0  0  0  0
4E5 60  0  0  0 .1  0  0  0  0  0  0  0  0
4G1 12  0  2  0  0  0 .1  0  5  0  0  0  0  0  0  0  0  1  0  2 .5  0  0  0  0
4G2  0 .5  0  0  0  0  0 .1  3  0  0  0  0  0 .1  0  0  0  0  0 .1  0  0 12  0
4G3  0.01  0  0 .5  0 .1 .1  0  0  0  0  0  0  0  0  0  0  0  0  0  0  0  0  0
4G4  0  0  2  0  0  0  0  0  0  0  0  0  0  0  0  0  0  0  0  0  0  0  0  0  0
4G5 60  0  0  0  0  0  0  0  0  0  0  0  0
4I1 12  0  1  0  0  0  0  4  1  0  0  0  0  0  0  0  0 .1  0  1  0  0  0  0  0
4I2  0 .1  0  0  0  0  0  0  6  0  0  0  0  0 .1 .1  0 .1 .1  0 .1  0  0 17  0
4I3  0  1  0.01 .5  0  0  0.01  0  0  0  0  0  0  0  0  0  0  0  0  0  0  0  0
4I4  0  0  2  0  0  0  0  0  0  0  0  0  0  0  0  0  0 .5  0  0  0  0  0  0  0
4I5 61  0  0  0  0  0  0  0  0  0  0  0  0
6I1 10  0  2  0  0  0  0  1 .5  1 .5  0  0  0  0  0  0 .1  0  2  0  0  0  0  1
6I2  0 .1  0  0  0  0  0.01  5  0 .1  0  0  0 .5 .1  0  0 .1  0  0  0  0  4  0
6I3  0 .1  0 .1 .1  0 .1  0  0  0  0  0  0  0  0  0  0  0  0  0  0  0  0  0  0
6I4  0  0  2  0  0  0  0  0  0  0  0  0  0  0  0  0  0  1  0  0  0  0.01  0  0
6I5 62  0  0  0  0  0  0  0  0  0  0  0  0
6G1 12  0 .1  0  0  0  0  2  1  0  1  0  0  0  0  0  0  0  0 .5  2  0  0  0  0
6G2  0 .5  0  0  0  0  0 .1  3  0  0  0  0  0  0 .1  0  0 .1  0  0  0  0  6  0
6G3  0 .1  0  0  0  0  0  0  0  0  0  0  0  0  0  0  0  0  0  0  0  0  0  0  0
6G4  0  0  1  0  0  0  0  0  0  0  0  0  0  0  0  0  0  0  0  0  0  0  0  0  0
6G5 64  0  0  0  0  0  0  0  0  0  0  0  0
6E1  2  0  0  1  0  0  0  4  8  0  2  0  0  0  0  0  0 .5  0  8  0  0  0  0  0
6E2  0  1  0  0  0  0  0 .1  2  0  0  0  0  0  1 .5  0  0 .1  0 .1  0  0 15  0
6E3  0 .5  0  0  1  0  1 .5 .1  0  0  0  0  0  0  0  0  0  0  0  0  0  0  0  0
6E4  0  0  3  0  0  0  0  0  0  0  0  0  0  0  0  0  0  0  0  0  0  0  0  0.01
6E5 59  0  0  0  0  0  0  0  0  0  0  0  0
6C1  9  0 .5  0  0  0  0  3 20 .5  3  0  0  0  0  0  0 .5  0  1  0  0  0  0  0
6C2  0  0  0  0  0  0  0  0  5  0  0  0  0  0 .1 .1  0  0 .5  0  0  0  0 10  0
6C3  0 .5  0.01 .5  0  0 .1  0  0  0  0  0  0  0  0  0  0  0  0  0  0  0  0  0
6C4  0  0  1  0  0  0  0  0  0  0  0  0  0  0  0  0  0  0 .5  0  0  0  0  1  0
6C5 61  0  0  0  0  0  0  0  0  0  0  0  0
6A1 12  0 .1 .5  0  0  0  1  7 .5  2  0  0  0  0 .1  0 .1  0 .5  0  0  0  0  0
6A2  0 .1  0  0  0  0  0 .1  8  0  0  0  0  0 .5  0  0  0  0  0  0  0  0 15  0
6A3  0 .1  0.01  0  0  0  0  0  0  0  0  0  0  0  0  0  0  0  0  0  0  0  0  0
6A4  0  0  2  0  0  0  0  0  0  0  0  0  0  0  0  0  0  1  0  0  0  0  0  4  0
6A5 62  0  0  0  0  0  0  0  0  0  0  0  0
8A1  9  0  0  0  0  0  0  5  2 .5  1  0  0  0  0  0  0  0  0  2  0  0  0  0  0
8A2  0 .5  0  0  0  0  0  0  3  0  0  0  0  0 .1 .5  0  0.01  0  0  0  0 20  0
8A3  0  0  0.01 .5  0  0  0  0  0  0  0  0  0  0  0  0  0  0  0  0  0  0  0  0
8A4  0  0  2  0  0  0  0  0  0  0  0  0  0  0  0  0  0  0  0  0  0  0  0  8  0
8A5 62  0  0  0  0  0  0  0  0  0  0  0  0
8C1 10  0  3  0  0  0  0  1 20  0  4  0  0  0  0  0  0  1  0  3  0  0  0  0  0
8C2  0 .5  0  0  0  0  0  0  2  0  0  0  0  0 .1  0  0  0  0  0 .1  0  0 25  0
8C3  0  0  0  0  1  0  0  0  0  0  0  0  0  0  0  0  0  0  0  0  0  0  0  0  0
8C4  0  0  4  0  0  0  0  0  0  0  0  0  0  0  0  0  0  0  0  0  0  0  0  1  0
8C5 61  0  0  0  0  0  0  0  0  0  0  0  0
8E1  7  0 .1  0  0  0  0  3 30 .5  2  0  0  0  0  0  0  0  0  3  0  0  0  0  0
8E2  0 .1  0  0  0  0  0  0  4  0  0  0  0  0 .1 .1  0  0  0  0  0  0  0  8  0
8E3  0 .5  0.01 .5  0  0  0  0  0  0  0  0  0  0  0  0  0  0  0  0  0  0  0  0
8E4  0  0  3  0  0  0  0  0  0  0  0  0  0  0  0  0  0 .5  0  0  0  0  0  0.01
8E5 62  0  0  0  0  0  0  0  0  0  0  0  0
8G1 10  0  1 .5  0  0  0  2  2  0  1  0  0  0  0  0  0 .1  0 .5  0  0  0  0  0
8G2  0  0  0  0  0  0  0  0  4  0  0  0  0  0 .1  0  0 .1  0.01  0  0  0  8  0
8G3  0  0  0.01  0  0  0  0  0  0  0  0  0  0  0  0  0  0  0  0  0  0  0  0  0
8G4  0  0 .5  0  0  0  0  0  0  0  0 .1  0  0  0  0  0 .5 .1  0  0  0  0  0.01
8G5 63  0  0  0  0  0  0  0  0  0  0  0  0
8I1 15  0  8  0  0  0  0  1 .5  0  2  0  0  0  0  0  0 .5  0  0  0  0  0  0  0
8I2  0 .5  0  0  0  0  0  0  2  0 .1  0  0  0 .1  0  0 .1  0  0  0  0  0  6  0
8I3  0  0  0  0  0  0  0  0  0  0  0  0  0  0  0  0  0  0  0  0  0  0  0  0  0
8I4  0  0 .1  0  0  0  0  0  0  0  0.01  0  0  0  0  0  0  0  0.01  0  0  0  0
8I5 62  0  0  0  0  0  0  0  0  0  0  0  0
