STAND 1, SURVEY DATE: 02 Aug 2000, OBSERVER: G.H. La Roi (#1), ROWS:0,2,4,6,8, DATA ENTRY: 02 Nov 2000 (Soil Temp Thermometer = "Old #1; PIGL in 0G may be Ross Hastings'?; MACA starting to turn yellow;
        EPAN grazed; took time-lapse slides and got GPS waypoints for 4 corners of reference stand)

QUAD  0A    0C    0E    0G    0I    2I    2G    2E    2C    2A    4A    4C    4E    4G    4I    6I    6G    6E    6C    6A    8A    8C    8E    8G    8I    4a    4c    4e    4g    4i

PIBA   2.0  27.0  12.0  10.0  16.0   9.0  19.0  17.0  20.0  19.0   9.0  14.0   7.0   4.0  10.0   9.0  25.0   3.0  10.0   9.0   2.0  22.0   1.0  18.0  17.0
PIGL   0.0   0.0   0.0   1.0   0.0   0.0   0.0   0.0   0.0   0.0   0.0   0.0   0.0   0.0   1.0   0.0   0.0   0.0   0.0   0.0   0.0   0.0   0.0   0.0   0.0
POTR   0.0   0.0   0.0   0.0   0.0   0.0   0.0   0.0   0.0   0.0   0.0   0.0   0.1   0.0   0.0   0.0   0.0   0.0   0.0   0.0   0.0   0.0   0.0   0.0   0.0
ALCR   0.0   0.0   3.0   4.0  11.0   9.0   0.0   0.0   0.0   1.0   0.0   0.0   0.0   0.0   0.0   0.0   0.0   0.0   0.0   1.0   0.0   0.0   0.0   0.0   0.5
AMAL   1.0   0.1   0.1   0.1   2.0   0.0   0.5   1.0   0.5   0.0   2.0   2.0   3.0   0.0   0.1   0.1   2.0   1.0   2.0   1.0   0.0   0.0   0.5   0.5   0.1
ARUV  25.0   2.0  14.0  16.0   1.0   6.0   3.0  20.0  18.0   3.0   9.0  11.0   8.0   5.0  20.0  25.0  21.0  22.0  18.0  14.0  33.0  46.0  17.0  35.0  35.0
PRPE   0.1   0.0   0.0   0.5   0.0   0.5   0.0   0.0   0.0   0.0   0.0   0.0   0.0   0.0   0.5   0.0   0.0   0.0   0.0   0.0   0.0   0.0   0.0   0.0   0.0
PRVI   0.0   0.0   0.0   0.0   0.0   0.0   0.0   0.0   0.0   0.0   0.0   0.0   0.0   0.0   0.0   0.0   0.0   0.0   0.0   0.0   0.0   0.0   0.0   0.0   0.01
ROAC   0.5   0.01  0.0   0.5   1.0   0.5   0.01  0.5   0.5   0.1   0.0   1.0   4.0   0.1   0.1   0.01  1.0   1.0   0.0   0.5   0.0   0.0   0.0   0.1   0.0
RUID   0.0   0.0   0.0   0.0   0.5   0.5   0.0   0.0   0.0   0.0   0.0   0.0   0.0   0.0   0.0   0.0   0.0   0.0   0.0   0.0   0.0   0.0   0.0   0.0   0.0
SABE   0.0   0.0   0.0   0.0   0.0   0.0   0.0   0.0   0.0   0.0   0.0   0.0   0.1   0.0   0.0   0.0   0.0   0.0   0.0   0.0   0.0   0.0   0.0   0.0   0.0
SHCA   0.0   0.0   1.0   0.0   0.0   0.5   0.0   2.0   0.0   3.0   0.0   2.0   0.0   2.0   1.0   0.0   0.0   0.0   1.0   0.0   0.0   0.0   0.0   0.0   0.0
SYAL   0.0   0.0   0.0   0.0   0.0   0.0   0.0   0.0   0.0   0.0   0.0   0.0   0.0   0.0   0.0   0.0   0.0   0.0   0.0   0.0   0.0   0.0   0.0   0.0   0.0
VAMY   0.5   0.1   0.5   0.5   0.5   3.0   1.0   1.0   0.5   1.0   0.5   2.0   3.0   3.0   2.0   2.0   1.0   1.0   2.0   1.0   0.0   3.0   1.0   2.0   0.0
VAVI   3.0   0.01  6.0  12.0   1.0   6.0  11.0  12.0  13.0   3.0   6.0   8.0   8.0   3.0  10.0  15.0  15.0   6.0   6.0   8.0  11.0   6.0   3.0   5.0  20.0
ACMI   0.01  0.0   0.0   0.0   0.0   0.0   0.0   0.0   0.0   0.0   0.0   0.0   0.0   0.0   0.0   0.0   0.0   0.0   0.0   0.0   0.0   0.0   0.0   0.0   0.0
ANMU   0.01  0.01  0.1   0.1   0.0   0.1   0.01  0.1   0.01  0.0   0.1   0.1   0.1   0.5   0.01  0.1   0.1   0.1   0.1   0.1   0.01  0.5   0.01  0.1   0.01

QUAD  0A    0C    0E    0G    0I    2I    2G    2E    2C    2A    4A    4C    4E    4G    4I    6I    6G    6E    6C    6A    8A    8C    8E    8G    8I    4a    4c    4e    4g    4i
ANPA   0.0   0.0   0.0   0.0   0.0   0.0   0.01  0.0   0.0   0.0   0.01  0.0   0.0   0.01  0.01  0.0   0.0   0.0   0.0   0.0   0.0   0.01  0.0   0.0   0.01
ANRA   0.0   0.0   0.0   0.0   0.0   0.0   0.0   0.0   0.0   0.0   0.0   0.0   0.5   0.0   0.0   0.0   0.0   0.0   0.0   0.0   0.0   0.0   0.0   0.0   0.0
ARCA   0.0   0.0   0.0   0.0   0.0   0.0   0.0   0.0   0.0   0.0   0.0   0.0   0.0   0.0   0.0   0.0   0.0   0.0   0.0   0.0   0.0   0.0   0.0   0.0   0.0
ASLA   0.1   0.01  0.1   0.1   0.1   0.1   0.0   0.5   0.1   0.01  0.5   0.5   0.5   0.5   0.5   0.1   0.5   1.0   0.5   0.5   1.0   0.5   1.0   0.5   1.0
CARO   0.01  0.0   0.01  0.01  0.01  0.0   0.01  0.01  0.01  0.0   0.01  0.0   0.01  0.01  0.01  0.01  0.01  0.01  0.01  0.01  0.0   0.0   0.0   0.01  0.0
EPAN   0.0   0.0   0.0   0.0   0.0   0.0   0.0   0.0   0.0   0.0   0.01  0.0   0.0   0.0   0.0   0.0   0.0   0.0   0.0   0.0   0.0   0.0   0.0   0.0   0.0
ERGL   0.1   0.0   0.0   0.0   0.0   0.0   0.0   0.0   0.0   0.0   0.0   0.0   0.0   0.0   0.0   0.0   0.0   0.0   0.0   0.0   0.0   0.0   0.1   0.0   0.0
FRVI   0.01  0.0   0.0   0.0   0.0   0.1   0.0   0.0   0.0   0.0   0.0   0.0   0.1   0.0   0.0   0.0   0.0   0.0   0.0   0.0   0.0   0.0   0.0   0.0   0.0
GABO   0.5   0.1   0.01  0.1   0.1   0.1   0.1   0.1   0.1   0.0   0.5   0.5   0.5   0.1   0.1   0.1   0.0   0.1   0.1   0.5   0.1   0.1   0.1   0.1   0.1
GELI   0.0   0.0   0.1   1.0   0.5   0.0   0.0   0.0   0.0   0.0   0.0   0.0   0.0   0.0   0.0   0.0   0.0   0.0   0.0   0.0   0.0   0.1   0.0   0.0   0.0
HIUM   0.01  0.0   0.0   0.0   0.0   0.01  0.0   0.0   0.0   0.0   0.01  0.01  0.0   0.0   0.1   0.0   0.0   0.1   0.5   0.1   0.1   0.1   0.1   0.1   0.01
LAOC   0.0   0.0   0.5   0.0   0.0   0.0   0.0   0.0   0.0   0.0   0.0   0.0   0.0   0.0   0.0   0.0   0.0   0.0   0.0   0.0   0.0   0.0   0.0   0.0   0.0
LIBO   0.0   0.0   0.0   3.0   1.0   2.0   1.0   0.5   0.0   0.1   0.0   1.0   3.0   1.0   0.5   0.1   0.1   0.0   0.5   0.5   0.0   2.0   0.0   0.1   0.1
LIPH   0.0   0.0   0.0   0.0   0.0   0.0   0.0   0.0   0.0   0.0   0.01  0.0   0.0   0.0   0.0   0.0   0.0   0.0   0.0   0.0   0.0   0.0   0.0   0.0   0.0
MACA   1.0   0.5   1.0   1.0   2.0   1.0   0.5   1.0   2.0   0.5   0.5   2.0   2.0   2.0   3.0   2.0   1.0   2.0   2.0   1.0   0.5   2.0   0.5   2.0   0.5
ORSE   0.0   0.01  0.0   0.0   0.0   0.0   0.0   0.0   0.0   0.1   0.0   0.0   0.01  0.0   0.0   0.0   0.0   0.0   0.0   0.0   0.0   0.0   0.0   0.0   0.0
PYCH   0.0   0.0   0.0   0.0   0.0   0.0   0.0   0.01  0.01  0.0   0.1   0.1   0.0   0.1   0.1   0.0   0.0   0.1   0.1   0.01  0.1   0.0   0.1   0.0   0.0
SOSP   0.01  0.01  0.1   0.0   0.0   0.0   0.0   0.0   0.0   0.01  0.0   0.0   0.0   0.1   0.01  0.0   0.0   0.0   0.0   0.01  0.0   0.0   0.1   0.01  0.0
VIAD   0.0   0.0   0.0   0.0   0.0   0.0   0.0   0.0   0.0   0.0   0.01  0.0   0.01  0.1   0.0   0.1   0.0   0.0   0.01  0.0   0.0   0.0   0.01  0.0   0.0
CXSI   0.0   0.01  0.0   0.0   0.01  0.0   0.0   0.0   0.0   0.0   0.0   0.0   0.0   0.0   0.0   0.0   0.0   0.0   0.0   0.0   0.0   0.0   0.0   0.0   0.0
CXRI   0.1   0.5   0.01  0.1   0.01  0.1   0.1   0.01  0.01  0.0   0.01  0.01  0.1   0.01  0.1   0.01  0.0   0.1   0.01  0.1   0.1   0.01  0.1   0.5   0.1

QUAD  0A    0C    0E    0G    0I    2I    2G    2E    2C    2A    4A    4C    4E    4G    4I    6I    6G    6E    6C    6A    8A    8C    8E    8G    8I    4a    4c    4e    4g    4i
ELGL   0.0   0.0   0.0   0.0   0.0   0.0   0.0   0.0   0.0   0.0   0.0   0.0   0.0   0.0   0.0   0.0   0.0   0.0   0.0   0.0   0.01  0.0   0.01  0.0   0.0
ELIN   0.0   0.0   0.1   0.1   0.1   0.1   0.01  0.01  0.0   0.0   0.5   0.1   0.1   0.5   0.01  0.1   0.0   0.5   0.0   0.1   1.0   0.0   0.0   0.0   0.1
ORAS   0.01  0.0   0.0   0.1   0.0   0.1   0.01  0.1   0.01  0.0   0.0   0.01  0.1   0.01  0.1   0.01  0.0   0.1   0.01  0.0   0.01  0.1   0.01  0.0   0.0
ORPU   0.1   0.01  0.1   0.1   0.01  0.1   0.1   0.01  0.1   0.1   0.5   0.01  0.5   0.5   0.1   0.1   0.1   0.1   0.1   0.5   0.1   0.01  0.5   0.1   0.1
SCPU   0.0   0.0   0.0   0.0   0.0   0.0   0.0   0.0   0.0   0.0   0.0   0.0   1.0   0.0   0.0   0.0   0.0   0.0   0.0   0.0   0.0   0.0   0.0   0.0   0.0
EQVA   0.01  0.01  0.01  0.01  0.01  0.01  0.01  0.01  0.01  0.01  0.1   0.01  0.1   0.01  0.0   0.01  0.1   0.01  0.01  0.1   0.1   0.1   0.01  0.01  0.1
LYCO   0.0   0.0   0.0   0.0   0.0   0.0   0.0   0.0   1.0   1.0   0.0   5.0   4.0   0.0   0.0   0.0   0.0   0.0   0.5   0.0   0.0   0.0   0.0   0.0   0.0
GEAM   0.0   0.0   0.0   0.0   0.0   0.0   0.0   0.0   0.0   0.0   0.0   0.0   0.0   0.0   0.0   0.0   0.0   0.0   0.0   0.0   0.0   0.0   0.0   0.0   0.0
ROWO   0.0   0.0   0.0   0.0   0.0   0.0   0.0   0.0   0.0   0.0   0.0   0.0   0.0   0.0   0.0   0.0   0.0   0.0   0.0   0.0   0.0   0.0   0.0   0.0   0.01
MELI   0.1   0.01  2.0   0.5   0.0   0.5   0.0   0.1   1.0   0.0   0.01  0.0   1.0   0.5   2.0   1.0   2.0   0.5   0.0   0.0   0.0   0.0   0.0   0.0   0.0
AGSC   0.0   0.0   0.0   0.0   0.0   0.0   0.0   0.0   0.0   0.0   0.0   0.0   0.0   0.0   0.0   0.0   0.0   0.0   0.0   0.0   0.0   0.0   0.0   0.0   0.0
ARLY   0.0   0.0   0.0   0.0   0.0   0.0   0.0   0.0   0.0   0.0   0.0   0.0   0.0   0.0   0.0   0.0   0.0   0.0   0.0   0.0   0.0   0.0   0.0   0.0   0.0
VIRE   0.0   0.0   0.0   0.0   0.0   0.0   0.0   0.0   0.0   0.0   0.0   0.0   0.0   0.0   0.0   0.0   0.0   0.0   0.0   0.0   0.0   0.0   0.0   0.0   0.0
AGSU   0.0   0.0   0.0   0.0   0.0   0.0   0.0   0.0   0.0   0.0   0.0   0.0   0.0   0.0   0.0   0.0   0.0   0.0   0.0   0.0   0.0   0.0   0.0   0.0   0.0
temp  61.0  61.0  61.0  59.0  58.0  58.0  59.0  61.0  61.0  61.0  61.0  61.0  61.0  61.0  62.0  63.0  62.0  63.0  63.0  64.0  65.0  65.0  65.0  65.0  65.0



