 0A  0  0  0  0  0  0.01.01  0  0  0  0.01  0.01 .1.01.01  0.01  0.01.01 65.01 
 0A  0  0  0  0.01  0  0  0  0  0  0  0.01  0  0 
 0C  0  0  0  0  0  0.01  0  0  0.01  0  0  0  0.01.01  0  0 .1  0.01.01 10  0 
 0C  0  0  0  0  0  0  0  0  0  0.01  0.01  0  0 
 0E  0  0.01  0  0 .1.01 .1  0  0  0  0.01  0.01  0  0  0  0  0  0.01 .1 15 .1 
 0E  0  0  0  0  0  0  0  0  1  0  0  0  0  0  0 
 0G  0  0  0  0  0 .1  0  0  0  0.01  0.01  0.01.01.01  0  0  0  0.01  0 60 .1 
 0G  0  0  0  0  0  0  0.01  2  0  0  0.01  0  0 
 0I  0  0  1  3  0 60  0  0  0  0  0  0.01  0  0  0  0  0  0  0  0  0  0  2 .1 
 0I  0  0  0  0  0  0  0 .1  0  0  0  0  0.01  0 
 2I  0  0 .1  1  0 10  0  0  0.01  0  0  0  0 .1.01.01  0  0  0  0.01.01 40  1 
 2I  0  0  0  0  0  0  0  1  1  0  0  0.01  0  0 
 2G  0  0.01  0  0 .1 .1  0  0  0  0  0.01  0.01.01  0  0.01.01  0.01  0 80 .1 
 2G  0  0  0.01  0  0  0  0  2  0  0  0.01  0  0 
 2E  0  0.01 .1  0  1 .1.01.01  0.01  0 .1  0  0 .1.01  0  0.01  0.01.01 10 .1 
 2E  0  0  0  0  0  0  0 .1  2  0  0 .1 .1  0.01 
 2C  0  0.01.01  0  1.01  0  0  0 .1  0.01  0.01 .1 .1  0  0.01  0.01.01 25 .1 
 2C  0  0  0  0  0  0  0 .1  1  0  0 .1 .1  0  0 
 2A  0  0.01.01  0 20 .1  0  0  0.01  0  0  0  0.01.01.01  0.01  0.01.01 40  1 
 2A  0  0  0  0  0  0  0 .1  1  0  0  0.01  0  0 
 4A  0  0  0  0  0  1 .1  1  0  0.01  0.01  0  0 .1  1  0  0 .1  0.01.01 20 .1 
 4A  1 .1  0  0  0  0  0  0  3  0  0.01.01  0  0 
 4C  0  0.01  0  0  1.01 .1  0  0.01  0.01  0 .1  0 .1  0  0.01  0  0  0 60 .1 
 4C.01  0  0  0.01  0  0.01  3  0  0  0.01  0  0 
 4E  0  0  0 40  0 20.01  0  0  0  0  0  0  0.01 .1.01  0.01.01  0.01.01  7 .1 
 4E  0  0  0.01  0  0  0 .1  2  0  0  0  0  0.01 
 4G  0  0.01 .1  0  1.01  0  0  0.01  0.01  0.01.01 .1  0  0.01  0.01.01 60  1 
 4G  0.01  0  0  0  0  0  0  1  0  0  0.01.01  0 
 4I  0  0  0  0  0  0.01  0  0  0.01  0.01  0.01  0  0  0  0.01  0  0.01 50 .1 
 4I  0.01  0  0  0  0  0.01  1  0  0  0.01  0  0 
 6I  0  0  0  0  0  0  0  0  0  0  0  0.01  0  0 .1 .1  0  0.01  0.01.01 80 .1 
 6I.01  0  0  0  0  0  0  0  0  0  0  0.01  0  0 
 6G  0.01.01  0  0 .1  0.01  0  0.01  0.01  0  0  0.01  0  0.01  0  0.01 70 .1 
 6G  0  0  0  0  0  0  0  0  0  0  0  0.01  0  0 
 6E  0  0.01  0  0 .1.01  0  0  0 .1  0.01  0  0  0  0  0  0.01  0  0.01 65  1 
 6E.01.01  0 .1  0  0  0  0  2  0  0  0.01  0  0 
 6C  0  0.01  0  0 .1  0  0  0  0  0  0.01  0  0  0  0  0  0.01  0.01.01 55  1 
 6C.01.01  0 .1  0  0  0  0  1  0  0  0.01.01  0 
 6A  0  0  0  0  0.01.01  0  0  0.01  0.01  0.01.01.01.01  0.01  0.01.01 60 .1 
 6A.01  0  0  0  0  0  0  0 .1  0  0  0  0  0  0 
 8A  0  0  0  0  0  0  0 .1  0  0  0  0  0  0  0.01 .1  0  0.01  0.01.01 80 .1 
 8A  0.01  0.01  0  0  0  0 .1  0  0  0.01  0  0 
 8C  0  0  0  0  0.01  0.01  0  0.01  0.01  0.01.01  0  0  0  0  0  0.01 20 .1 
 8C  0  0  0  0.01  0  0  0  0 .1  0  0.01  0.01 
 8E  0  0  0  0  0 .1 .1 .1  0  0  0  0  0  0  0.01.01  0.01 .1  0  0.01 80 .1 
 8E  1  0  0  0.01  0  0  0  0  0  0.01.01  0  0 
 8G  0  0  0  0  0  0.01.01  0  0.01  0.01  0.01.01.01  0  0.01  0  0.01 75 .1 
 8G  0  0  0.01  0  0  0  0  0  0  0.01.01  0  0 
 8I  0  0  0  0.01  0  0  1  0  0.01.01.01  0  0 .1.01  0  0  0  0  0  0 55.01 
 8I .1  0  0  0  0  0  0  0  1  0  0  0  0  0  0 
