   5.53 0 0 0.10 0 0.22 0 0.08 0  5.93  5.60 0 0 0.00 0 0.00 0 0.44 0  6.04  5.12 0 0 0.00  0 1.20 0 0.04 0 &
   6.36  6.38 0 0 0.23 0 1.78 0 0.08 0  8.47  2.72 0 0  0.00 0.36 0.00 0  0.00 0  3.08  6.52 0 0 0.36 0 &
  0.12 0 0.00 0  7.00 25.40 0 0 0.00 0.48 0.24 0 0.00 0 26.12
  10.08 0 0 0.52 0 1.12 0 0.08 0 11.80 33.24 0 0 0.44 0 4.76 0 7.40 0 45.84 20.36 0 0 0.00 0 3.64 0 0.88 0 &
  24.88  9.72 0 0 0.00 0 4.12 0 0.20 0 14.04 15.84 0 0 13.88 0.00 0.00 0 16.16 0 45.88 17.48 0 0 1.80 0 &
  0.60 0 0.04 0 19.92 54.76 0 0 0.92 0.00 6.80 0 0.00 0 62.48
   7.08 0 0 0.16 0 0.20 0 0.04 0  7.48 26.52 0 0 0.00 0 2.60 0 3.72 0 32.84 17.32 0 0 0.04 0 5.72 0 0.92 0 &
  24.00 13.40 0 0 1.00 0 6.24 0 0.04 0 20.68 20.68 0 0 13.44 0.00 0.00 0  0.00 0 34.12 23.16 0 0 1.84 0 &
  0.32 0 0.00 0 25.32 50.20 0 0 0.80 0.00 1.00 0 0.00 0 52.00
   4.08 0 0 0.00 0 0.08 0 0.12 0  4.28  8.40 0 0 0.00 0 0.20 0 0.88 0  9.48 13.12 0 0 0.00 0 8.68 0 0.48 0 &
  22.28  5.08 0 0 0.04 0 2.28 0 0.08 0  7.48 10.04 0 0 25.96 0.32 1.96 0  0.00 0 38.28 16.88 0 0 0.04 0 &
  0.04 0 0.00 0 16.96 39.32 0 0 2.00 0.00 2.04 0 0.12 0 43.48
   1.88 0 0 0.32 0 0.04 0 0.12 0  2.36 10.80 0 0 0.40 0 0.12 0 3.40 0 14.72  4.48 0 0 1.40 0 1.92 0 0.28 0 &
   8.08  4.28 0 0 1.28 0 1.96 0 0.16 0  7.68  6.88 0 0 36.84 0.00 0.00 0  0.00 0 43.72 10.72 0 0 3.52 0 &
  0.04 0 0.00 0 14.28 31.44 0 0 0.00 1.04 0.36 0 0.08 0 32.92
   1.48 0 0 0.00 0 0.12 0 0.12 0  1.72 18.64 0 0 0.00 0 2.28 0 3.72 0 24.64  5.12 0 0 0.00 0 0.00 0 1.16 0 &
   6.28  1.28 0 0 0.00 0 0.80 0 0.00 0  2.08  6.08 0 0  0.00 0.00 0.00 0  0.00 0  6.08  8.28 0 0 0.16 0 &
  0.04 0 0.04 0  8.52 24.24 0 0 0.04 0.00 3.00 0 0.00 0 27.28
   9.04 0 0 0.00 0 0.08 0 0.08 0  9.20 25.92 0 0 0.00 0 1.28 0 2.88 0 30.08 16.16 0 0 0.00 0 4.44 0 0.36 0 &
  20.96  6.76 0 0 0.00 0 0.68 0 0.08 0  7.52 13.96 0 0  0.00 0.00 0.00 0  0.00 0 13.96 18.84 0 0 0.04 0 &
  0.04 0 0.04 0 18.96 36.28 0 0 0.00 0.00 1.76 0 0.08 0 38.12
   6.32 0 0 0.00 0 0.24 0 0.16 0  6.72 18.24 0 0 0.00 0 1.44 0 2.20 0 21.88 14.52 0 0 0.00 0 1.88 0 0.40 0 &
  16.80 10.12 0 0 0.00 0 0.68 0 0.16 0 10.96 14.64 0 0  0.00 0.00 0.24 0  0.00 0 14.88 18.20 0 0 0.08 0 &
  0.12 0 0.04 0 18.44 42.20 0 0 0.00 0.00 3.40 0 0.00 0 45.60
   7.52 0 0 0.00 0 0.00 0 0.00 0  7.52 16.32 0 0 0.00 0 0.48 0 0.72 0 17.52 13.96 0 0 0.00 0 3.24 0 0.16 0 &
  17.36  4.56 0 0 0.00 0 0.04 0 0.04 0  4.64  7.08 0 0  0.00 0.00 0.00 0  0.00 0  7.08 11.60 0 0 0.00 0 &
  0.16 0 0.00 0 11.76 31.24 0 0 0.00 0.00 1.04 0 0.00 0 32.28
   7.80 0 0 0.00 0 0.28 0 0.08 0  8.16 24.76 0 0 0.00 0 2.28 0 2.40 0 29.44 16.52 0 0 0.00 0 6.92 0 0.36 0 &
  23.80  8.60 0 0 0.00 0 1.00 0 0.04 0  9.64 16.92 0 0  0.00 0.00 1.56 0  0.00 0 18.48 17.96 0 0 0.00 0 &
  0.28 0 0.00 0 18.24 48.68 0 0 0.00 0.00 0.76 0 0.28 0 49.72
   5.53 0 0 0.10 0 0.22 0 0.08 0  5.93 18.84 0 0 0.08 0 1.54 0 2.78 0 23.24 12.67 0 0 0.14 0 3.76 0 0.50 0 &
  17.07  6.38 0 0 0.23 0 1.78 0 0.08 0  8.47 11.48 0 0  9.01 0.07 0.38 0  1.62 0 22.56 14.96 0 0 0.78 0 &
  0.18 0 0.02 0 15.94 38.38 0 0 0.38 0.15 2.04 0 0.06 0 41.01
   3.46 0 0 0.18 0 0.33 0 0.05 0  4.02  8.86 0 0 0.18 0 1.49 0 2.04 0 12.57  5.72 0 0 0.44 0 2.72 0 0.36 0 &
   9.24  4.16 0 0 0.48 0 2.00 0 0.07 0  6.71  5.75 0 0 13.30 0.14 0.74 0  5.11 0 25.04  5.34 0 0 1.20 0 &
  0.18 0 0.02 0  6.74 10.55 0 0 0.67 0.35 1.98 0 0.09 0 13.64
