  4.88 0 0 0.00 0  0.04 0 0.40 0  5.32 22.32 0 0 0.00 0 2.48 0  3.12 0 27.92 &
  14.80 0 0 0.00 0  6.80 0 2.04 0 23.64  3.68 0 0 0.00 0 0.52 0 0.28 0  4.48 &
   6.28 0 0  0.00 0.00  0.44 0 0.00 0.00  6.72 12.56 0 0 0.04 0 0.40 0 0.04 &
  0.00 13.04 49.08 0 0 0.04 0.00  0.92 0 0.16  0.00  50.20 113.60 0 0  0.08 &
  0.00 11.60 0  6.04  0.00 131.32
  3.56 0 0 0.00 0  0.44 0 0.16 0  4.16  5.52 0 0 0.00 0 0.12 0  0.76 0  6.40 &
   8.80 0 0 0.00 0  3.24 0 0.96 0 13.00  3.92 0 0 0.00 0 0.36 0 0.20 0  4.48 &
   8.88 0 0  0.00 0.00  0.24 0 0.00 0.00  9.12 17.44 0 0 0.12 0 0.04 0 0.04 &
  0.00 17.64 47.60 0 0 0.00 0.00  0.40 0 0.08  0.00  48.08  95.72 0 0  0.12 &
  0.00  4.84 0  2.20  0.00 102.88
  1.00 0 0 0.00 0  0.04 0 0.00 0  1.04  9.92 0 0 0.00 0 0.76 0  3.28 0 13.96 &
   6.88 0 0 0.08 0  2.92 0 0.32 0 10.20  3.92 0 0 0.00 0 3.00 0 0.12 0  7.04 &
   6.24 0 0  0.00 0.00  0.12 0 0.00 0.00  6.36 10.16 0 0 0.00 0 0.88 0 0.04 &
  0.00 11.08 35.40 0 0 0.00 0.00  3.96 0 0.08  0.00  39.44  73.52 0 0  0.08 &
  0.00 11.68 0  3.84  0.00  89.12
  8.08 0 0 0.00 0 10.28 0 0.48 0 18.84 20.80 0 0 0.00 0 9.20 0  4.96 0 34.96 &
  12.96 0 0 0.00 0 16.28 0 0.00 0 29.24  6.88 0 0 0.20 0 4.04 0 0.16 0 11.28 &
  21.68 0 0 15.40 0.00  0.04 0 0.00 0.00 37.12 28.76 0 0 2.24 0 1.00 0 0.04 &
  0.00 32.04 45.16 0 0 0.76 0.00  4.36 0 0.16  2.00  52.44 144.32 0 0 18.60 &
  0.00 45.20 0  5.80  2.00 215.92
  3.80 0 0 0.00 0  2.44 0 0.24 0  6.48 26.60 0 0 0.00 0 4.56 0  4.96 0 36.12 &
  23.72 0 0 0.00 0 18.24 0 1.80 0 43.76 12.76 0 0 0.00 0 4.72 0 0.44 0 17.92 &
  20.36 0 0  3.08 0.68  1.76 0 0.00 0.52 26.40 34.08 0 0 0.40 0 2.16 0 0.04 &
  0.00 36.68 64.92 0 0 1.52 0.00 19.04 0 0.12  0.00  85.60 186.24 0 0  5.00 &
  0.68 52.92 0  7.60  0.52 252.96
  5.44 0 0 0.00 0  0.04 0 0.04 0  5.52  6.76 0 0 0.00 0 0.28 0  2.44 0  9.48 &
   6.84 0 0 0.00 0  0.84 0 1.28 0  8.96  4.84 0 0 0.64 0 0.28 0 0.32 0  6.08 &
   7.36 0 0  0.00 0.00  0.00 0 0.00 0.00  7.36 16.64 0 0 0.08 0 0.04 0 0.04 &
  0.00 16.80 48.52 0 0 0.00 0.00  2.08 0 0.24  0.00  50.84  96.40 0 0  0.72 &
  0.00  3.56 0  4.36  0.00 105.04
  4.60 0 0 0.00 0  0.04 0 0.56 0  5.20  3.84 0 0 0.00 0 0.16 0  0.32 0  4.32 &
  21.76 0 0 0.00 0  2.04 0 0.92 0 24.72  7.84 0 0 0.00 0 0.36 0 0.24 0  8.44 &
   9.80 0 0  0.00 0.16  0.00 0 0.04 0.00 10.00 13.68 0 0 0.00 0 0.12 0 0.04 &
  0.04 13.88 60.44 0 0 0.76 0.36  0.00 0 0.36 10.80  72.72 121.96 0 0  0.76 &
  0.52  2.72 0  2.48 10.84 139.28
  3.96 0 0 0.12 0  0.32 0 1.20 0  5.60 24.36 0 0 0.00 0 2.44 0 12.04 0 38.84 &
  24.56 0 0 0.00 0 17.52 0 4.96 0 47.04 12.68 0 0 0.00 0 3.20 0 0.72 0 16.60 &
  27.12 0 0 37.24 0.00  0.24 0 0.12 0.00 64.72 29.88 0 0 4.68 0 0.40 0 0.08 &
  0.00 35.04 68.00 0 0 3.00 0.00 10.92 0 0.64  0.00  82.56 190.56 0 0 45.04 &
  0.00 35.04 0 19.76  0.00 290.40
  4.24 0 0 2.28 0  2.64 0 2.16 0 11.32 15.76 0 0 0.40 0 3.08 0  7.24 0 26.48 &
  24.60 0 0 1.96 0 18.44 0 1.76 0 46.76 12.20 0 0 0.00 0 2.44 0 0.56 0 15.20 &
  23.48 0 0 30.12 0.00  0.08 0 0.08 0.00 53.76 43.52 0 0 3.48 0 0.60 0 0.08 &
  0.00 47.68 65.60 0 0 1.60 0.00 14.64 0 0.28 23.12 105.24 189.40 0 0 39.84 &
  0.00 41.92 0 12.16 23.12 306.44
  4.08 0 0 0.56 0  0.20 0 0.40 0  5.24 14.88 0 0 0.32 0 0.68 0 13.04 0 28.92 &
  14.52 0 0 0.12 0  7.88 0 2.48 0 25.00  8.04 0 0 4.88 0 5.68 0 0.80 0 19.40 &
  31.04 0 0 41.92 0.00 21.88 0 0.24 0.00 95.08 33.48 0 0 3.60 0 3.92 0 0.16 &
  0.00 41.16 65.32 0 0 2.56 0.00 22.12 0 0.24  0.00  90.24 171.36 0 0 53.96 &
  0.00 62.36 0 17.36  0.00 305.04
  4.36 0 0 0.30 0  1.65 0 0.56 0  6.87 15.08 0 0 0.07 0 2.38 0  5.22 0 22.74 &
  15.94 0 0 0.22 0  9.42 0 1.65 0 27.23  7.68 0 0 0.57 0 2.46 0 0.38 0 11.09 &
  16.22 0 0 12.78 0.08  2.48 0 0.05 0.05 31.66 24.02 0 0 1.46 0 0.96 0 0.06 &
  0.00 26.50 55.00 0 0 1.02 0.04  7.84 0 0.24  3.59  67.74 138.30 0 0 16.42 &
  0.12 27.19 0  8.16  3.64 193.83
  1.76 0 0 0.72 0  3.19 0 0.66 0  4.90  8.29 0 0 0.15 0 2.82 0  4.37 0 13.02 &
   7.24 0 0 0.61 0  7.38 0 1.39 0 14.54  3.72 0 0 1.53 0 2.00 0 0.24 0  5.76 &
   9.49 0 0 17.21 0.22  6.84 0 0.08 0.16 30.72 11.33 0 0 1.85 0 1.22 0 0.04 &
  0.01 13.42 11.20 0 0 1.11 0.11  8.23 0 0.17  7.65  22.34  53.03 0 0 23.18 &
  0.33 31.68 0  6.95  7.82 104.70
