STAND 3, SURVEY DATE: 07 Sep 1996, OBSERVERS: G.H. La Roi (#1), ROWS: 0,2,4, M.S. Ross (#3), ROWS: 4,6,8, DATA ENTRY: 31 Oct 1996 (note: MSR used thermometer "Old #1"; GHLR used "M"; MSR data from Row 4 in 4a-i below)

QUAD  0A    0C    0E    0G    0I    2I    2G    2E    2C    2A    4A    4C    4E    4G    4I    6I    6G    6E    6C    6A    8A    8C    8E    8G    8I    4a    4c    4e    4g    4i

ABBA   0.0   0.0   0.0   3.0   0.0   0.0   0.0   0.0   0.0   0.0   0.0   0.0   0.0   0.0   0.0   0.0   0.0   0.0   0.0   0.0   0.0   0.0   0.0   0.0   0.0   0.0   0.0   0.0   0.0   0.0
BEPA   0.5   0.5   0.0   0.0   0.0   2.0   0.0   0.0   0.0   1.0   0.0   3.0   0.01  0.0   0.0   0.0   0.0   0.1   0.0   0.0   0.0   2.0   0.5   0.0   0.1   0.0   2.0   0.0   0.0   0.0
PIBA  27.0  22.0  27.0  10.0  25.0   7.0  12.0  17.0  22.0  12.0  24.0  15.0  20.0  20.0  25.0   2.0  10.0  18.0  20.0  12.0  12.0   3.0  20.0   8.0  10.0  16.0  12.0   9.0  13.0  15.0
PIGL   0.0   2.0   6.0   4.0   5.0   5.0  12.0   0.0   0.0  14.0   0.0   4.0   8.0   0.0   2.0   0.1   0.0   0.5   3.0   2.0   1.0   0.5   3.0   0.0   0.0   0.0   3.0   3.0   0.0   0.5
PIMA   0.0   0.0   3.0   0.0   0.0   0.0   0.0   0.0   1.0   0.5   0.0   0.0   0.0   0.0   0.0   0.0   0.0   0.0   0.0   0.0   0.0   0.5   0.0   4.0   0.0   0.0   0.0   0.0   0.0   0.0
POTR   0.0   0.0   0.0   0.0   0.0   0.0   0.0   0.0   0.0   0.0   0.0   0.0   0.0   0.0   0.0   0.0   0.5   0.1   0.0   0.0   0.0   0.0   0.0  10.0   0.5   0.0   0.0   0.0   0.0   0.0
ALCR   6.0  17.0   8.0  20.0   6.0  12.0  10.0   6.0  13.0  20.0   4.0   8.0  10.0  20.0   7.0  12.0   9.0   7.0   6.0   8.0  10.0  20.0   5.0   7.0   3.0   1.0   8.0   7.0  15.0   3.0
AMAL   0.0   0.0   0.0   0.0   0.0   0.0   0.0   0.0   0.0   0.0   1.0   2.0   0.0   0.0   0.0   0.0   0.0   0.0   0.0   0.0   0.0   0.0   0.0   0.0   0.0   0.1   0.5   0.0   0.0   0.0
ARUV   1.0   0.0   0.0   0.0   7.0   0.0   0.0   0.0   0.1   0.0   7.0   0.0   0.0   0.5   0.0   0.1   0.0   0.0   0.01  5.0   0.0   0.0   0.0   0.1   0.0   6.0   0.0   0.0   0.0   0.0
LEGR   0.0   0.5   0.0   0.0   0.0   0.0   0.0   2.0   0.0   0.5   0.0   0.0   0.0   0.0   0.0   3.0   0.0   1.0   0.0   0.1   0.0   0.0   0.0   0.0   0.0   0.0   0.0   0.0   0.0   0.0
LODI   1.0   0.0   0.0   0.0   0.0   0.0   0.0   0.0   0.0   0.0   0.0   0.0   0.0   0.0   0.0   0.0   0.0   0.0   0.0   0.0   0.0   0.0   0.0   0.0   0.1   0.0   0.0   0.0   0.0   0.0
PRPE   0.0   0.0   1.0   0.0   0.0   0.0   0.0   4.0   0.5   0.0   5.0   2.0   0.0   0.0   0.0   0.0   1.0   0.1   0.5   0.1   0.1   1.0   0.0   0.0   0.0   1.0   1.0   0.0   0.0   0.0
ROAC   3.0   3.0   2.0   2.0   5.0   4.0   5.0   1.0   2.0   1.0   6.0   3.0   4.0   3.0   5.0   1.0   1.0   0.5   3.0   2.0   2.0   1.0   0.5   1.0   1.0   2.0   1.0   1.0   2.0   2.0
RUID   2.0   3.0   0.5   1.0   0.5   0.0   2.0   2.0   4.0   2.0   3.0   3.0   0.5   0.0   1.0   0.1   0.5   0.5   0.5   1.0   0.5   2.0   1.0   0.1   0.1   1.0   2.0   0.1   0.0   0.1
VAMY   0.5   3.0   2.0   3.0   2.0   2.0   2.0   1.0   3.0   1.0   4.0   3.0   1.0   2.0   2.0   0.5   0.1   0.5   1.0   0.5   0.5   3.0   0.1   0.5   0.1   0.1   1.0   0.1   0.5   0.1
VAVI   1.0   1.0   0.5   0.5   4.0   1.0   1.0   0.5   1.0   0.5   1.0   1.0   0.5   1.0   2.0   1.0   0.5   2.0   0.1   0.2   1.0   1.0   0.5   0.5   2.0   1.0   0.5   0.5   0.5   2.0
VIED   0.0   0.0   0.0   0.0   0.0   0.0   0.0   0.0   0.0   0.0   0.0   0.0   0.0   0.0   0.0   0.0   0.0   0.0   0.0   0.0   0.0   0.0   0.0   0.0   0.0   0.0   0.0   0.0   0.0   0.0

QUAD  0A    0C    0E    0G    0I    2I    2G    2E    2C    2A    4A    4C    4E    4G    4I    6I    6G    6E    6C    6A    8A    8C    8E    8G    8I    4a    4c    4e    4g    4i
ACRU   0.0   0.0   0.0   0.0   0.0   0.0   0.0   0.0   0.0   0.0   0.0   0.0   0.0   0.0   0.0   0.0   0.0   0.0   0.0   0.0   0.0   0.0   0.0   0.0   0.0   0.0   0.0   0.0   0.0   0.0
ANMU   0.0   0.0   0.0   0.0   0.0   0.0   0.0   0.0   0.0   0.0   0.0   0.0   0.0   0.0   0.01  0.0   0.0   0.0   0.0   0.0   0.0   0.0   0.0   0.0   0.1   0.0   0.0   0.0   0.0   0.01
ANPA   0.1   0.0   0.0   0.0   0.0   0.0   0.0   0.0   0.0   0.0   0.0   0.0   0.0   0.0   0.0   0.0   0.0   0.0   0.0   0.0   0.0   0.0   0.0   0.0   0.0   0.0   0.0   0.0   0.0   0.0
ARNU   3.0  14.0   9.0  15.0  14.0   7.0   7.0  17.0  15.0   8.0   7.0   8.0   5.0   6.0  10.0   2.0   1.0   3.0   2.0   3.0   4.0   3.0   2.0   1.0   2.0   3.0   2.0   1.0   3.0   2.0
CARO   0.01  0.01  0.0   0.0   0.01  0.0   0.0   0.0   0.0   0.0   0.0   0.0   0.0   0.0   0.0   0.0   0.0   0.0   0.01  0.1   0.0   0.0   0.0   0.0   0.0   0.0   0.0   0.0   0.0   0.0
COCA   0.0   0.0   0.0  10.0   5.0  11.0   0.0   0.0   0.0   3.0   0.0   0.0   0.0   0.0   0.0   0.1   0.0   0.0   2.0   0.0   0.0   0.0   0.0   0.0   4.0   0.1   0.0   0.0   0.0   0.0
EPAN   0.5   1.0   0.0   0.0   0.0   0.0   0.0   0.0   1.0   1.0   0.0   0.0   0.0   0.0   0.0   0.0   0.0   0.0   0.0   0.0   0.0   0.5   0.1   0.1   0.5   0.0   0.0   0.0   0.0   0.0
FRVI   0.0   0.0   0.01  0.0   0.0   0.0   0.5   0.0   0.0   0.0   0.0   1.0   0.0   0.5   0.0   0.0   0.0   0.1   0.0   0.0   0.0   0.0   0.0   0.0   0.1   0.0   1.0   0.0   0.0   0.0
GABO   0.1   0.1   0.1   0.1   0.5   0.0   0.0   0.0   0.1   0.1   0.5   0.5   0.1   0.1   0.1   0.0   0.0   0.0   0.0   0.0   0.1   0.0   0.1   0.01  0.1   0.01  0.1   0.1   0.1   0.1
GELI   0.1   0.0   0.1   0.0   0.1   0.0   0.0   0.0   0.0   0.0   0.0   0.0   0.0   0.0   0.0   0.0   0.0   0.0   0.0   0.1   0.0   0.0   0.1   0.0   0.0   0.0   0.0   0.0   0.01  0.1
GORE   0.0   0.0   0.0   0.0   0.0   0.0   0.0   0.0   0.0   0.0   0.0   0.0   0.0   0.0   0.0   0.0   0.0   0.0   0.0   0.0   0.0   0.0   0.0   0.0   0.0   0.0   0.0   0.0   0.0   0.0
HIUM   0.1   0.0   0.01  0.0   0.0   0.0   0.0   0.1   0.0   0.0   0.0   0.0   0.0   0.0   0.0   0.0   0.0   0.0   0.0   0.0   0.0   0.0   0.0   0.0   0.0   0.0   0.0   0.0   0.0   0.0
LIBO   6.0   5.0   3.0   4.0   4.0   1.0   6.0   8.0   4.0   4.0   4.0   2.0   2.0   4.0   7.0   2.0   2.0   2.0  10.0   5.0   3.0   5.0   4.0   4.0   4.0   4.0   0.5   2.0   4.0   7.0
LIPH   0.0   0.0   0.0   0.0   0.0   0.0   0.0   0.01  0.01  0.0   0.0   0.0   0.0   0.0   0.0   0.0   0.0   0.0   0.0   0.0   0.0   0.0   0.0   0.0   0.0   0.0   0.0   0.0   0.0   0.0
MACA   0.5   1.0   0.5   2.0   2.0   0.5   0.5   2.0   0.1   1.0   1.0   0.5   2.0   0.1   2.0   0.5   0.5   0.1   0.1   0.5   0.5   2.0   1.0   0.1   0.1   0.1   0.1   0.1   0.1   0.1
MELI   0.0   0.0   0.0   0.0   0.0   0.0   0.0   0.0   0.0   0.0   0.0   0.0   0.0   0.0   0.0   0.0   0.0   0.0   0.0   0.0   0.0   0.0   0.0   0.0   0.0   0.0   0.0   0.0   0.0   0.0
ORSE   0.0   0.0   0.5   1.0   0.0   0.01  0.0   0.1   1.0   0.1   0.5   0.1   0.1   0.0   0.5   0.5   0.1   0.0   0.5   0.1   0.1   0.1   0.0   2.0   0.1   1.0   0.0   0.1   0.0   0.5
PYCH   0.1   0.0   0.0   0.0   0.0   0.1   0.0   0.0   0.1   0.1   0.0   0.0   0.0   0.0   0.0   0.0   0.01  0.01  0.1   0.0   0.0   0.0   0.1   0.0   0.01  0.0   0.0   0.0   0.0   0.0
RUPU   0.01  1.0   0.0   2.0   0.0   0.5   2.0   0.0   2.0   0.5   0.5   1.0   2.0   0.0   0.0   0.0   0.0   0.1   0.0   0.1   0.0   0.0   0.01  0.0   0.5   0.1   0.1   0.5   0.0   0.0
VIAD   0.1   0.0   0.0   0.0   0.1   0.0   0.0   0.0   0.0   0.0   0.0   0.0   0.0   0.0   0.0   0.0   0.0   0.0   0.0   0.0   0.0   0.0   0.0   0.0   0.0   0.0   0.0   0.0   0.0   0.0
VIRE   0.0   1.0   0.1   1.0   0.0   0.0   0.0   1.0   0.1   0.1   0.5   0.5   0.1   0.1   0.1   0.0   0.1   0.1   0.5   0.1   0.0   0.5   0.0   0.0   0.0   0.5   0.5   0.1   0.1   0.1

QUAD  0A    0C    0E    0G    0I    2I    2G    2E    2C    2A    4A    4C    4E    4G    4I    6I    6G    6E    6C    6A    8A    8C    8E    8G    8I    4a    4c    4e    4g    4i
CXSI   0.0   0.0   0.0   0.0   0.0   0.0   0.01  0.0   0.0   0.0   0.0   0.0   0.0   0.0   0.0   0.0   0.0   0.0   0.0   0.0   0.0   0.0   0.0   0.0   0.0   0.0   0.0   0.0   0.0   0.0
CXRI   0.0   0.0   0.0   0.0   0.0   0.0   0.0   0.0   0.0   0.0   0.0   0.0   0.0   0.0   0.0   0.0   0.0   0.0   0.0   0.0   0.0   0.0   0.0   0.0   0.0   0.0   0.0   0.0   0.0   0.0
ELGL   0.0   0.0   0.0   0.0   0.0   0.0   0.0   0.0   0.0   0.0   0.0   0.0   0.0   0.0   0.0   0.0   0.0   0.0   0.0   0.0   0.0   0.0   0.0   0.0   0.0   0.0   0.0   0.0   0.0   0.0
ELIN   0.1   0.1   0.5   0.1   1.0   0.1   0.5   0.1   0.5   1.0   0.5   1.0   0.01  0.5   0.5   0.1   0.1   0.1   0.5   0.5   0.1   0.1   0.5   0.1   0.1   0.5   0.5   0.1   0.1   0.5
ORPU   0.01  0.0   0.0   0.0   0.01  0.0   0.01  0.0   0.0   0.0   0.01  0.0   0.0   0.0   0.0   0.0   0.0   0.0   0.1   0.04  0.0   0.0   0.0   0.0   0.0   0.1   0.0   0.0   0.0   0.0
SCPU   0.0   0.0   0.0   0.0   0.5   0.0   0.0   0.0   0.0   0.0   0.0   0.0   0.0   0.0   0.0   0.0   0.0   0.0   0.0   0.1   0.0   0.0   0.0   0.0   0.0   0.0   0.0   0.0   0.0   0.0
DRCA   0.0   2.0   0.0   0.0   0.0   0.0   0.0   0.5   0.0   1.0   0.0   0.5   2.0   0.0   0.0   0.0   0.01  0.0   0.0   0.0   0.0   0.01  0.0   0.0   0.1   0.0   0.01  0.0   0.1   0.0
EQVA   0.0   0.0   0.0   0.0   0.0   0.0   0.0   0.0   0.0   0.0   0.01  0.0   0.0   0.0   0.0   0.0   0.0   0.0   0.0   0.0   0.0   0.0   0.0   0.0   0.0   0.0   0.0   0.0   0.0   0.0
LYAN   0.0   4.0   0.0   1.0   0.0   0.0   0.0   1.0   0.0   0.0   0.0   0.5   1.0   0.0   0.0   0.1   0.5   0.0   0.0   0.01  0.0   0.5   0.0   0.01  0.0   0.0   0.1   0.0   0.1   0.0
LYCO   0.0   0.0   0.0   0.5   0.0   0.0   0.0   0.0   0.0   2.0   1.0   1.0   0.0   0.0   0.0   0.0   0.0   0.0   0.0   0.0   1.0   0.0   0.0   0.0   0.0   4.0   0.5   0.0   0.0   0.0
ORAS   0.0   0.0   0.0   0.0   0.0   0.0   0.0   0.0   0.0   0.0   0.01  0.0   0.0   0.0   0.01  0.0   0.0   0.0   0.0   0.0   0.0   0.0   0.0   0.0   0.0   0.0   0.0   0.0   0.0   0.01
SOSP   0.0   0.0   0.0   0.0   0.0   0.0   0.0   0.0   0.0   0.0   0.0   0.0   0.0   0.0   0.0   0.0   0.0   0.0   0.0   0.0   0.0   0.0   0.0   0.0   0.0   0.0   0.0   0.0   0.0   0.0
CACA   0.0   0.0   0.0   0.0   0.0   0.0   0.0   0.0   0.0   0.0   0.0   0.0   0.0   0.0   0.0   0.0   0.0   0.0   0.0   0.0   0.0   0.0   0.0   0.0   0.0   0.0   0.0   0.0   0.0   0.0
ROWO   0.0   0.0   0.0   0.0   0.0   0.0   0.0   0.0   0.0   0.0   0.0   0.0   0.0   0.0   0.0   0.0   0.0   0.0   0.0   0.0   0.0   0.0   0.0   0.0   0.0   0.0   0.0   0.0   0.0   0.0
TRBO   0.0   0.0   0.0   0.0   0.0   0.0   0.0   0.0   0.0   0.0   0.0   0.0   0.0   0.0   0.0   0.0   0.0   0.0   0.0   0.0   0.0   0.0   0.0   0.0   0.0   0.0   0.0   0.0   0.0   0.0
COTR   0.0   0.0   0.0   0.0   0.0   0.0   0.0   0.0   0.0   0.0   0.0   0.0   0.0   0.0   0.0   0.0   0.0   0.0   0.0   0.0   0.0   0.0   0.0   0.0   0.0   0.0   0.0   0.0   0.0   0.0
DITR   0.0   0.0   0.0   0.0   0.0   0.0   0.0   0.0   0.0   0.0   0.0   0.0   0.0   0.0   0.0   0.0   0.0   0.0   0.0   0.0   0.0   0.0   0.0   0.0   0.0   0.0   0.0   0.0   0.0   0.0
temp  49.0  48.0  49.0  49.0  49.0  49.0  49.0  48.0  49.0  48.0  49.0  49.0  48.0  49.0  49.0  49.0  48.0  48.0  48.0  48.0  48.0  50.0  48.0  48.0  48.0  47.0  47.0  48.0  48.0  48.0
