STAND 3, SURVEY DATE: 05 Jun 1983, OBSERVERS: G.H. La Roi (#1), ROWS: 0,2,4A-G, M.S. Ross (#3), ROWS: 4I,6,8, DATA ENTRY: 19 Jul 1996 (note: GHLR used thermometer #1, MSR used #M; MSR did not recognize PIMA in 8C & 8G)

QUAD  0A    0C    0E    0G    0I    2I    2G    2E    2C    2A    4A    4C    4E    4G    4I    6I    6G    6E    6C    6A    8A    8C    8E    8G    8I    4a    4c    4e    4g    4i

ABBA   0.0   0.0   0.0   3.0   0.0   0.0   0.0   0.0   0.0   0.0   0.0   0.0   0.0   0.0   0.0   0.0   0.0   0.0   0.0   0.0   0.0   0.0   0.0   0.0   0.0
BEPA   0.5   0.5   0.0   0.0   0.0   2.0   0.0   0.0   0.0   1.0   0.0   3.0   0.0   0.0   0.0   0.0   0.0   0.01  0.0   0.0   0.0   1.0   0.1   0.0   0.01
PIBA  28.0  20.0  25.0   8.0  20.0  12.0  15.0  13.0  20.0  15.0  20.0  18.0  25.0  30.0  11.0   4.0   9.0  15.0  12.0   9.0   8.0   2.0  12.0   6.0  12.0
PIGL   0.0   2.0  10.0   4.0   5.0   6.0  12.0   0.0   0.0  20.0   0.0   3.0   6.0   0.5   0.5   0.5   0.0   1.0   3.0   0.0   2.0   2.0   0.0   9.0   0.0
PIMA   0.0   0.0   4.0   0.0   0.0   0.0   0.0   0.0   0.5   0.1   0.0   0.0   0.0   0.0   0.0   0.0   0.0   0.0   0.0   0.0   0.0   0.0   0.0   0.0   0.0
POTR   0.0   0.0   0.0   0.0   0.0   0.0   0.0   0.0   0.0   0.0   0.0   0.0   0.0   0.0   0.0   0.0   0.01  0.0   0.0   0.0   0.0   0.0   0.1   6.0   1.0
ALCR   5.0   6.0   6.0   6.0   3.0   6.0   5.0   5.0   4.0   3.0   1.0   5.0   6.0   5.0   4.0  15.0   8.0   8.0   4.0  10.0   7.0   5.0   3.0   6.0   2.0
AMAL   0.0   0.0   0.0   0.0   0.0   0.0   0.0   0.0   0.0   0.0   0.0   0.5   0.0   0.0   0.0   0.0   0.0   0.0   0.0   0.0   0.0   0.0   0.0   0.0   0.01
ARUV   0.5   0.0   0.01  0.0   5.0   0.0   0.0   0.0   0.0   0.0   8.0   0.0   0.0   1.0   0.0   0.1   0.0   0.0   0.0   3.0   0.0   0.5   0.0   0.0   0.0
LEGR   0.0   0.1   0.0   0.0   0.0   0.0   0.0   2.0   0.0   0.1   0.0   0.0   0.0   0.0   0.0   4.0   0.0   1.0   0.0   0.01  0.0   0.0   0.0   0.0   0.0
LODI   1.0   0.0   0.0   0.0   0.0   0.0   0.0   0.0   0.0   0.0   0.0   0.0   0.0   0.0   0.0   0.0   0.0   0.0   0.0   0.0   0.0   0.01  0.0   0.0   0.1
PRPE   0.0   0.0   0.1   0.0   0.0   0.0   0.0   3.0   0.0   0.0   4.0   2.0   0.0   0.0   0.0   0.0   0.1   0.1   0.0   0.5   0.01  0.5   0.0   0.0   0.0
ROAC   2.0   1.0   2.0   1.0   6.0   0.5   2.0   1.0   1.0   0.1   3.0   1.0   1.0   3.0   1.0   1.0   1.0   0.01  2.0   1.0   2.0   0.5   2.0   2.0   1.0
RUID   1.0   2.0   0.0   1.0   0.1   0.0   0.5   1.0   3.0   1.0   1.0   3.0   0.5   0.0   0.01  0.1   0.5   0.5   0.5   0.5   0.5   2.0   0.5   0.1   0.0
VAMY   0.5   1.0   1.0   1.0   2.0   0.1   1.0   0.5   2.0   0.5   2.0   2.0   1.0   0.5   0.5   2.0   0.1   0.1   1.0   1.0   1.0   3.0   0.1   2.0   0.01
VAVI   2.0   1.0   1.0   0.5   3.0   0.5   1.0   0.5   0.1   0.5   0.5   1.0   0.5   0.5   3.0   3.0   1.0   1.0   0.5   3.0   1.0   2.0   1.0   1.0   2.0
VIED   0.0   0.0   0.0   0.0   0.0   0.01  0.0   0.0   0.0   0.0   0.0   0.0   0.0   0.0   0.0   0.0   0.0   0.0   0.0   0.0   0.0   0.0   0.0   0.0   0.0

QUAD  0A    0C    0E    0G    0I    2I    2G    2E    2C    2A    4A    4C    4E    4G    4I    6I    6G    6E    6C    6A    8A    8C    8E    8G    8I    4a    4c    4e    4g    4i
ACRU   0.0   0.0   0.0   0.0   0.0   0.0   0.0   0.0   0.0   0.0   0.0   0.0   0.0   0.0   0.0   0.0   0.0   0.0   0.0   0.0   0.0   0.0   0.0   0.0   0.0
ANMU   0.01  0.0   0.0   0.0   0.0   0.0   0.0   0.0   0.0   0.0   0.0   0.0   0.0   0.0   0.0   0.0   0.0   0.0   0.0   0.0   0.0   0.0   0.0   0.0   0.0
ANPA   0.01  0.0   0.0   0.0   0.0   0.0   0.0   0.0   0.0   0.0   0.0   0.0   0.0   0.0   0.0   0.0   0.0   0.0   0.0   0.0   0.0   0.0   0.0   0.0   0.0
ARNU   0.1   1.0   1.0   1.0   1.0   1.0   1.0   1.0   1.0   0.5   1.0   1.0   0.5   0.5   0.5   0.5   0.5   0.5   1.0   2.0   0.5   1.0   0.5   0.1   0.5
CARO   0.01  0.1   0.01  0.0   0.0   0.0   0.01  0.0   0.0   0.0   0.01  0.0   0.0   0.0   0.0   0.0   0.0   0.0   0.0   0.0   0.0   0.0   0.0   0.0   0.0
COCA   0.0   0.0   0.0   4.0   3.0   5.0   0.0   0.0   0.0   2.0   0.0   0.0   0.0   0.0   0.0   0.1   0.0   0.0   0.0   0.1   0.0   0.0   0.0   0.0   2.0
EPAN   0.01  0.5   0.0   0.0   0.0   0.0   0.0   0.0   0.5   1.0   0.0   0.0   0.0   0.0   0.0   0.0   0.0   0.0   0.0   0.0   0.0   0.1   0.0   0.01  0.5
FRVI   0.0   0.0   0.0   0.0   0.0   0.0   0.0   0.01  0.0   0.0   0.0   1.0   0.0   0.0   0.0   0.0   0.0   0.1   0.0   0.0   0.0   0.0   0.0   0.0   0.0
GABO   0.01  0.1   0.1   0.0   0.1   0.0   0.01  0.0   0.1   0.1   0.1   0.1   0.1   0.1   0.1   0.0   0.0   0.0   0.0   0.0   0.1   0.0   0.01  0.0   0.1
GELI   0.01  0.0   0.0   0.0   0.0   0.0   0.0   0.0   0.0   0.0   0.0   0.0   0.0   0.1   0.1   0.1   0.0   0.0   0.1   1.0   0.0   0.0   0.1   0.0   0.01
GORE   0.0   0.0   0.0   0.0   0.0   0.0   0.0   0.0   0.0   0.0   0.0   0.0   0.0   0.0   0.0   0.0   0.0   0.0   0.0   0.0   0.0   0.0   0.0   0.0   0.0
HIUM   0.0   0.0   0.01  0.0   0.0   0.0   0.0   0.0   0.0   0.0   0.0   0.0   0.0   0.0   0.0   0.0   0.0   0.0   0.0   0.0   0.0   0.0   0.0   0.0   0.0
LIBO   4.0   2.0   2.0   2.0   3.0   0.5   3.0   3.0   3.0   3.0   4.0   2.0   1.0   1.0   3.0   1.0   2.0   2.0   8.0   3.0   2.0   4.0   3.0   3.0   3.0
LIPH   0.0   0.0   0.0   0.0   0.0   0.0   0.0   0.0   0.0   0.0   0.0   0.0   0.0   0.0   0.0   0.0   0.0   0.0   0.0   0.0   0.0   0.0   0.0   0.0   0.0
MACA   4.0   3.0   2.0   6.0   5.0   5.0   4.0  10.0   3.0   3.0   4.0   5.0   3.0   2.0   1.0   1.0   5.0   3.0   5.0   5.0   2.0   3.0   2.0   0.5   4.0
MELI   0.0   0.0   0.0   0.0   0.0   0.0   0.0   0.0   0.0   0.0   0.0   0.0   0.0   0.0   0.0   0.0   0.0   0.0   0.0   0.0   0.0   0.0   0.0   0.0   0.0
ORSE   0.0   0.0   0.5   0.1   0.01  0.0   0.0   0.1   0.5   0.0   0.5   0.0   0.1   0.0   0.01  0.1   0.1   0.0   0.1   0.0   0.0   0.01  0.0   1.0   0.01
PYCH   0.0   0.0   0.0   0.01  0.0   0.0   0.0   0.01  0.1   0.0   0.0   0.0   0.0   0.0   0.1   0.0   0.0   0.0   0.0   0.0   0.01  0.01  0.1   0.5   0.0
RUPU   0.0   0.5   0.0   0.1   0.0   0.01  0.1   0.0   2.0   0.1   0.1   0.5   0.1   0.0   0.0   0.0   0.5   0.5   0.0   0.0   0.0   0.0   0.0   0.01  0.1
VIAD   0.01  0.0   0.0   0.0   0.0   0.0   0.0   0.0   0.0   0.0   0.01  0.0   0.0   0.0   0.0   0.0   0.0   0.0   0.0   0.0   0.0   0.0   0.0   0.0   0.0
VIRE   0.0   0.5   0.01  0.01  0.0   0.0   0.0   0.1   0.1   0.1   0.5   0.1   0.01  0.0   0.01  0.0   0.0   0.0   0.1   0.01  0.0   0.0   0.01  0.0   0.0

QUAD  0A    0C    0E    0G    0I    2I    2G    2E    2C    2A    4A    4C    4E    4G    4I    6I    6G    6E    6C    6A    8A    8C    8E    8G    8I    4a    4c    4e    4g    4i
CXSI   0.0   0.0   0.0   0.0   0.0   0.0   0.01  0.0   0.0   0.0   0.0   0.0   0.0   0.0   0.0   0.0   0.0   0.0   0.0   0.0   0.0   0.0   0.0   0.0   0.0
CXRI   0.0   0.0   0.0   0.0   0.0   0.0   0.0   0.0   0.0   0.0   0.0   0.0   0.0   0.0   0.0   0.0   0.0   0.0   0.0   0.0   0.0   0.0   0.0   0.0   0.0
ELGL   0.0   0.0   0.0   0.0   0.0   0.0   0.01  0.0   0.0   0.0   0.0   0.0   0.0   0.0   0.0   0.0   0.0   0.0   0.0   0.0   0.0   0.0   0.0   0.0   0.0
ELIN   0.01  0.01  0.1   0.01  0.1   0.01  0.1   0.01  0.1   0.5   1.0   1.0   0.01  0.5   0.01  0.1   0.5   0.5   1.0   1.0   0.1   0.1   0.5   0.1   0.5
ORPU   0.01  0.0   0.01  0.0   0.01  0.0   0.0   0.0   0.0   0.0   0.01  0.0   0.0   0.0   0.0   0.0   0.0   0.0   0.5   0.1   0.0   0.0   0.0   0.0   0.0
SCPU   0.0   0.0   0.0   0.01  0.5   0.0   0.0   0.0   0.0   0.0   0.0   0.0   0.0   0.0   0.0   0.0   0.0   0.0   0.0   0.1   0.0   0.0   0.0   0.0   0.0
DRCA   0.0   1.0   0.0   0.0   0.0   0.0   0.0   0.1   0.0   0.5   0.0   0.1   0.1   0.0   0.0   0.0   0.0   0.0   0.0   0.0   0.0   0.0   0.0   0.0   0.1
EQVA   0.0   0.0   0.0   0.0   0.0   0.0   0.0   0.0   0.0   0.0   0.01  0.0   0.0   0.0   0.0   0.0   0.0   0.0   0.0   0.0   0.0   0.0   0.0   0.0   0.0
LYAN   0.0   4.0   0.0   0.5   0.0   0.01  0.0   0.0   0.0   1.0   0.0   0.01  1.0   0.0   0.0   0.0   2.0   0.0   0.0   0.0   0.0   0.1   0.0   0.0   0.0
LYCO   0.0   0.0   0.0   0.1   0.0   0.0   0.0   0.0   0.0   0.0   2.0   1.0   0.0   0.0   0.0   0.0   0.0   0.0   0.0   0.0   2.0   0.0   0.0   0.0   0.0
ORAS   0.0   0.0   0.0   0.0   0.0   0.0   0.0   0.0   0.0   0.0   0.01  0.0   0.0   0.0   0.0   0.0   0.0   0.0   0.0   0.0   0.0   0.0   0.0   0.0   0.0
SOSP   0.0   0.0   0.0   0.0   0.0   0.0   0.0   0.0   0.0   0.0   0.0   0.0   0.0   0.0   0.0   0.0   0.0   0.0   0.0   0.0   0.0   0.0   0.0   0.0   0.0
CACA   0.0   0.0   0.0   0.0   0.0   0.0   0.0   0.0   0.0   0.0   0.0   0.0   0.0   0.0   0.0   0.0   0.0   0.0   0.0   0.0   0.0   0.0   0.0   0.0   0.0
ROWO   0.0   0.0   0.0   0.0   0.0   0.0   0.0   0.0   0.0   0.0   0.0   0.0   0.0   0.0   0.0   0.0   0.0   0.0   0.0   0.0   0.0   0.0   0.0   0.0   0.0
TRBO   0.0   0.0   0.0   0.0   0.0   0.0   0.0   0.0   0.0   0.0   0.0   0.0   0.0   0.0   0.0   0.0   0.0   0.0   0.0   0.0   0.0   0.0   0.0   0.0   0.0
COTR   0.0   0.0   0.0   0.0   0.0   0.0   0.0   0.0   0.0   0.0   0.0   0.0   0.0   0.0   0.0   0.0   0.0   0.0   0.0   0.0   0.0   0.0   0.0   0.0   0.0
DITR   0.0   0.0   0.0   0.0   0.0   0.0   0.0   0.0   0.0   0.0   0.0   0.0   0.0   0.0   0.0   0.0   0.0   0.0   0.0   0.0   0.0   0.0   0.0   0.0   0.0
temp  47.0  47.0  49.0  50.0  49.0  48.0  48.0  48.0  51.0  51.0  52.0  51.0  51.0  51.0  53.0  50.0  51.0  49.0  52.0  51.0  50.0  51.0  50.0  47.0  51.0
