STAND 3, SURVEY DATE: 9 Aug 1982, OBSERVERS: G.H. La Roi (#1), ROWS: 4G,4I,6,8, R.A. Ellis (#2), ROWS 0,2,4A,4C,4E, DATA ENTRY: 7 Mar 1996  (note: RAE used thermometer "M")

QUAD  0A    0C    0E    0G    0I    2I    2G    2E    2C    2A    4A    4C    4E    4G    4I    6I    6G    6E    6C    6A    8A    8C    8E    8G    8I    4a    4c    4e    4g    4i

ABBA   0.0   0.0   0.0   1.0   0.0   0.0   0.0   0.0   0.0   0.0   0.0   0.0   0.0   0.0   0.0   0.0   0.0   0.0   0.0   0.0   0.0   0.0   0.0   0.0   0.0
BEPA   0.1   0.1   0.0   0.0   0.0   0.0   0.0   0.0   0.0   0.0   0.0   0.5   0.0   0.0   0.0   0.0   0.0   0.1   0.0   0.0   0.0   1.0   0.5   0.01  0.5
PIBA  20.0  20.0  25.0  10.0  25.0   7.0  17.0  10.0  25.0   5.0  20.0  20.0  15.0  30.0  25.0   9.0  27.0  30.0  30.0  20.0  20.0   9.0  25.0  18.0  22.0
PIGL   0.0   0.0   5.0   2.0   2.0   4.0   0.0   0.0   0.0  10.0   0.0   0.0   3.0   1.0   1.0   1.0   0.0   2.0   4.0   0.0   4.0   2.0   1.0   3.0   0.0
PIMA   0.0   0.0   0.0   0.0   0.0   0.0   0.0   0.0   0.0   0.0   0.0   0.0   0.0   0.0   0.0   0.0   0.0   0.0   0.0   0.0   0.0   2.0   0.0   6.0   0.0
POTR   0.0   0.0   0.0   0.0   0.0   0.0   0.0   0.0   0.0   0.0   0.0   0.0   0.0   0.0   0.1   0.01  1.0   0.5   0.0   0.0   0.0   0.0   1.0   5.0   2.0
ALCR   5.0  15.0   3.0   7.0   2.0   7.0  12.0  15.0   8.0  15.0   0.5  17.0  15.0  10.0   4.0  10.0  10.0   7.0   6.0  10.0   9.0  12.0   5.0   4.0   3.0
AMAL   0.0   0.0   0.0   0.0   0.0   0.0   0.0   0.0   0.0   0.0   0.1   0.1   0.0   0.0   0.0   0.0   0.0   0.0   0.0   0.0   0.0   0.0   0.0   0.0   0.0
ARUV   0.1   0.0   0.0   0.0   3.0   0.0   0.0   0.0   0.0   0.0   4.0   0.0   0.0   1.0   0.1   0.0   0.0   0.5   0.0   5.0   0.5   2.0   0.0   1.0   0.0
LEGR   0.0   0.0   0.0   0.0   0.0   0.0   0.0   0.5   0.0   0.1   0.0   0.0   0.0   0.0   0.0   4.0   0.0   3.0   0.0   2.0   0.0   0.0   0.0   0.0   0.0
LODI   0.1   0.0   0.0   0.0   0.0   0.0   0.0   0.0   0.0   0.0   0.0   0.0   0.0   0.0   0.0   0.0   0.0   0.0   0.0   0.0   0.0   0.0   0.0   0.0   0.01
PRPE   0.0   0.0   0.0   0.0   0.0   0.0   0.0   1.0   0.0   0.0   2.0   2.0   0.0   0.0   0.0   0.0   2.0   0.5   1.0   1.0   1.0   1.0   0.0   0.0   0.0
ROAC   1.0   0.5   2.0   0.5   5.0   1.0   3.0   0.5   0.5   0.5   5.0   1.0   3.0   4.0   4.0   3.0   2.0   1.0   4.0   2.0   3.0   3.0   2.0   2.0   3.0
RUID   0.5   1.0   0.5   1.0   0.1   0.0   1.0   0.5   3.0   0.5   3.0   3.0   0.5   0.0   0.1   0.5   1.0   1.0   0.5   2.0   1.0   2.0   2.0   1.0   0.5
VAMY   0.5   1.0   1.0   1.0   2.0   0.5   1.0   1.0   0.5   1.0   3.0   4.0   0.5   2.0   1.0   4.0   1.0   0.5   4.0   2.0   2.0   4.0   2.0   2.0   1.0
VAVI   0.1   0.5   0.1   0.1   2.0   0.5   0.5   0.1   0.1   0.5   1.0   0.1   0.1   1.0   2.0   2.0   1.0   1.0   0.5   3.0   2.0   2.0   0.5   1.0   3.0
VIED   0.0   0.0   0.0   0.0   0.0   0.1   0.0   0.0   0.0   0.0   0.0   0.0   0.0   0.0   0.0   0.0   0.0   0.0   0.0   0.0   0.0   0.0   0.0   0.0   0.0

QUAD  0A    0C    0E    0G    0I    2I    2G    2E    2C    2A    4A    4C    4E    4G    4I    6I    6G    6E    6C    6A    8A    8C    8E    8G    8I    4a    4c    4e    4g    4i
ACRU   0.0   0.0   0.0   0.1   0.0   0.0   0.0   0.0   0.0   0.0   0.0   0.0   0.0   0.0   0.0   0.0   0.0   0.0   0.0   0.0   0.0   0.0   0.0   0.0   0.0
ANMU   0.1   0.0   0.0   0.0   0.0   0.0   0.0   0.0   0.0   0.0   0.0   0.0   0.0   0.0   0.01  0.0   0.0   0.0   0.0   0.0   0.0   0.0   0.0   0.0   0.0
ANPA   0.0   0.0   0.0   0.0   0.0   0.0   0.0   0.0   0.0   0.0   0.0   0.0   0.0   0.0   0.0   0.0   0.0   0.0   0.0   0.0   0.0   0.0   0.0   0.0   0.1
ARNU   0.5  15.0   3.0  20.0  17.0  15.0  15.0  10.0  25.0   4.0  10.0  25.0   7.0   9.0   6.0   5.0   6.0   8.0  12.0   5.0   5.0  11.0  10.0   4.0   7.0
CARO   0.01  0.01  0.01  0.0   0.01  0.0   0.0   0.0   0.0   0.0   0.01  0.01  0.0   0.0   0.0   0.0   0.0   0.0   0.1   0.01  0.0   0.0   0.0   0.0   0.0
COCA   0.0   0.0   0.0   6.0   4.0   7.0   0.0   0.0   0.0   0.0   0.0   0.0   0.0   0.0   0.0   1.0   0.0   0.0   2.0   0.0   0.0   0.0   0.0   0.0   6.0
EPAN   0.01  0.5   0.0   0.0   0.0   0.0   0.0   0.0   0.5   0.1   0.0   0.0   0.0   0.0   0.0   0.0   0.5   0.0   0.0   0.0   0.0   2.0   2.0   1.0   2.0
FRVI   0.0   0.0   0.0   0.0   0.0   0.0   0.0   0.5   0.0   0.0   0.0   2.0   0.0   0.5   0.0   0.0   0.0   0.5   0.0   0.0   0.0   0.0   0.0   0.0   0.1
GABO   0.1   0.1   0.1   0.1   0.1   0.0   0.01  0.0   0.5   0.1   0.1   0.1   0.1   0.1   0.1   0.0   0.0   0.0   0.0   0.0   0.1   0.0   0.1   0.0   0.5
GELI   0.1   0.0   0.1   0.0   0.1   0.0   0.0   0.0   0.0   0.0   0.0   0.0   0.0   0.0   0.1   0.5   0.0   0.0   0.1   1.0   0.1   0.0   0.5   0.0   0.5
GORE   0.0   0.0   0.0   0.0   0.0   0.0   0.0   0.0   0.0   0.0   0.0   0.0   0.0   0.0   0.0   0.0   0.0   0.0   0.0   0.0   0.0   0.0   0.01  0.0   0.0
HIUM   0.1   0.1   0.1   0.0   0.0   0.0   0.0   0.1   0.0   0.0   0.0   0.0   0.0   0.0   0.0   0.0   0.0   0.0   0.1   0.1   0.0   0.0   0.0   0.0   0.0
LIBO   4.0   2.0   3.0   1.0   2.0   0.5   3.0   5.0   3.0   3.0   4.0   2.0   0.5   4.0   3.0   2.0   4.0   5.0  13.0   5.0   4.0   5.0   5.0   3.0   5.0
LIPH   0.0   0.0   0.0   0.0   0.0   0.0   0.0   0.01  0.0   0.0   0.0   0.0   0.0   0.0   0.0   0.0   0.0   0.0   0.0   0.0   0.0   0.0   0.0   0.0   0.0
MACA   3.0   0.5   3.0   5.0   4.0   4.0   1.0  10.0   4.0   2.0   3.0   4.0   5.0   1.0   3.0   2.0   2.0   2.0   3.0   4.0   2.0   3.0   3.0   1.0   4.0
MELI   0.0   0.0   0.0   0.0   0.0   0.0   0.0   0.0   0.0   0.0   0.0   0.0   0.0   0.0   0.0   0.0   0.0   0.0   0.0   0.0   0.0   0.0   0.0   0.0   0.0
ORSE   0.0   0.0   0.1   0.5   0.0   0.0   0.0   0.0   0.5   0.1   1.0   0.1   0.1   0.0   0.1   0.5   0.1   0.0   0.1   0.01  0.01  0.5   0.0   0.5   0.1
PYCH   0.0   0.0   0.0   0.0   0.0   0.1   0.0   0.0   0.1   0.01  0.01  0.1   0.01  0.0   0.0   0.0   0.0   0.0   0.0   0.0   0.0   0.0   0.01  0.0   0.1
RUPU   0.0   1.0   0.0   1.0   0.0   0.1   0.5   0.0   2.0   0.0   0.0   0.5   0.5   0.0   0.0   0.0   0.0   0.5   0.0   0.0   0.0   0.0   0.0   0.0   0.5
VIAD   0.1   0.0   0.0   0.0   0.0   0.0   0.0   0.0   0.0   0.0   0.1   0.0   0.0   0.0   0.0   0.0   0.0   0.0   0.0   0.0   0.0   0.0   0.0   0.0   0.0
VIRE   0.0   0.5   0.5   0.5   0.0   0.0   0.0   0.5   0.1   0.1   0.5   0.5   0.5   0.01  0.0   0.0   0.1   0.0   0.5   0.1   0.01  0.5   0.0   0.0   0.0

QUAD  0A    0C    0E    0G    0I    2I    2G    2E    2C    2A    4A    4C    4E    4G    4I    6I    6G    6E    6C    6A    8A    8C    8E    8G    8I    4a    4c    4e    4g    4i
CXSI   0.0   0.0   0.0   0.0   0.0   0.0   0.1   0.0   0.0   0.0   0.0   0.0   0.0   0.0   0.0   0.01  0.0   0.0   0.0   0.0   0.0   0.0   0.0   0.0   0.0
CXRI   0.0   0.0   0.0   0.0   0.0   0.0   0.0   0.0   0.0   0.0   0.0   0.0   0.0   0.0   0.0   0.0   0.0   0.0   0.0   0.0   0.0   0.0   0.0   0.0   0.0
ELGL   0.0   0.0   0.0   0.0   0.0   0.0   0.0   0.0   0.0   0.0   0.0   0.0   0.0   0.0   0.0   0.0   0.0   0.0   0.0   0.0   0.0   0.0   0.0   0.0   0.0
ELIN   0.1   0.1   0.1   0.1   0.5   0.1   0.5   0.1   0.1   0.1   0.5   0.5   0.1   0.5   1.0   0.5   0.1   0.5   1.0   0.5   0.1   0.5   1.0   0.5   1.0
ORPU   0.1   0.0   0.0   0.0   0.01  0.0   0.0   0.0   0.01  0.0   0.0   0.0   0.0   0.0   0.0   0.0   0.0   0.0   0.1   0.1   0.0   0.0   0.0   0.0   0.0
SCPU   0.0   0.0   0.0   0.0   0.0   0.0   0.0   0.0   0.0   0.0   0.0   0.0   0.0   0.0   0.0   0.0   0.0   0.0   0.1   1.0   0.0   0.0   0.0   0.0   0.0
DRCA   0.0   0.5   0.0   0.0   0.0   0.0   0.0   0.1   0.0   0.1   0.0   0.0   0.1   0.0   0.0   0.0   0.1   0.0   0.0   0.0   0.0   0.1   0.0   0.0   0.5
EQVA   0.0   0.0   0.0   0.0   0.0   0.0   0.0   0.0   0.0   0.0   0.0   0.0   0.0   0.0   0.0   0.0   0.0   0.0   0.0   0.0   0.0   0.0   0.0   0.0   0.0
LYAN   0.0   3.0   0.01  0.1   0.0   0.01  0.0   0.1   0.0   0.0   0.0   0.0   0.1   0.0   0.0   0.0   4.0   0.0   0.0   0.0   0.0   1.0   0.0   0.1   0.0
LYCO   0.0   0.0   0.0   0.1   0.0   0.0   0.0   0.0   0.0   0.5   1.0   1.0   0.0   0.0   0.0   0.0   0.0   0.0   0.0   0.0   2.0   0.0   0.0   0.0   0.0
ORAS   0.0   0.0   0.0   0.0   0.0   0.0   0.0   0.0   0.0   0.0   0.0   0.0   0.0   0.0   0.0   0.0   0.0   0.0   0.0   0.0   0.0   0.0   0.0   0.0   0.0
SOSP   0.0   0.0   0.0   0.0   0.0   0.0   0.0   0.0   0.0   0.0   0.0   0.0   0.0   0.0   0.0   0.0   0.0   0.0   0.0   0.0   0.0   0.0   0.0   0.0   0.0
CACA   0.0   0.0   0.0   0.1   0.01  0.0   0.0   0.0   0.0   0.0   0.0   0.0   0.0   0.0   0.0   0.0   0.0   0.0   0.0   0.0   0.0   0.0   0.0   0.0   0.0
ROWO   0.0   0.0   0.0   0.0   0.0   0.0   0.0   0.0   0.0   0.0   0.0   0.0   0.0   0.0   0.0   0.0   0.0   0.0   0.0   0.0   0.0   0.0   0.0   0.0   0.0
TRBO   0.0   0.0   0.0   0.0   0.0   0.0   0.0   0.0   0.0   0.0   0.0   0.0   0.0   0.0   0.0   0.0   0.0   0.0   0.0   0.0   0.0   0.0   0.0   0.0   0.0
COTR   0.0   0.0   0.0   0.0   0.0   0.0   0.0   0.0   0.0   0.0   0.0   0.0   0.0   0.0   0.0   0.0   0.0   0.0   0.0   0.0   0.0   0.0   0.0   0.0   0.0
DITR   0.0   0.0   0.0   0.0   0.0   0.0   0.0   0.0   0.0   0.0   0.0   0.0   0.0   0.0   0.0   0.0   0.0   0.0   0.0   0.0   0.0   0.0   0.0   0.0   0.0
temp  60.0  56.0  56.0  58.0  58.0  56.0  56.0  56.0  60.0  58.0  58.0  58.0  58.0  59.0  59.0  60.0  61.0  59.0  59.0  59.0  57.0  57.0  57.0  58.0  59.0
