STAND 3, SURVEY DATE: 06 Sep 1987, OBSERVERS: G.H. La Roi (#1), ROWS: 4,8, D.A. Chesterman (#4), ROWS: 0,8, DATA ENTRY: 05 Dec 1996 (note: GHLR used thermometer "Old #1"; DAC used "E new"; DAC data from Row 8 in 8a-8i below)

QUAD  0A    0C    0E    0G    0I    2I    2G    2E    2C    2A    4A    4C    4E    4G    4I    6I    6G    6E    6C    6A    8A    8C    8E    8G    8I    8a    8c    8e    8g    8i

ABBA   0.0   0.0   0.0   3.0   0.0   0.0   0.0   0.0   0.0   0.0   0.0   0.0   0.0   0.0   0.0   0.0   0.0   0.0   0.0   0.0   0.0   0.0   0.0   0.0   0.0   0.0   0.0   0.0   0.0   0.0
BEPA   0.5   0.1   0.0   0.0   0.0   0.0   0.0   0.0   0.0   0.0   0.0   3.0   0.0   0.0   0.0   0.0   0.0   0.0   0.0   0.0   0.0   0.0   0.5   0.1   0.5   0.0   1.0   1.0   0.1   0.5
PIBA  15.0  11.0  13.0   2.0   8.0   0.0   0.0   0.0   0.0   0.0  15.0  11.0  13.0  17.0  19.0   0.0   0.0   0.0   0.0   0.0  15.0  11.0  15.0  18.0  20.0  10.0   6.0   8.0   8.0  12.0
PIGL   0.0   0.5   5.0   4.0   2.0   0.0   0.0   0.0   0.0   0.0   0.0   3.0   5.0   0.0   2.0   0.0   0.0   0.0   0.0   0.0   6.0   3.0   2.0   4.0   0.0   5.0   4.0   2.0   4.0   0.0
PIMA   0.0   0.0   0.0   0.0   3.0   0.0   0.0   0.0   0.0   0.0   0.0   0.0   0.0   0.0   0.0   0.0   0.0   0.0   0.0   0.0   0.0   2.0   0.1   5.0   0.0   0.0   0.0   0.0   5.0   0.0
POTR   0.0   0.0   0.0   0.0   0.0   0.0   0.0   0.0   0.0   0.0   0.0   0.0   0.0   0.0   0.0   0.0   0.0   0.0   0.0   0.0   0.0   0.0   0.5   6.0   4.0   0.0   0.0   0.0   6.0   5.0
ALCR   5.0   7.0   4.0   6.0   4.0   0.0   0.0   0.0   0.0   0.0   1.0   6.0   5.0  10.0   3.0   0.0   0.0   0.0   0.0   0.0   5.0   8.0   3.0   4.0   2.0   5.0   8.0   6.0   4.0   2.0
AMAL   0.0   0.0   0.0   0.0   0.0   0.0   0.0   0.0   0.0   0.0   0.5   0.5   0.0   0.0   0.0   0.0   0.0   0.0   0.0   0.0   0.0   0.0   0.0   0.0   0.0   0.0   0.0   0.0   0.0   0.0
ARUV   0.1   0.0   0.0   0.0   2.0   0.0   0.0   0.0   0.0   0.0   4.0   0.0   0.0   0.0   0.0   0.0   0.0   0.0   0.0   0.0   0.5   0.5   0.0   0.5   0.0   0.01  0.5   0.0   0.1   0.0
LEGR   0.0   0.5   0.0   0.0   0.0   0.0   0.0   0.0   0.0   0.0   0.0   0.0   0.0   0.0   0.0   0.0   0.0   0.0   0.0   0.0   0.0   0.0   0.0   0.0   0.0   0.0   0.0   0.0   0.0   0.0
LODI   0.5   0.0   0.0   0.0   0.0   0.0   0.0   0.0   0.0   0.0   0.1   0.0   0.0   0.0   0.0   0.0   0.0   0.0   0.0   0.0   0.0   0.01  0.0   0.0   0.1   0.0   0.0   0.0   0.0   0.5
PRPE   0.0   0.0   0.1   0.0   0.0   0.0   0.0   0.0   0.0   0.0   3.0   2.0   0.0   0.0   0.0   0.0   0.0   0.0   0.0   0.0   0.5   2.0   0.0   0.0   0.0   0.5   1.0   0.0   0.0   0.0
ROAC   2.0   0.5   0.5   0.5   3.0   0.0   0.0   0.0   0.0   0.0   2.0   3.0   1.0   3.0   3.0   0.0   0.0   0.0   0.0   0.0   2.0   2.0   1.0   2.0   2.0   2.0   1.0   1.0   2.0   2.0
RUID   0.5   3.0   0.5   1.0   1.0   0.0   0.0   0.0   0.0   0.0   2.0   3.0   0.5   0.0   0.5   0.0   0.0   0.0   0.0   0.0   2.0   2.0   2.0   1.0   0.1   2.0   3.0   1.0   1.0   0.5
VAMY   0.5   0.5   0.5   0.5   0.5   0.0   0.0   0.0   0.0   0.0   1.0   2.0   1.0   2.0   0.1   0.0   0.0   0.0   0.0   0.0   1.0   3.0   0.5   1.0   0.5   0.5   3.0   0.5   0.5   0.5
VAVI   0.5   0.5   0.5   0.1   0.5   0.0   0.0   0.0   0.0   0.0   1.0   1.0   0.1   1.0   1.0   0.0   0.0   0.0   0.0   0.0   0.5   1.0   0.5   1.0   2.0   2.0   1.0   1.0   1.0   4.0
VIED   0.0   0.0   0.0   0.0   0.0   0.0   0.0   0.0   0.0   0.0   0.0   0.0   0.0   0.0   0.0   0.0   0.0   0.0   0.0   0.0   0.0   0.0   0.0   0.0   0.0   0.0   0.0   0.0   0.0   0.0

QUAD  0A    0C    0E    0G    0I    2I    2G    2E    2C    2A    4A    4C    4E    4G    4I    6I    6G    6E    6C    6A    8A    8C    8E    8G    8I    8a    8c    8e    8g    8i
ACRU   0.0   0.0   0.0   0.0   0.0   0.0   0.0   0.0   0.0   0.0   0.0   0.0   0.0   0.0   0.0   0.0   0.0   0.0   0.0   0.0   0.0   0.0   0.0   0.0   0.0   0.0   0.0   0.0   0.0   0.0
ANMU   0.0   0.0   0.0   0.0   0.0   0.0   0.0   0.0   0.0   0.0   0.0   0.0   0.0   0.0   0.01  0.0   0.0   0.0   0.0   0.0   0.0   0.0   0.0   0.0   0.0   0.0   0.0   0.0   0.0   0.1
ANPA   0.0   0.0   0.0   0.0   0.0   0.0   0.0   0.0   0.0   0.0   0.0   0.0   0.0   0.0   0.0   0.0   0.0   0.0   0.0   0.0   0.0   0.0   0.0   0.0   0.0   0.0   0.0   0.0   0.0   0.0
ARNU   0.01  0.01  0.5   0.1   0.0   0.0   0.0   0.0   0.0   0.0   0.01  0.0   0.0   0.0   0.01  0.0   0.0   0.0   0.0   0.0   0.0   0.0   0.0   0.01  0.0   0.0   0.1   0.0   0.1   0.1
CARO   0.1   0.0   0.01  0.01  0.01  0.0   0.0   0.0   0.0   0.0   0.0   0.0   0.0   0.0   0.0   0.0   0.0   0.0   0.0   0.0   0.0   0.01  0.0   0.0   0.0   0.0   0.01  0.0   0.0   0.0
COCA   0.0   0.1   0.1   7.0   3.0   0.0   0.0   0.0   0.0   0.0   0.5   0.0   0.0   0.0   0.0   0.0   0.0   0.0   0.0   0.0   0.0   0.0   0.0   0.0   2.0   0.0   0.0   0.0   0.0   2.0
EPAN   0.1   0.5   0.0   0.0   0.0   0.0   0.0   0.0   0.0   0.0   0.0   0.0   0.0   0.0   0.0   0.0   0.0   0.0   0.0   0.0   0.0   1.0   1.0   0.5   2.0   0.0   0.5   0.5   0.5   1.0
FRVI   0.0   0.0   0.0   0.0   0.0   0.0   0.0   0.0   0.0   0.0   0.0   0.5   0.0   0.0   0.0   0.0   0.0   0.0   0.0   0.0   0.0   0.0   0.0   0.0   0.1   0.0   0.0   0.0   0.0   0.1
GABO   0.1   0.1   0.01  0.1   0.1   0.0   0.0   0.0   0.0   0.0   0.1   0.01  0.1   0.1   0.01  0.0   0.0   0.0   0.0   0.0   0.1   0.0   0.01  0.01  0.1   0.1   0.0   0.1   0.1   0.1
GELI   0.1   0.0   0.0   0.0   0.1   0.0   0.0   0.0   0.0   0.0   0.1   0.0   0.0   0.1   0.1   0.0   0.0   0.0   0.0   0.0   0.1   0.0   0.1   0.0   0.0   0.0   0.0   0.1   0.0   0.0
GORE   0.0   0.0   0.0   0.0   0.0   0.0   0.0   0.0   0.0   0.0   0.0   0.0   0.0   0.0   0.0   0.0   0.0   0.0   0.0   0.0   0.0   0.0   0.0   0.0   0.0   0.0   0.0   0.01  0.0   0.0
HIUM   0.1   0.0   0.1   0.0   0.0   0.0   0.0   0.0   0.0   0.0   0.0   0.01  0.0   0.0   0.0   0.0   0.0   0.0   0.0   0.0   0.01  0.0   0.0   0.0   0.0   0.0   0.0   0.0   0.0   0.0
LIBO   6.0   4.0   2.0   2.0   2.0   0.0   0.0   0.0   0.0   0.0   5.0   2.0   1.0   6.0   3.0   0.0   0.0   0.0   0.0   0.0   4.0   7.0   6.0   5.0   5.0   5.0   8.0   4.0   4.0   7.0
LIPH   0.0   0.0   0.0   0.0   0.0   0.0   0.0   0.0   0.0   0.0   0.0   0.0   0.0   0.0   0.0   0.0   0.0   0.0   0.0   0.0   0.0   0.0   0.0   0.0   0.0   0.0   0.0   0.0   0.0   0.0
MACA   0.01  0.01  0.01  0.0   0.01  0.0   0.0   0.0   0.0   0.0   0.0   0.0   0.0   0.0   0.0   0.0   0.0   0.0   0.0   0.0   0.0   0.0   0.0   0.0   0.0   0.01  0.01  0.01  0.0   0.01
MELI   0.0   0.0   0.0   0.0   0.0   0.0   0.0   0.0   0.0   0.0   0.0   0.0   0.0   0.0   0.0   0.0   0.0   0.0   0.0   0.0   0.0   0.0   0.0   0.0   0.0   0.0   0.0   0.0   0.0   0.0
ORSE   0.0   0.0   0.5   1.0   0.1   0.0   0.0   0.0   0.0   0.0   0.5   0.1   0.5   0.0   0.5   0.0   0.0   0.0   0.0   0.0   0.5   0.5   0.0   1.0   0.1   0.5   0.5   0.0   1.0   0.1
PYCH   0.01  0.0   0.0   0.01  0.0   0.0   0.0   0.0   0.0   0.0   0.0   0.1   0.01  0.0   0.01  0.0   0.0   0.0   0.0   0.0   0.0   0.1   0.1   0.0   0.01  0.0   0.0   0.1   0.0   0.1
RUPU   0.0   0.0   0.1   1.0   0.0   0.0   0.0   0.0   0.0   0.0   0.1   1.0   1.0   0.0   0.0   0.0   0.0   0.0   0.0   0.0   0.0   0.1   0.0   0.0   0.5   0.0   0.1   0.0   0.0   0.1
VIAD   0.1   0.0   0.0   0.0   0.0   0.0   0.0   0.0   0.0   0.0   0.01  0.0   0.0   0.0   0.0   0.0   0.0   0.0   0.0   0.0   0.0   0.0   0.0   0.0   0.0   0.0   0.0   0.0   0.0   0.0
VIRE   0.0   0.1   0.1   0.0   0.0   0.0   0.0   0.0   0.0   0.0   0.1   0.5   0.1   0.0   0.0   0.0   0.0   0.0   0.0   0.0   0.0   0.5   0.0   0.0   0.0   0.0   0.5   0.0   0.01  0.0

QUAD  0A    0C    0E    0G    0I    2I    2G    2E    2C    2A    4A    4C    4E    4G    4I    6I    6G    6E    6C    6A    8A    8C    8E    8G    8I    8a    8c    8e    8g    8i
CXSI   0.0   0.0   0.0   0.0   0.0   0.0   0.0   0.0   0.0   0.0   0.0   0.0   0.0   0.0   0.0   0.0   0.0   0.0   0.0   0.0   0.0   0.0   0.0   0.0   0.0   0.0   0.0   0.0   0.0   0.0
CXRI   0.0   0.0   0.0   0.0   0.0   0.0   0.0   0.0   0.0   0.0   0.0   0.0   0.0   0.0   0.0   0.0   0.0   0.0   0.0   0.0   0.0   0.0   0.0   0.0   0.0   0.0   0.0   0.0   0.0   0.0
ELGL   0.0   0.0   0.0   0.0   0.0   0.0   0.0   0.0   0.0   0.0   0.0   0.0   0.0   0.0   0.0   0.0   0.0   0.0   0.0   0.0   0.0   0.0   0.0   0.0   0.0   0.0   0.0   0.0   0.0   0.0
ELIN   0.1   0.5   0.1   0.5   0.5   0.0   0.0   0.0   0.0   0.0   0.5   0.1   0.1   0.1   0.5   0.0   0.0   0.0   0.0   0.0   0.1   0.5   1.0   0.1   0.5   0.5   0.5   0.5   0.1   0.5
ORPU   0.0   0.0   0.0   0.0   0.01  0.0   0.0   0.0   0.0   0.0   0.01  0.0   0.0   0.0   0.0   0.0   0.0   0.0   0.0   0.0   0.0   0.0   0.0   0.0   0.0   0.0   0.0   0.0   0.0   0.0
SCPU   0.0   0.0   0.0   0.0   0.0   0.0   0.0   0.0   0.0   0.0   0.0   0.0   0.0   0.0   0.0   0.0   0.0   0.0   0.0   0.0   0.0   0.0   0.0   0.0   0.1   0.0   0.0   0.0   0.0   0.0
DRCA   0.0   2.0   0.0   0.0   0.0   0.0   0.0   0.0   0.0   0.0   0.0   0.5   0.5   0.0   0.0   0.0   0.0   0.0   0.0   0.0   0.0   0.1   0.0   0.0   0.5   0.0   0.1   0.0   0.0   0.1
EQVA   0.0   0.0   0.0   0.0   0.0   0.0   0.0   0.0   0.0   0.0   0.01  0.0   0.0   0.0   0.0   0.0   0.0   0.0   0.0   0.0   0.0   0.0   0.0   0.0   0.0   0.0   0.0   0.0   0.0   0.0
LYAN   0.0   5.0   0.0   1.0   0.0   0.0   0.0   0.0   0.0   0.0   0.0   0.0   2.0   0.0   0.0   0.0   0.0   0.0   0.0   0.0   0.0   1.0   0.0   0.0   0.0   0.0   0.5   0.0   0.0   0.0
LYCO   0.0   0.0   0.0   0.5   0.0   0.0   0.0   0.0   0.0   0.0   3.0   2.0   0.0   0.0   0.0   0.0   0.0   0.0   0.0   0.0   2.0   0.0   0.0   0.0   0.0   1.0   0.0   0.0   0.0   0.0
ORAS   0.0   0.0   0.0   0.0   0.0   0.0   0.0   0.0   0.0   0.0   0.01  0.0   0.0   0.0   0.0   0.0   0.0   0.0   0.0   0.0   0.0   0.0   0.0   0.0   0.0   0.0   0.0   0.0   0.0   0.0
SOSP   0.0   0.0   0.0   0.0   0.0   0.0   0.0   0.0   0.0   0.0   0.01  0.0   0.0   0.0   0.0   0.0   0.0   0.0   0.0   0.0   0.0   0.0   0.0   0.0   0.0   0.0   0.0   0.1   0.0   0.0
CACA   0.0   0.0   0.0   0.0   0.0   0.0   0.0   0.0   0.0   0.0   0.0   0.01  0.0   0.0   0.0   0.0   0.0   0.0   0.0   0.0   0.0   0.0   0.0   0.0   0.0   0.0   0.0   0.0   0.0   0.0
ROWO   0.0   0.0   0.0   0.0   0.0   0.0   0.0   0.0   0.0   0.0   0.0   0.0   0.0   0.0   0.0   0.0   0.0   0.0   0.0   0.0   0.0   0.0   0.0   0.0   0.0   0.0   0.0   0.0   0.0   0.0
TRBO   0.0   0.0   0.0   0.0   0.0   0.0   0.0   0.0   0.0   0.0   0.0   0.0   0.0   0.0   0.0   0.0   0.0   0.0   0.0   0.0   0.0   0.0   0.0   0.0   0.0   0.0   0.0   0.0   0.0   0.0
COTR   0.0   0.0   0.0   0.0   0.0   0.0   0.0   0.0   0.0   0.0   0.0   0.0   0.0   0.0   0.0   0.0   0.0   0.0   0.0   0.0   0.0   0.0   0.0   0.0   0.0   0.0   0.0   0.0   0.0   0.0
DITR   0.0   0.0   0.0   0.0   0.0   0.0   0.0   0.0   0.0   0.0   0.0   0.0   0.0   0.0   0.0   0.0   0.0   0.0   0.0   0.0   0.0   0.0   0.0   0.0   0.0   0.0   0.0   0.0   0.0   0.0
temp  54.0  54.0  55.0  55.0  56.0   0.0   0.0   0.0   0.0   0.0  56.0  56.0  55.0  55.0  56.0   0.0   0.0   0.0   0.0   0.0  58.0  56.0  56.0  55.0  59.0  55.0  55.0  57.0  55.0  58.0
