STAND 3, SURVEY DATE: 03 Aug 1983, OBSERVERS: G.H. La Roi (#1), ROWS: 0,2,4A-4G, M.S. Ross (#3), ROWS: 4I,6,8, DATA ENTRY: 11 Oct 1996  (notes: msr used thermometer #1, ghlr may have used #M?; hailstorm damaged ALCR)

QUAD  0A    0C    0E    0G    0I    2I    2G    2E    2C    2A    4A    4C    4E    4G    4I    6I    6G    6E    6C    6A    8A    8C    8E    8G    8I    4a    4c    4e    4g    4i

ABBA   0.0   0.0   0.0   3.0   0.0   0.0   0.0   0.0   0.0   0.0   0.0   0.0   0.0   0.0   0.0   0.0   0.0   0.0   0.0   0.0   0.0   0.0   0.0   0.0   0.0
BEPA   0.5   1.0   0.0   0.0   0.0   0.0   0.0   0.0   0.0   1.0   0.0   2.0   0.0   0.0   0.0   0.0   0.0   0.1   0.0   0.0   0.0   0.0   1.0   0.1   0.01
PIBA  18.0  20.0  25.0  10.0  17.0  18.0  20.0  15.0  23.0  10.0  22.0  10.0  20.0  20.0  10.0   1.0  16.0  12.0  12.0  10.0   5.0   3.0   8.0   0.5   9.0
PIGL   0.0   2.0   6.0   3.0   4.0   3.0   8.0   0.0   1.0  13.0   0.0   3.0   3.0   0.5   0.5   0.0   0.0   1.0   3.0   0.0   3.0   1.0   0.5   4.0   0.0
PIMA   0.0   0.0   3.0   0.0   0.0   0.0   0.0   0.0   0.0   0.0   0.0   0.0   0.0   0.0   0.0   0.1   0.0   0.01  0.5   0.0   0.0   1.0   0.01  1.0   0.0
POTR   0.0   0.0   0.0   0.0   0.0   0.0   0.0   0.0   0.0   0.0   0.0   0.0   0.0   0.0   5.0   0.0   0.1   0.0   0.0   0.0   0.0   0.0   0.01  8.0   6.0
ALCR  11.0  20.0   9.0  17.0   7.0  15.0  12.0  10.0  11.0  15.0   4.0   5.0  10.0  17.0   0.0  28.0  18.0  16.0   9.0  16.0  14.0  15.0   5.0   8.0   4.0
AMAL   0.0   0.0   0.0   0.0   0.0   0.0   0.0   0.0   0.0   0.0   0.5   0.5   0.0   0.0   0.0   0.0   0.0   0.0   0.0   0.0   0.0   0.0   0.0   0.0   0.0
ARUV   1.0   0.0   0.5   0.0   4.0   0.0   0.0   0.0   0.0   0.0   7.0   0.0   0.0   0.0   0.0   0.0   0.0   0.0   0.0   7.0   0.0   1.0   0.0   0.1   0.0
LEGR   0.0   0.0   0.0   0.0   0.0   0.0   0.0   2.0   0.0   0.0   0.0   0.0   0.0   0.0   0.0   4.0   0.0   2.0   0.0   0.5   0.0   0.0   0.0   0.0   0.0
LODI   1.0   0.0   0.0   0.0   0.0   0.0   0.0   0.0   0.0   0.0   0.0   0.0   0.0   0.0   0.0   0.0   0.0   0.0   0.0   0.0   0.0   0.0   0.0   0.0   0.0
PRPE   0.0   0.0   0.5   0.0   0.0   0.0   0.0   5.0   0.0   0.0   7.0   3.0   0.0   0.0   0.0   0.0   1.0   0.5   0.5   2.0   0.5   2.0   0.0   0.0   0.0
ROAC   3.0   2.0   2.0   2.0   5.0   3.0   3.0   3.0   3.0   0.0   3.0   1.0   2.0   4.0   1.0   0.5   1.0   0.5   2.0   2.0   2.0   0.5   1.0   2.0   3.0
RUID   1.0   3.0   0.0   3.0   3.0   0.0   2.0   2.0   6.0   2.0   5.0   3.0   1.0   0.0   0.1   0.1   0.5   1.0   0.5   0.5   2.0   4.0   1.0   0.5   0.1
VAMY   1.0   3.0   2.0   3.0   2.0   1.0   3.0   1.0   3.0   3.0   4.0   4.0   2.0   2.0   0.1   1.0   0.5   0.5   1.0   0.5   1.0   3.0   0.5   1.0   0.5
VAVI   1.0   1.0   1.0   1.0   3.0   1.0   1.0   1.0   1.0   2.0   2.0   1.0   0.5   0.5   6.0   2.0   1.0   3.0   0.5   4.0   4.0   2.0   3.0   2.0   8.0
VIED   0.0   0.0   0.0   0.0   0.0   0.0   0.0   0.0   0.0   0.0   0.0   0.0   0.0   0.0   0.0   0.0   0.0   0.0   0.0   0.0   0.0   0.0   0.0   0.0   0.0

QUAD  0A    0C    0E    0G    0I    2I    2G    2E    2C    2A    4A    4C    4E    4G    4I    6I    6G    6E    6C    6A    8A    8C    8E    8G    8I    4a    4c    4e    4g    4i
ACRU   0.0   0.0   0.0   0.0   0.0   0.0   0.0   0.0   0.0   0.0   0.0   0.0   0.0   0.0   0.0   0.0   0.0   0.0   0.0   0.0   0.0   0.0   0.0   0.0   0.0
ANMU   0.0   0.0   0.0   0.0   0.0   0.0   0.0   0.0   0.0   0.0   0.0   0.0   0.0   0.0   0.01  0.0   0.0   0.0   0.0   0.0   0.0   0.0   0.0   0.0   0.01
ANPA   0.5   0.0   0.0   0.0   0.0   0.0   0.0   0.0   0.0   0.0   0.0   0.0   0.0   0.0   0.0   0.0   0.0   0.0   0.0   0.0   0.0   0.0   0.0   0.0   0.0
ARNU   4.0  12.0  10.0  16.0  12.0  11.0  10.0  16.0  14.0   6.0  10.0  12.0   5.0   7.0  12.0   9.0  12.0  10.0  10.0   9.0   8.0  10.0  10.0   6.0  11.0
CARO   0.01  0.1   0.01  0.0   0.0   0.0   0.01  0.0   0.0   0.0   0.0   0.0   0.0   0.0   0.0   0.0   0.0   0.0   0.0   0.0   0.0   0.0   0.0   0.0   0.0
COCA   0.0   0.0   0.0   8.0   5.0   8.0   0.0   0.0   0.0   3.0   0.0   0.0   0.0   0.0   0.0   0.01  0.0   0.0   0.5   0.0   0.0   0.0   0.0   0.0   7.0
EPAN   0.5   1.0   0.0   0.0   0.0   0.0   0.0   0.0   1.0   2.0   0.0   0.0   0.0   0.0   0.0   0.0   0.0   0.0   0.0   0.0   0.0   2.0   2.0   0.1   0.5
FRVI   0.0   0.0   0.0   0.0   0.0   0.0   0.0   0.0   0.0   0.0   0.0   1.0   0.0   0.0   0.0   0.0   0.0   0.5   0.0   0.0   0.0   0.0   0.0   0.0   0.0
GABO   0.1   0.1   0.1   0.0   0.1   0.0   0.0   0.0   0.1   0.1   0.1   0.1   0.01  0.1   0.5   0.0   0.0   0.0   0.0   0.0   0.1   0.0   0.1   0.0   0.1
GELI   0.1   0.0   0.0   0.0   0.0   0.0   0.0   0.0   0.0   0.0   0.0   0.0   0.0   0.0   0.01  0.0   0.0   0.0   0.0   0.01  0.0   0.0   0.0   0.0   0.01
GORE   0.0   0.0   0.0   0.0   0.0   0.0   0.0   0.0   0.0   0.0   0.0   0.0   0.0   0.0   0.0   0.0   0.0   0.0   0.0   0.0   0.0   0.0   0.0   0.0   0.0
HIUM   0.1   0.0   0.1   0.0   0.0   0.0   0.0   0.1   0.0   0.0   0.0   0.0   0.0   0.0   0.0   0.0   0.0   0.0   0.0   0.0   0.0   0.0   0.0   0.0   0.0
LIBO   7.0   4.0   3.0   2.0   3.0   1.0   4.0   6.0   5.0   2.0   3.0   2.0   1.0   2.0   4.0   2.0   3.0   4.0  15.0  12.0   6.0  10.0   9.0   8.0  10.0
LIPH   0.0   0.0   0.0   0.0   0.0   0.0   0.0   0.1   0.1   0.0   0.0   0.0   0.0   0.0   0.0   0.0   0.0   0.0   0.0   0.0   0.0   0.0   0.0   0.0   0.0
MACA   6.0   5.0   2.0   2.0   4.0   4.0   3.0   5.0   3.0   3.0   4.0   3.0   2.0   2.0   0.5   1.0   0.5   1.0   3.0   3.0   2.0   2.0   4.0   1.0   1.0
MELI   0.0   0.0   0.0   0.0   0.0   0.0   0.0   0.0   0.0   0.0   0.0   0.0   0.0   0.0   0.0   0.0   0.0   0.0   0.0   0.0   0.0   0.0   0.0   0.0   0.0
ORSE   0.0   0.0   1.0   1.0   0.1   0.0   0.0   0.1   0.5   0.5   0.5   0.0   0.1   0.0   0.5   0.5   0.1   0.1   0.5   0.1   0.5   0.0   0.0   2.0   0.1
PYCH   0.0   0.0   0.0   0.0   0.0   0.0   0.0   0.0   0.1   0.1   0.0   0.0   0.0   0.0   0.0   0.0   0.0   0.0   0.0   0.01  0.0   0.0   0.1   0.1   0.0
RUPU   0.0   2.0   0.1   1.0   0.0   0.5   0.5   0.0   3.0   0.1   0.0   0.5   0.5   0.0   0.0   0.0   0.0   0.5   0.5   0.0   0.01  0.0   0.0   0.0   0.1
VIAD   0.0   0.0   0.0   0.0   0.0   0.0   0.0   0.0   0.0   0.0   0.0   0.0   0.0   0.0   0.0   0.0   0.0   0.0   0.0   0.0   0.0   0.0   0.0   0.0   0.0
VIRE   0.0   2.0   0.1   0.1   0.0   0.0   0.0   1.0   0.5   0.5   0.1   0.0   0.1   0.1   0.1   0.0   0.1   0.0   0.1   0.5   0.0   0.1   0.0   0.0   0.0

QUAD  0A    0C    0E    0G    0I    2I    2G    2E    2C    2A    4A    4C    4E    4G    4I    6I    6G    6E    6C    6A    8A    8C    8E    8G    8I    4a    4c    4e    4g    4i
CXSI   0.0   0.0   0.0   0.0   0.0   0.0   0.01  0.0   0.0   0.0   0.0   0.0   0.0   0.0   0.0   0.0   0.0   0.0   0.0   0.0   0.0   0.0   0.0   0.0   0.0
CXRI   0.0   0.0   0.0   0.0   0.0   0.0   0.0   0.0   0.0   0.0   0.0   0.0   0.0   0.0   0.0   0.0   0.0   0.0   0.0   0.0   0.0   0.0   0.0   0.0   0.0
ELGL   0.0   0.0   0.0   0.0   0.0   0.0   0.0   0.0   0.0   0.0   0.0   0.0   0.0   0.0   0.0   0.0   0.0   0.0   0.0   0.0   0.0   0.0   0.0   0.0   0.0
ELIN   0.5   0.1   0.5   0.5   1.0   0.1   0.5   0.1   0.1   0.5   0.5   1.0   0.1   0.5   1.0   0.5   0.5   0.5   1.0   1.0   0.5   0.5   1.0   0.5   1.0
ORPU   0.01  0.0   0.0   0.0   0.01  0.0   0.0   0.0   0.0   0.0   0.0   0.0   0.0   0.0   0.0   0.0   0.0   0.0   0.0   0.0   0.0   0.0   0.0   0.0   0.0
SCPU   0.0   0.0   0.0   0.0   0.0   0.0   0.0   0.0   0.0   0.0   0.0   0.0   0.0   0.5   0.0   0.0   0.0   0.0   0.0   0.0   0.0   0.0   0.0   0.0   0.0
DRCA   0.0   2.0   0.0   0.0   0.0   0.0   0.0   0.5   0.0   1.0   0.0   0.0   1.0   0.0   0.0   0.0   0.01  0.0   0.0   0.0   0.0   0.1   0.0   0.0   0.1
EQVA   0.0   0.0   0.0   0.0   0.0   0.0   0.0   0.0   0.0   0.0   0.01  0.0   0.0   0.0   0.0   0.0   0.0   0.0   0.0   0.0   0.0   0.0   0.0   0.0   0.0
LYAN   0.0   2.0   0.0   0.5   0.0   0.0   0.0   0.5   0.0   0.0   0.0   0.0   0.5   0.0   0.0   0.1   1.0   0.0   0.0   0.0   0.0   0.0   0.0   0.0   0.0
LYCO   0.0   0.0   0.0   0.5   0.0   0.0   0.0   0.0   0.0   1.0   2.0   2.0   0.0   0.0   0.0   0.0   0.0   0.0   0.0   0.0   3.0   0.1   0.0   0.0   0.0
ORAS   0.0   0.0   0.0   0.0   0.0   0.0   0.0   0.0   0.0   0.0   0.01  0.0   0.0   0.0   0.0   0.0   0.0   0.0   0.0   0.0   0.0   0.0   0.0   0.0   0.0
SOSP   0.0   0.0   0.0   0.0   0.0   0.0   0.0   0.0   0.0   0.0   0.0   0.0   0.0   0.0   0.0   0.0   0.0   0.0   0.0   0.0   0.0   0.0   0.0   0.0   0.0
CACA   0.0   0.0   0.0   0.1   0.0   0.0   0.0   0.0   0.0   0.0   0.0   0.0   0.0   0.0   0.0   0.0   0.0   0.0   0.0   0.1   0.0   0.0   0.0   0.0   0.0
ROWO   0.0   0.0   0.0   0.0   0.0   0.0   0.0   0.0   0.0   0.0   0.0   0.0   0.0   0.0   0.0   0.0   0.0   0.0   0.0   0.0   0.0   0.0   0.0   0.0   0.0
TRBO   0.0   0.0   0.0   0.0   0.0   0.0   0.0   0.0   0.0   0.0   0.0   0.0   0.0   0.0   0.0   0.0   0.0   0.0   0.0   0.0   0.0   0.0   0.0   0.0   0.0
COTR   0.0   0.0   0.0   0.0   0.0   0.0   0.0   0.0   0.0   0.0   0.0   0.0   0.0   0.0   0.0   0.0   0.0   0.0   0.0   0.0   0.0   0.0   0.0   0.0   0.0
DITR   0.0   0.0   0.0   0.0   0.0   0.0   0.0   0.0   0.0   0.0   0.0   0.0   0.0   0.0   0.0   0.0   0.0   0.0   0.0   0.0   0.0   0.0   0.0   0.0   0.0
temp  68.0  63.0  64.0  63.0  63.0  63.0  63.0  62.0  62.0  61.0  62.0  64.0  62.0  62.0  62.0  59.0  60.0  60.0  63.0  63.0  62.0  63.0  62.0  63.0  63.0
