STAND 3, SURVEY DATES: 31 May 1986 (RAE:R0,8) and 14 Jun 1986 (RAE:R0, DAC:R0) OBSERVERS: R.A. Ellis (#2), ROWS: 0,8/31 May & 0/14Jun, D.A. Chesterman (#4), ROWS: 0/14Jun), DATA ENTRY: 22 Nov 1996 (note: RAE used thermometer "H"; DAC used "M"?)
(Note: RAE data from 31 May are in 0A-0I and 8A-8I below; RAE data from 14 Jun are in 0a-0i, and DAC data from 14 Jun are in 4A0-4I0 in the space normally given to Row 4 data! This was an abnormal month with DAC calibration redundancies in Row 0)

QUAD  0A    0C    0E    0G    0I    2I    2G    2E    2C    2A    4A0   4C0   4E0   4G0   4I0   6I    6G    6E    6C    6A    8A    8C    8E    8G    8I    0a    0c    0e    0g    0i

ABBA   0.0   0.0   0.0   3.0   0.0   0.0   0.0   0.0   0.0   0.0   0.0   0.0   0.0   1.0   0.0   0.0   0.0   0.0   0.0   0.0   0.0   0.0   0.0   0.0   0.0   0.0   0.0   0.0   2.0   0.0
BEPA   0.5   0.1   0.0   0.0   0.0   0.0   0.0   0.0   0.0   0.0   1.0   0.1   0.0   0.0   0.0   0.0   0.0   0.0   0.0   0.0   0.0   0.0   0.1   0.1   0.1   0.5   0.0   0.0   0.0   0.0
PIBA  10.0   8.0  15.0   2.0   7.0   0.0   0.0   0.0   0.0   0.0  12.0   3.0  10.0   1.0   4.0   0.0   0.0   0.0   0.0   0.0   8.0   4.0   8.0   3.0   8.0  13.0   6.0  15.0   0.5   7.0
PIGL   0.0   0.5   4.0   2.0   2.0   0.0   0.0   0.0   0.0   0.0   0.0   0.1   2.0   2.0   1.0   0.0   0.0   0.0   0.0   0.0   2.0   2.0   1.0   5.0   0.0   0.0   0.5   3.0   2.0   2.0
PIMA   0.0   0.0   0.0   0.0   0.0   0.0   0.0   0.0   0.0   0.0   0.0   0.0   0.0   0.0   0.0   0.0   0.0   0.0   0.0   0.0   0.0   0.0   0.0   0.0   0.0   0.0   0.0   0.0   0.0   0.0
POTR   0.0   0.0   0.0   0.0   0.0   0.0   0.0   0.0   0.0   0.0   0.0   0.0   0.0   0.0   0.0   0.0   0.0   0.0   0.0   0.0   0.0   0.0   0.1   3.0   0.5   0.0   0.0   0.0   0.0   0.0
ALCR   3.0   5.0   2.0   5.0   2.0   0.0   0.0   0.0   0.0   0.0   8.0  12.0   3.0   5.0   2.0   0.0   0.0   0.0   0.0   0.0   3.0   6.0   2.0   4.0   2.0   5.0  10.0   4.0   6.0   3.0
AMAL   0.0   0.0   0.0   0.0   0.0   0.0   0.0   0.0   0.0   0.0   0.0   0.0   0.0   0.0   0.0   0.0   0.0   0.0   0.0   0.0   0.0   0.0   0.0   0.0   0.0   0.0   0.0   0.0   0.0   0.0
ARUV   0.1   0.0   0.0   0.0   2.0   0.0   0.0   0.0   0.0   0.0   0.01  0.0   0.01  0.0   0.5   0.0   0.0   0.0   0.0   0.0   0.1   0.5   0.0   0.1   0.0   0.1   0.0   0.01  0.0   2.0
LEGR   0.0   0.0   0.0   0.0   0.0   0.0   0.0   0.0   0.0   0.0   0.0   0.1   0.0   0.0   0.0   0.0   0.0   0.0   0.0   0.0   0.0   0.0   0.0   0.0   0.0   0.0   0.1   0.0   0.0   0.0
LODI   0.1   0.0   0.0   0.0   0.0   0.0   0.0   0.0   0.0   0.0   0.0   0.0   0.0   0.0   0.0   0.0   0.0   0.0   0.0   0.0   0.0   0.0   0.0   0.0   0.1   0.0   0.0   0.0   0.0   0.0
PRPE   0.0   0.0   0.0   0.0   0.0   0.0   0.0   0.0   0.0   0.0   0.0   0.0   0.1   0.0   0.0   0.0   0.0   0.0   0.0   0.0   0.0   1.0   0.0   0.0   0.0   0.0   0.0   0.1   0.0   0.0
ROAC   0.5   0.1   0.5   0.1   2.0   0.0   0.0   0.0   0.0   0.0   3.0   0.5   1.0   1.0   2.0   0.0   0.0   0.0   0.0   0.0   0.5   1.0   0.5   1.0   0.5   2.0   1.0   0.5   0.5   4.0
RUID   0.1   2.0   0.1   0.5   0.5   0.0   0.0   0.0   0.0   0.0   2.0   1.0   0.1   0.5   0.5   0.0   0.0   0.0   0.0   0.0   0.1   1.0   0.5   0.5   0.1   1.0   2.0   0.1   0.5   0.5
VAMY   0.1   0.5   0.5   0.5   1.0   0.0   0.0   0.0   0.0   0.0   0.1   0.1   1.0   0.5   0.5   0.0   0.0   0.0   0.0   0.0   0.1   2.0   0.1   0.5   0.1   0.1   1.0   0.5   1.0   0.5
VAVI   0.5   0.5   0.1   0.5   1.0   0.0   0.0   0.0   0.0   0.0   1.0   0.1   0.5   0.1   0.5   0.0   0.0   0.0   0.0   0.0   1.0   1.0   0.5   1.0   2.0   0.5   0.5   0.5   0.1   1.0
VIED   0.0   0.0   0.0   0.0   0.0   0.0   0.0   0.0   0.0   0.0   0.0   0.0   0.0   0.0   0.0   0.0   0.0   0.0   0.0   0.0   0.0   0.0   0.0   0.0   0.0   0.0   0.0   0.0   0.0   0.0

QUAD  0A    0C    0E    0G    0I    2I    2G    2E    2C    2A    4A0   4C0   4E0   4G0   4I0   6I    6G    6E    6C    6A    8A    8C    8E    8G    8I    0a    0c    0e    0g    0i
ACRU   0.0   0.0   0.0   0.0   0.0   0.0   0.0   0.0   0.0   0.0   0.0   0.0   0.0   0.0   0.0   0.0   0.0   0.0   0.0   0.0   0.0   0.0   0.0   0.0   0.0   0.0   0.0   0.0   0.0   0.0
ANMU   0.0   0.0   0.0   0.0   0.0   0.0   0.0   0.0   0.0   0.0   0.0   0.0   0.0   0.0   0.0   0.0   0.0   0.0   0.0   0.0   0.0   0.0   0.0   0.0   0.0   0.0   0.0   0.0   0.0   0.0
ANPA   0.0   0.0   0.0   0.0   0.0   0.0   0.0   0.0   0.0   0.0   0.01  0.0   0.0   0.0   0.0   0.0   0.0   0.0   0.0   0.0   0.0   0.0   0.0   0.0   0.0   0.1   0.0   0.0   0.0   0.0
ARNU   0.01  0.1   0.1   0.5   1.0   0.0   0.0   0.0   0.0   0.0   1.0   5.0   2.0   4.0   3.0   0.0   0.0   0.0   0.0   0.0   0.5   1.0   1.0   0.1   0.5   0.5   6.0   3.0   4.0   4.0
CARO   0.0   0.0   0.01  0.0   0.0   0.0   0.0   0.0   0.0   0.0   0.01  0.01  0.01  0.0   0.0   0.0   0.0   0.0   0.0   0.0   0.0   0.0   0.0   0.0   0.0   0.01  0.01  0.01  0.0   0.0
COCA   0.0   0.1   0.0   1.0   1.0   0.0   0.0   0.0   0.0   0.0   0.0   0.1   0.0   5.0   2.0   0.0   0.0   0.0   0.0   0.0   0.0   0.0   0.0   0.0   2.0   0.0   0.1   0.0   7.0   2.0
EPAN   0.01  0.5   0.0   0.0   0.0   0.0   0.0   0.0   0.0   0.0   0.5   0.5   0.0   0.0   0.0   0.0   0.0   0.0   0.0   0.0   0.0   0.01  0.01  0.01  0.1   0.1   0.5   0.0   0.0   0.0
FRVI   0.0   0.0   0.01  0.0   0.0   0.0   0.0   0.0   0.0   0.0   0.0   0.0   0.01  0.0   0.0   0.0   0.0   0.0   0.0   0.0   0.0   0.0   0.0   0.0   0.1   0.0   0.0   0.01  0.0   0.0
GABO   0.1   0.01  0.1   0.01  0.1   0.0   0.0   0.0   0.0   0.0   1.0   0.1   0.1   0.1   0.1   0.0   0.0   0.0   0.0   0.0   0.01  0.0   0.01  0.01  0.01  0.1   0.1   0.1   0.1   0.1
GELI   0.01  0.0   0.0   0.0   0.0   0.0   0.0   0.0   0.0   0.0   0.1   0.01  0.0   0.0   0.1   0.0   0.0   0.0   0.0   0.0   0.0   0.0   0.01  0.0   0.1   0.1   0.0   0.0   0.0   0.1
GORE   0.0   0.0   0.0   0.0   0.0   0.0   0.0   0.0   0.0   0.0   0.0   0.0   0.0   0.0   0.0   0.0   0.0   0.0   0.0   0.0   0.0   0.0   0.0   0.0   0.0   0.0   0.0   0.0   0.0   0.0
HIUM   0.0   0.0   0.0   0.0   0.0   0.0   0.0   0.0   0.0   0.0   0.0   0.0   0.01  0.0   0.0   0.0   0.0   0.0   0.0   0.0   0.01  0.0   0.0   0.0   0.0   0.0   0.0   0.01  0.0   0.0
LIBO   2.0   1.0   2.0   1.0   2.0   0.0   0.0   0.0   0.0   0.0   8.0   1.0   1.0   1.0   1.0   0.0   0.0   0.0   0.0   0.0   3.0   3.0   4.0   2.0   3.0   4.0   3.0   1.0   2.0   1.0
LIPH   0.0   0.0   0.0   0.0   0.0   0.0   0.0   0.0   0.0   0.0   0.0   0.0   0.0   0.0   0.0   0.0   0.0   0.0   0.0   0.0   0.0   0.0   0.0   0.0   0.0   0.0   0.0   0.0   0.0   0.0
MACA   3.0   3.0   2.0   4.0   4.0   0.0   0.0   0.0   0.0   0.0  13.0   2.0   1.0   3.0   3.0   0.0   0.0   0.0   0.0   0.0   2.0   2.0   2.0   0.5   3.0   6.0   3.0   2.0   3.0   5.0
MELI   0.0   0.0   0.0   0.0   0.0   0.0   0.0   0.0   0.0   0.0   0.0   0.0   0.0   0.0   0.0   0.0   0.0   0.0   0.0   0.0   0.0   0.0   0.0   0.0   0.0   0.0   0.0   0.0   0.0   0.0
ORSE   0.0   0.0   0.1   1.0   0.0   0.0   0.0   0.0   0.0   0.0   0.0   0.0   0.1   0.5   0.0   0.0   0.0   0.0   0.0   0.0   0.5   0.1   0.0   1.0   0.5   0.0   0.0   0.1   1.0   0.0
PYCH   0.0   0.0   0.0   0.0   0.0   0.0   0.0   0.0   0.0   0.0   0.0   0.0   0.0   0.0   0.0   0.0   0.0   0.0   0.0   0.0   0.0   0.0   0.1   0.0   0.01  0.0   0.0   0.0   0.0   0.0
RUPU   0.0   0.5   0.0   0.5   0.0   0.0   0.0   0.0   0.0   0.0   0.0   0.5   0.1   2.0   0.0   0.0   0.0   0.0   0.0   0.0   0.0   0.0   0.0   0.0   0.1   0.0   1.0   0.01  2.0   0.0
VIAD   0.0   0.0   0.0   0.0   0.0   0.0   0.0   0.0   0.0   0.0   0.01  0.0   0.0   0.0   0.0   0.0   0.0   0.0   0.0   0.0   0.0   0.0   0.0   0.0   0.0   0.01  0.0   0.0   0.0   0.0
VIRE   0.0   0.1   0.1   0.0   0.0   0.0   0.0   0.0   0.0   0.0   0.01  0.1   0.1   0.1   0.0   0.0   0.0   0.0   0.0   0.0   0.0   0.1   0.0   0.0   0.0   0.01  0.5   0.1   0.1   0.0

QUAD  0A    0C    0E    0G    0I    2I    2G    2E    2C    2A    4A0   4C0   4E0   4G0   4I0   6I    6G    6E    6C    6A    8A    8C    8E    8G    8I    0a    0c    0e    0g    0i
CXSI   0.0   0.0   0.0   0.0   0.0   0.0   0.0   0.0   0.0   0.0   0.0   0.0   0.0   0.0   0.0   0.0   0.0   0.0   0.0   0.0   0.0   0.0   0.0   0.0   0.0   0.0   0.0   0.0   0.0   0.0
CXRI   0.0   0.0   0.0   0.0   0.0   0.0   0.0   0.0   0.0   0.0   0.01  0.0   0.0   0.0   0.0   0.0   0.0   0.0   0.0   0.0   0.0   0.0   0.0   0.0   0.0   0.0   0.0   0.0   0.0   0.0
ELGL   0.0   0.0   0.0   0.0   0.0   0.0   0.0   0.0   0.0   0.0   0.01  0.0   0.0   0.0   0.0   0.0   0.0   0.0   0.0   0.0   0.0   0.0   0.0   0.0   0.0   0.01  0.0   0.0   0.0   0.0
ELIN   0.01  0.01  0.01  0.01  0.1   0.0   0.0   0.0   0.0   0.0   0.1   0.01  0.1   0.1   0.1   0.0   0.0   0.0   0.0   0.0   0.1   0.1   0.1   0.01  0.1   0.1   0.01  0.1   0.1   0.1
ORPU   0.01  0.0   0.0   0.0   0.01  0.0   0.0   0.0   0.0   0.0   0.01  0.0   0.01  0.0   0.0   0.0   0.0   0.0   0.0   0.0   0.0   0.0   0.0   0.0   0.0   0.01  0.0   0.01  0.0   0.01
SCPU   0.0   0.0   0.0   0.0   0.01  0.0   0.0   0.0   0.0   0.0   0.0   0.0   0.0   0.0   0.0   0.0   0.0   0.0   0.0   0.0   0.0   0.0   0.0   0.0   0.01  0.0   0.0   0.0   0.0   0.0
DRCA   0.0   0.1   0.0   0.0   0.0   0.0   0.0   0.0   0.0   0.0   0.0   1.0   0.0   0.0   0.0   0.0   0.0   0.0   0.0   0.0   0.0   0.0   0.0   0.0   0.01  0.0   2.0   0.0   0.0   0.0
EQVA   0.0   0.0   0.0   0.0   0.0   0.0   0.0   0.0   0.0   0.0   0.0   0.0   0.0   0.0   0.0   0.0   0.0   0.0   0.0   0.0   0.0   0.0   0.0   0.0   0.0   0.0   0.0   0.0   0.0   0.0
LYAN   0.0   3.0   0.0   0.5   0.0   0.0   0.0   0.0   0.0   0.0   0.0   2.0   0.0   0.5   0.0   0.0   0.0   0.0   0.0   0.0   0.0   2.0   0.0   0.0   0.0   0.0   3.0   0.0   0.5   0.0
LYCO   0.0   0.0   0.0   0.1   0.0   0.0   0.0   0.0   0.0   0.0   0.0   0.0   0.0   0.1   0.0   0.0   0.0   0.0   0.0   0.0   0.5   0.0   0.0   0.0   0.0   0.0   0.0   0.0   0.1   0.0
ORAS   0.0   0.0   0.0   0.0   0.0   0.0   0.0   0.0   0.0   0.0   0.0   0.0   0.0   0.0   0.0   0.0   0.0   0.0   0.0   0.0   0.0   0.0   0.0   0.0   0.0   0.0   0.0   0.0   0.0   0.0
SOSP   0.0   0.0   0.0   0.0   0.0   0.0   0.0   0.0   0.0   0.0   0.0   0.0   0.0   0.0   0.0   0.0   0.0   0.0   0.0   0.0   0.0   0.0   0.0   0.0   0.0   0.0   0.0   0.0   0.0   0.0
CACA   0.0   0.0   0.0   0.0   0.0   0.0   0.0   0.0   0.0   0.0   0.0   0.1   0.0   0.1   0.0   0.0   0.0   0.0   0.0   0.0   0.0   0.0   0.0   0.0   0.0   0.0   0.1   0.0   0.1   0.0
ROWO   0.0   0.0   0.0   0.0   0.0   0.0   0.0   0.0   0.0   0.0   0.0   0.0   0.0   0.0   0.0   0.0   0.0   0.0   0.0   0.0   0.0   0.0   0.0   0.0   0.0   0.0   0.0   0.0   0.0   0.0
TRBO   0.0   0.0   0.0   0.0   0.0   0.0   0.0   0.0   0.0   0.0   0.0   0.0   0.0   0.0   0.0   0.0   0.0   0.0   0.0   0.0   0.0   0.0   0.0   0.0   0.0   0.0   0.0   0.0   0.0   0.0
COTR   0.0   0.0   0.0   0.0   0.0   0.0   0.0   0.0   0.0   0.0   0.0   0.0   0.0   0.0   0.0   0.0   0.0   0.0   0.0   0.0   0.0   0.0   0.0   0.0   0.0   0.0   0.0   0.0   0.0   0.0
DITR   0.0   0.0   0.0   0.0   0.0   0.0   0.0   0.0   0.0   0.0   0.0   0.0   0.0   0.0   0.0   0.0   0.0   0.0   0.0   0.0   0.0   0.0   0.0   0.0   0.0   0.0   0.0   0.0   0.0   0.0
temp  50.0  51.0  52.0  56.0  51.0   0.0   0.0   0.0   0.0   0.0   0.0   0.0   0.0   0.0   0.0   0.0   0.0   0.0   0.0   0.0  52.0  48.0  53.0  53.0  54.0   0.0   0.0   0.0   0.0   0.0
