STAND 3, SURVEY DATE: 10 Aug 1995, OBSERVER: G.H. La Roi (#1 ), ROWS: 0,2,4,6,8,  DATA ENTRY: 13 Oct 1995 (GHLR used thermometer "Old #1"; "EPAN grazed (deer?), MACA turning yellow)

QUAD  0A    0C    0E    0G    0I    2I    2G    2E    2C    2A    4A    4C    4E    4G    4I    6I    6G    6E    6C    6A    8A    8C    8E    8G    8I    4a    4c    4e    4g    4i

ABBA   0.0   0.0   0.0   8.0   0.0   0.0   0.0   0.0   0.0   0.0   0.0   0.0   0.0   0.0   0.0   0.0   0.0   0.0   0.0   0.0   0.0   0.0   0.0   0.0   0.0
BEPA   1.0   0.01  0.0   0.0   0.0   1.0   0.0   0.0   0.0   0.5   0.0   4.0   0.0   0.0   0.0   0.0   0.0   1.0   0.0   0.0   0.0   2.0   1.0   0.0   1.0
PIBA  27.0  13.0  25.0  11.0  16.0   7.0  13.0  10.0  23.0  11.0  20.0  13.0  19.0  23.0  23.0  11.0  20.0  24.0  22.0  13.0  25.0  14.0  15.0  13.0  22.0
PIGL   0.0   3.0  10.0   5.0   8.0   5.0   9.0   7.0   0.0  11.0   0.0   5.0   7.0   1.0   2.0   2.0   0.0   3.0   5.0   0.0  10.0   5.0   5.0   7.0   0.0
PIMA   0.0   0.0   3.0   0.0   0.0   0.0   0.0   0.0   0.0   0.5   0.0   0.0   0.0   0.0   0.0   0.0   0.0   0.0   0.0   0.0   0.0   3.0   0.0   6.0   0.0
POTR   0.0   0.0   0.0   0.0   0.0   0.0   0.0   0.0   0.0   0.0   0.0   0.0   0.0   0.0   0.0   0.0   0.0   1.0   0.0   0.0   0.0   0.0   0.0   0.0   0.1
ALCR   8.0  16.0   7.0  10.0   6.0   8.0   8.0   5.0  11.0   7.0   2.0   4.0   9.0  14.0   7.0  16.0   6.0  10.0   3.0   8.0   8.0   7.0   6.0   6.0   3.0
AMAL   0.0   0.0   0.0   0.0   0.0   0.0   0.0   0.0   0.0   0.0   0.5   1.0   0.0   0.0   0.0   0.0   0.0   0.0   0.0   0.1   0.0   0.0   0.0   0.0   0.0
ARUV   0.5   0.0   0.0   0.0   4.0   0.0   0.0   0.0   0.0   0.0   8.0   0.0   0.0   0.5   0.0   0.5   0.0   1.0   0.5   8.0   1.0   2.0   0.0   0.0   0.0
LEGR   0.0   0.5   0.0   0.0   0.0   0.0   0.0   1.0   0.0   0.0   0.0   0.0   0.0   0.0   0.0   6.0   0.0   4.0   0.0   1.0   0.0   0.0   0.0   0.0   0.0
LODI   0.5   0.0   0.0   0.0   0.0   0.0   0.0   0.0   0.0   0.0   0.1   0.0   0.0   0.0   0.0   0.0   0.0   0.0   0.0   0.0   0.0   0.0   0.0   0.0   0.1
PRPE   0.0   0.0   2.0   0.0   0.0   0.0   0.0   9.0   2.0   0.1   3.0   2.0   0.0   0.0   0.0   0.0   3.0   0.5   1.0   1.0   1.0   1.0   0.0   0.0   0.0
ROAC   2.0   0.5   1.0   1.0   4.0   0.5   3.0   1.0   4.0   0.1   4.0   3.0   2.0   4.0   3.0   2.0   3.0   2.0   5.0   3.0   2.0   2.0   2.0   2.0   3.0
RUID   0.5   1.0   0.1   2.0   2.0   0.0   0.5   0.5   2.0   1.0   0.5   1.0   0.1   0.5   0.1   1.0   2.0   2.0   2.0   1.0   1.0   2.0   2.0   2.0   0.5
VAMY   0.5   0.5   1.0   0.5   1.0   0.5   2.0   1.0   2.0   0.5   2.0   2.0   1.0   2.0   0.5   1.0   0.1   0.5   3.0   1.0   1.0   4.0   1.0   2.0   0.1
VAVI   4.0   1.0   1.0   0.5   2.0   1.0   2.0   2.0   2.0   1.0   2.0   1.0   1.0   1.0   1.0   1.0   3.0   3.0   2.0   2.0   3.0   3.0   0.5   1.0   2.0
VIED   0.0   0.0   0.0   0.0   0.0   0.0   0.0   0.0   0.0   0.0   0.0   0.0   0.0   0.0   0.0   0.0   0.0   0.0   0.0   0.0   0.0   0.0   0.0   0.0   0.0

QUAD  0A    0C    0E    0G    0I    2I    2G    2E    2C    2A    4A    4C    4E    4G    4I    6I    6G    6E    6C    6A    8A    8C    8E    8G    8I    4a    4c    4e    4g    4i
ACRU   0.0   0.0   0.0   0.0   0.0   0.0   0.0   0.0   0.0   0.0   0.0   0.0   0.0   0.0   0.0   0.0   0.0   0.0   0.0   0.0   0.0   0.0   0.0   0.0   0.0
ANMU   0.0   0.0   0.0   0.0   0.0   0.0   0.0   0.0   0.0   0.0   0.0   0.0   0.0   0.0   0.01  0.0   0.0   0.0   0.0   0.0   0.0   0.0   0.0   0.0   0.01
ANPA   0.01  0.0   0.0   0.0   0.0   0.0   0.0   0.0   0.0   0.0   0.0   0.0   0.0   0.0   0.0   0.0   0.0   0.0   0.0   0.0   0.0   0.0   0.0   0.0   0.0
ARNU   4.0  18.0   5.0  12.0  12.0   5.0  15.0  10.0  10.0   4.0   8.0   5.0   5.0  11.0   5.0   7.0   5.0   8.0   5.0  15.0   8.0   7.0   9.0   2.0   5.0
CARO   0.01  0.0   0.01  0.0   0.0   0.0   0.01  0.0   0.0   0.0   0.0   0.0   0.0   0.0   0.0   0.0   0.0   0.0   0.01  0.01  0.0   0.0   0.0   0.0   0.0
COCA   0.0   0.1   2.0  15.0   4.0   8.0   2.0   5.0   0.0   5.0   3.0   2.0   0.0   0.0   0.0   2.0   1.0   1.0   3.0   0.0   0.0   0.5   0.0   0.0  11.0
EPAN   0.1   1.0   0.0   0.0   0.0   0.0   0.0   0.0   0.5   0.1   0.1   0.0   0.0   0.0   0.0   0.0   0.1   0.0   0.0   0.0   0.0   0.5   1.0   1.0   1.0
FRVI   0.0   0.0   0.0   0.0   0.0   0.0   0.01  0.01  0.01  0.0   0.01  0.1   0.0   0.01  0.0   0.0   0.0   0.5   0.1   0.0   0.0   0.0   0.0   0.0   0.1
GABO   0.5   0.1   0.01  0.01  0.1   0.0   0.01  0.0   0.5   0.1   0.1   0.1   0.01  0.1   0.1   0.0   0.0   0.0   0.0   0.0   0.1   0.0   0.01  0.01  0.1
GELI   0.5   0.0   0.0   0.0   0.1   0.1   0.0   0.0   0.0   0.0   0.01  0.0   0.0   0.1   0.1   0.1   0.0   0.0   0.1   0.0   0.0   0.0   0.0   0.0   0.0
GORE   0.0   0.0   0.0   0.0   0.0   0.0   0.0   0.0   0.0   0.0   0.0   0.0   0.0   0.0   0.0   0.0   0.0   0.0   0.0   0.0   0.0   0.0   0.0   0.0   0.0
HIUM   0.01  0.0   0.0   0.0   0.0   0.0   0.0   0.0   0.0   0.0   0.0   0.0   0.0   0.0   0.0   0.0   0.0   0.0   0.01  0.0   0.01  0.0   0.0   0.0   0.0
LIBO   2.0   1.0   4.0   3.0   3.0   2.0   3.0   4.0   3.0   2.0   5.0   3.0   3.0   8.0   7.0   4.0   9.0   5.0   9.0   3.0   3.0   7.0   5.0   4.0   3.0
LIPH   0.0   0.0   0.0   0.0   0.0   0.0   0.0   0.0   0.0   0.0   0.0   0.0   0.0   0.0   0.0   0.0   0.0   0.0   0.0   0.0   0.0   0.0   0.0   0.0   0.0
MACA   2.0   0.1   2.0   2.0   3.0   3.0   6.0   2.0   3.0   2.0   0.5   2.0   2.0   2.0   5.0   1.0   6.0   6.0   5.0   3.0   1.0   2.0   6.0   1.0   5.0
MELI   0.0   0.0   0.0   0.0   0.0   0.0   0.0   0.0   0.0   0.0   0.0   0.0   0.0   0.0   0.0   0.0   0.0   0.0   0.0   0.0   0.0   0.0   0.0   0.0   0.0
ORSE   0.0   0.0   0.1   0.0   0.01  0.01  0.0   0.0   0.1   0.01  0.0   0.0   0.1   0.0   0.1   0.0   0.1   0.0   0.1   0.1   0.1   0.0   0.0   0.5   0.0
PYCH   0.01  0.0   0.0   0.0   0.0   0.0   0.0   0.0   0.0   0.0   0.0   0.0   0.01  0.0   0.0   0.0   0.0   0.1   0.0   0.1   0.0   0.0   0.1   0.0   0.0
RUPU   0.01  0.05  0.0   0.5   0.0   0.5   0.1   0.0   3.0   0.5   0.5   1.0   1.0   0.0   0.0   0.0   0.01  0.5   0.0   0.5   0.1   0.0   0.0   0.0   0.5
VIAD   0.1   0.0   0.0   0.0   0.0   0.0   0.0   0.0   0.0   0.0   0.1   0.0   0.0   0.0   0.0   0.0   0.0   0.0   0.0   0.0   0.01  0.0   0.0   0.0   0.0
VIRE   0.0   0.01  0.01  0.0   0.0   0.0   0.0   0.1   0.01  0.1   0.1   0.1   0.0   0.0   0.01  0.0   0.1   0.0   0.1   0.01  0.0   0.1   0.0   0.0   0.0

QUAD  0A    0C    0E    0G    0I    2I    2G    2E    2C    2A    4A    4C    4E    4G    4I    6I    6G    6E    6C    6A    8A    8C    8E    8G    8I    4a    4c    4e    4g    4i
CXSI   0.0   0.0   0.0   0.0   0.0   0.0   0.01  0.0   0.0   0.0   0.0   0.0   0.0   0.0   0.0   0.01  0.0   0.0   0.0   0.0   0.0   0.0   0.0   0.0   0.0
CXRI   0.0   0.0   0.0   0.0   0.0   0.0   0.0   0.0   0.0   0.0   0.0   0.0   0.0   0.0   0.0   0.0   0.0   0.0   0.0   0.0   0.0   0.0   0.0   0.0   0.0
ELGL   0.0   0.0   0.0   0.0   0.0   0.0   0.0   0.0   0.0   0.0   0.0   0.0   0.0   0.0   0.0   0.0   0.0   0.0   0.0   0.0   0.0   0.0   0.0   0.0   0.0
ELIN   0.1   0.0   0.1   0.01  0.5   0.1   0.5   0.1   0.5   0.1   0.5   0.5   0.0   0.1   1.0   0.01  1.0   0.1   1.0   0.5   0.0   0.1   1.0   0.1   0.5
ORPU   0.1   0.0   0.0   0.0   0.0   0.0   0.0   0.0   0.01  0.0   0.01  0.0   0.0   0.0   0.0   0.0   0.0   0.0   0.01  0.01  0.0   0.01  0.0   0.0   0.0
SCPU   0.0   0.0   0.0   0.0   0.1   0.0   0.0   0.0   0.0   0.0   0.0   0.0   0.0   0.0   0.0   0.0   0.0   0.0   0.0   2.0   0.0   0.01  0.0   0.0   0.5
DRCA   0.0   4.0   0.0   0.0   0.0   0.0   0.0   1.0   0.0   0.1   0.0   1.0   0.1   0.0   0.0   0.0   0.01  0.0   0.0   0.0   0.0   0.0   0.0   0.0   0.1
EQVA   0.0   0.0   0.0   0.0   0.0   0.0   0.0   0.0   0.0   0.0   0.01  0.0   0.0   0.0   0.0   0.0   0.0   0.0   0.0   0.0   0.0   0.0   0.0   0.0   0.0
LYAN   0.0  25.0   0.1  10.0   0.0   0.5   1.0   1.0   2.0   1.0   0.5   3.0   3.0   0.0   0.0   1.0   2.0   0.0   0.0   0.0   0.0   1.0   0.0   0.01  0.1
LYCO   0.0   0.0   0.0   3.0   0.01  0.0   0.0   0.0   0.0   1.0   6.0   3.0   0.0   0.0   0.0   0.0   0.0   0.0   0.0   0.0   2.0   0.0   0.0   0.0   0.0
ORAS   0.0   0.1   0.0   0.0   0.0   0.0   0.0   0.0   0.1   0.0   0.0   0.01  0.0   0.0   0.0   0.01  0.0   0.01  0.0   0.0   0.0   0.0   0.0   0.0   0.0
SOSP   0.0   0.0   0.0   0.0   0.0   0.0   0.0   0.0   0.0   0.0   0.0   0.0   0.0   0.0   0.0   0.0   0.0   0.0   0.0   0.0   0.0   0.0   0.0   0.0   0.0
CACA   0.0   0.0   0.0   0.0   0.0   0.0   0.0   0.0   0.0   0.0   0.0   0.0   0.0   0.0   0.0   0.0   0.0   0.0   0.0   0.0   0.0   0.0   0.0   0.0   0.0
ROWO   0.0   0.0   0.0   0.0   0.0   0.0   0.0   0.0   0.0   0.0   0.0   0.0   0.0   0.0   0.0   0.0   0.0   0.0   0.0   0.0   0.0   0.0   0.0   0.0   0.0
TRBO   0.0   0.0   0.0   0.0   0.0   0.0   0.0   0.0   0.0   0.0   0.0   0.0   0.0   0.0   0.0   0.0   0.0   0.0   0.0   0.0   0.0   0.0   0.0   0.0   0.0
COTR   0.0   0.0   0.0   0.0   0.0   0.0   0.0   0.0   0.0   0.0   0.0   0.0   0.0   0.0   0.0   0.0   0.0   0.0   0.0   0.0   0.0   0.0   0.0   0.0   0.0
DITR   0.0   0.0   0.0   0.01  0.0   0.0   0.0   0.0   0.0   0.0   0.0   0.0   0.0   0.0   0.0   0.0   0.0   0.0   0.0   0.0   0.0   0.0   0.0   0.0   0.0
temp  53    51    52    53    53    53    54    53    52    53    52    53    53    53    54    53    54    53    54    54    53    54    53    53    54
