STAND 5, SURVEY DATE: 01 Jun 1985, OBSERVERS: G.H. La Roi (#1), ROWS: 0,2,4, M.S. Ross (#3), ROWS: 4,6,8, DATA ENTRY: 01 Dec 1997 (note: GHLR used thermometer "M" ("reads 2 degrees high"); MSR used "Old #1"; MSR data from Row 4 in 4a-i below; "redheaded
caterpillars on MEPA; morels seen near some POTR tree bases; POTR leaning into 4A; note higher BEPA cover)

QUAD  0A    0C    0E    0G    0I    2I    2G    2E    2C    2A    4A    4C    4E    4G    4I    6I    6G    6E    6C    6A    8A    8C    8E    8G    8I    4a    4c    4e    4g    4i

BEPA   0.0   0.0   0.0   0.0   3.0   0.0   0.0   0.1   0.0   0.0   2.0   0.0   0.0   0.0   0.0   0.0   0.0   6.0   0.0   0.0   0.0   0.0   0.0   0.0   0.0   0.0   0.0   0.0   0.0   0.0
PIGL  14.0  12.0  17.0   6.0   6.0  19.0  17.0  12.0  10.0  24.0  30.0  18.0  17.0  13.0  15.0  20.0   9.0   5.0   6.0  20.0  15.0   9.0   7.0   8.0  11.0  30.0   9.0  15.0   8.0   6.0
POBA   0.0   0.0   0.0   0.0   0.0   0.0   1.0   0.0   0.0   0.0   0.0   0.0   0.0   0.0   0.0   0.0   0.0   0.0   0.0   0.0   0.0   0.0   0.0   0.0   0.0   0.0   0.0   0.0   0.0   0.0
POTR  11.0  18.0   9.0  15.0  12.0  10.0   8.0  15.0  11.0  17.0  13.0  18.0  13.0  15.0  15.0  30.0  30.0  12.0  10.0  10.0  45.0  20.0  35.0   8.0  18.0  60.0  30.0  12.0  28.0  25.0
AMAL   0.0   0.1   0.0   0.0   0.0   0.0   0.01  0.0   0.5   0.0   0.0   0.0   0.0   0.5   0.0   0.0   0.0   0.1   0.0   0.0   0.0   0.0   0.0   0.0   0.0   0.0   0.0   0.0   0.1   0.0
LODI   0.5   0.1   2.0   0.0   0.0   0.0   0.0   0.1   0.01  0.1   0.01  0.1   0.5   0.1   0.0   0.0   0.0   0.0   0.01  0.1   0.1   0.1   0.01  0.1   0.01  0.1   0.5   0.1   0.1   0.1
LOIN   0.5   2.0   3.0   3.0   0.0   0.0   5.0   2.0   4.0   2.0   1.0   2.0   0.5   2.0   0.0   0.1   0.5   0.0   0.1   0.0   3.0   0.5   0.1   4.0   0.5   0.1   1.0   0.5   0.5   0.0
PRPE   0.0   0.0   0.0   0.0   0.0   0.0   0.0   0.0   0.0   0.0   0.0   0.0   0.0   0.0   0.0   0.0   0.0   0.0   0.0   0.0   0.0   0.0   0.0   0.0   0.0   0.0   0.0   0.0   0.0   0.0
RIGL   0.0   0.0   0.0   0.0   0.0   0.0   0.0   0.0   0.0   0.0   0.0   0.0   0.0   0.0   0.0   0.0   0.0   0.0   0.0   0.0   0.0   0.0   0.0   0.0   0.0   0.0   0.0   0.0   0.0   0.0
RILA   0.0   0.0   0.01  0.0   0.0   0.0   0.01  0.1   0.0   0.1   0.0   0.01  0.0   0.1   0.0   0.01  0.0   0.0   0.0   0.0   0.01  0.0   0.0   0.0   0.01  0.01  0.0   0.01  0.0   0.0
RITR   0.5   0.1   0.1   0.5   1.0   0.5   0.1   1.0   0.5   0.1   0.5   0.1   0.1   0.01  0.1   0.5   0.1   1.0   0.1   0.5   0.5   0.1   0.1   0.5   0.1   0.5   0.1   0.1   2.0   0.1
ROAC   4.0   1.0   4.0   3.0   2.0   3.0   2.0   2.0   1.0   2.0   0.5   2.0   0.5   3.0   1.0   1.0   0.1   0.1   0.5   0.1   6.0   1.0   1.0   1.0   1.0   0.5   2.0   1.0   0.0   0.5
RUID   0.01  0.0   0.0   0.0   0.0   0.0   0.0   0.0   0.0   0.0   0.0   0.0   0.0   0.0   0.0   0.0   0.0   0.0   0.0   0.0   0.0   0.0   0.0   0.0   0.0   0.0   0.0   0.0   0.0   0.0
SYAL   0.1   0.0   0.0   0.0   0.0   0.0   0.0   0.0   0.0   0.0   0.0   0.0   0.0   0.0   0.0   0.0   0.0   0.0   0.0   0.0   0.0   0.0   0.0   0.0   0.0   0.0   0.0   0.0   0.0   0.0
VAVI   0.5   0.0   0.0   0.0   0.0   0.0   0.0   0.0   0.0   0.0   0.0   0.0   0.0   0.0   0.0   0.0   0.0   0.0   0.0   0.0   0.0   0.0   0.0   0.0   0.0   0.0   0.0   0.0   0.0   0.0
VIED   4.0   8.0  11.0   7.0  12.0   3.0   3.0   5.0   4.0   3.0   0.5   5.0   1.0   3.0   3.0   3.0   4.0   5.0   3.0   1.0   4.0   1.0   2.0   7.0   2.0   0.5   6.0   0.5   3.0   3.0
ACMI   0.01  0.01  0.0   0.01  0.1   0.0   0.1   0.0   0.1   0.01  0.0   0.0   0.0   0.01  0.01  0.0   0.0   0.1   0.0   0.1   0.01  0.0   0.01  0.0   0.01  0.0   0.0   0.0   0.1   0.01

QUAD  0A    0C    0E    0G    0I    2I    2G    2E    2C    2A    4A    4C    4E    4G    4I    6I    6G    6E    6C    6A    8A    8C    8E    8G    8I    4a    4c    4e    4g    4i
ARNU   0.5   1.0   2.0   2.0   2.0   1.0   1.0   2.0   2.0   1.0   2.0   1.0   0.5   1.0   0.5   1.0   1.0   2.0   0.5   0.5   0.5   0.1   0.5   1.0   0.5   0.5   0.5   0.5   0.5   2.0
ASCI   0.5   0.5   1.0   0.5   0.5   1.0   0.5   1.0   0.5   0.1   1.0   0.5   0.1   0.1   1.0   0.5   0.1   0.1   0.1   0.5   0.5   0.5   0.5   0.5   0.1   0.5   0.1   0.1   0.5   1.0
ASCO   0.0   0.01  0.0   0.0   0.5   0.0   0.1   0.5   0.0   0.0   0.0   0.0   0.1   0.0   0.0   0.0   0.0   0.0   0.0   0.01  0.0   0.1   0.1   0.5   0.0   0.01  0.0   0.0   0.0   0.5
ACRU   0.1   0.0   0.0   0.0   0.0   0.0   0.0   0.0   0.01  0.0   0.1   0.1   0.0   0.0   0.0   0.1   0.0   0.1   0.0   0.1   0.0   0.1   0.01  0.1   0.01  0.1   0.0   0.1   0.0   0.0
COCA   5.0   6.0   7.0   8.0  11.0   5.0   5.0   6.0   5.0   4.0   3.0  10.0   2.0   2.0   4.0   0.5   3.0   1.0   4.0   0.5   3.0   1.0   1.0   2.0   1.0   0.5   6.0   0.5   3.0   5.0
COTR   0.0   0.0   0.0   0.0   0.0   0.0   0.0   0.0   0.0   0.0   0.0   0.0   0.0   0.0   0.0   0.0   0.0   0.0   0.01  0.0   0.0   0.0   0.0   0.0   0.0   0.0   0.0   0.0   0.0   0.0
EPAN   0.1   0.1   1.0   1.0   0.5   0.0   0.01  0.1   0.1   0.01  0.0   0.0   0.0   0.0   0.1   0.0   0.0   0.01  0.0   0.0   0.1   0.0   0.0   0.1   0.0   0.0   0.0   0.0   0.0   0.0
FRVE   0.0   0.0   0.0   0.0   0.0   0.0   0.0   0.0   0.0   0.0   0.0   0.0   0.1   0.0   0.0   0.0   0.0   0.0   0.0   0.0   0.0   0.0   0.0   0.0   0.0   0.0   0.0   0.1   0.0   0.0
FRVI   0.5   0.1   0.0   0.5   1.0   0.1   0.1   0.1   0.1   0.1   0.5   0.1   0.0   0.1   0.1   0.0   0.1   0.1   0.1   0.1   0.1   0.1   0.1   0.5   0.1   0.5   0.1   0.1   0.1   0.1
GABO   0.5   0.5   1.0   0.5   0.1   0.1   0.1   0.1   0.1   0.1   0.5   0.1   0.1   0.1   0.1   0.5   0.5   0.1   0.1   0.1   0.1   0.1   0.1   0.1   0.1   0.1   0.1   0.1   0.1   0.1
GATR   0.0   0.0   0.0   0.0   0.01  0.0   0.0   0.0   0.0   0.0   0.0   0.0   0.0   0.1   0.0   0.0   0.0   0.01  0.01  0.0   0.0   0.01  0.01  0.1   0.01  0.0   0.0   0.1   0.1   0.0
GORE   0.0   0.0   0.0   0.0   0.0   0.1   0.0   0.0   0.0   0.0   0.0   0.0   0.01  0.0   0.0   0.0   0.0   0.0   0.0   0.0   0.0   0.0   0.0   0.0   0.0   0.0   0.0   0.01  0.0   0.0
LAOC   0.1   0.1   0.1   1.0   0.5   0.1   0.1   0.1   0.1   0.1   0.0   0.0   0.01  0.0   0.01  0.0   0.0   0.01  0.0   0.0   0.1   0.0   0.0   0.1   0.0   0.0   0.01  0.0   0.0   0.1
LIBO   6.0  10.0   2.0   6.0   6.0   4.0   4.0   4.0   9.0  10.0  10.0   8.0   3.0  10.0   8.0   8.0  10.0   7.0   4.0  10.0   5.0   3.0   6.0   5.0   6.0  16.0   6.0   2.0   7.0   6.0
MACA   1.0   2.0   2.0   3.0   4.0   3.0   2.0   3.0   1.0   1.0   1.0   2.0   0.5   3.0   1.0   1.0   1.0   1.0   3.0   0.1   0.5   0.5   0.1   3.0   0.5   0.1   0.1   0.5   2.0   0.5
MEPA   0.1   0.1   1.0   0.5   1.0   1.0   0.5   1.0   0.1   2.0   3.0   1.0   2.0   3.0   1.0   6.0   3.0   0.5   0.5   0.5   3.0   4.0   0.5   0.5   1.0   2.0   2.0   1.0   3.0   2.0
MINU   1.0   3.0   2.0   3.0   5.0   4.0   3.0   3.0   2.0   1.0   3.0   3.0   1.0   2.0   5.0   6.0   5.0   1.0   3.0   2.0   2.0   4.0   2.0   3.0   3.0   6.0   3.0   0.5   0.0   4.0
OSCH   0.0   0.0   0.0   0.0   0.0   0.0   0.0   0.0   0.0   0.0   0.0   0.0   0.0   0.0   0.0   0.0   0.0   0.0   0.0   0.0   0.0   0.0   0.1   0.0   0.0   0.0   0.0   0.0   0.0   0.0
PEPA   0.1   0.1   0.5   0.5   1.0   2.0   0.1   0.5   0.1   0.1   0.01  0.5   0.5   1.0   0.5   1.0   0.1   0.1   0.1   0.0   0.5   0.1   0.1   0.5   0.1   0.1   0.1   0.1   0.5   0.0
PYAS   0.1   0.5   0.5   1.0   0.1   0.01  0.5   1.0   0.1   0.5   0.5   0.1   1.0   0.1   0.1   0.5   0.1   0.1   0.0   0.5   0.0   0.0   0.01  0.1   0.1   1.0   1.0   1.0   0.5   0.1

QUAD  0A    0C    0E    0G    0I    2I    2G    2E    2C    2A    4A    4C    4E    4G    4I    6I    6G    6E    6C    6A    8A    8C    8E    8G    8I    4a    4c    4e    4g    4i
ORSE   0.0   0.0   0.0   0.1   0.1   0.0   0.0   0.1   0.0   0.1   0.0   0.1   0.0   0.0   0.0   0.1   0.0   0.0   0.0   0.1   0.0   0.0   0.0   0.0   0.0   0.1   0.0   0.0   0.0   0.0
PYCH   0.0   0.0   0.0   0.0   0.0   0.0   0.0   0.0   0.0   0.0   0.0   0.0   0.0   0.0   0.0   0.0   0.0   0.0   0.0   0.0   0.0   0.0   0.0   0.0   0.0   0.0   0.0   0.0   0.0   0.0
RUPU   3.0   3.0   7.0   4.0   5.0   4.0   1.0   3.0   5.0   3.0   2.0   2.0   1.0   2.0   2.0   0.0   3.0   2.0   1.0   1.0   8.0   3.0   1.0   2.0   0.5   1.0   2.0   0.5   1.0   1.0
TRBO   0.0   0.0   0.0   0.0   0.0   0.0   0.0   0.0   0.0   0.0   0.1   0.0   0.0   0.0   0.0   0.0   0.1   0.0   0.1   0.5   0.5   0.5   1.0   0.5   0.0   0.1   0.0   0.0   0.0   0.0
VIRE   0.1   0.1   0.1   0.5   0.5   0.5   0.1   0.5   0.5   0.1   0.1   0.1   0.01  0.5   0.5   1.0   1.0   0.5   0.5   0.1   0.1   0.5   1.0   0.1   0.5   2.0   0.5   0.5   0.1   1.0
CACA   0.1   0.1   0.5   0.5   1.0   0.1   0.01  0.01  0.1   0.01  0.0   0.01  0.01  0.1   0.1   0.1   0.1   0.1   0.01  0.01  0.5   0.01  0.1   0.1   0.1   0.0   0.1   0.0   0.1   0.1
ELIN   0.01  0.0   0.0   0.0   0.0   0.01  0.0   0.0   0.01  0.5   0.0   0.0   0.0   0.1   0.0   0.0   0.0   0.0   0.0   0.0   0.0   0.0   0.0   0.01  0.0   0.0   0.0   0.0   0.1   0.0
SCPU   0.0   0.0   0.0   0.0   0.0   0.0   0.0   0.0   0.0   0.0   0.0   0.0   0.0   0.0   0.0   0.0   0.0   0.0   0.0   0.0   0.0   0.0   0.0   0.0   0.0   0.0   0.0   0.0   0.0   0.0
EQSY   0.0   0.0   0.01  0.01  0.0   0.0   0.0   0.01  0.0   0.0   0.0   0.01  0.01  0.01  0.0   0.0   0.1   0.01  0.1   0.01  0.0   0.0   0.01  0.01  0.0   0.0   0.0   0.01  0.0   0.0
HIUM   0.01  0.01  0.0   0.0   0.0   0.0   0.0   0.0   0.0   0.0   0.0   0.0   0.0   0.0   0.0   0.0   0.0   0.0   0.0   0.0   0.0   0.0   0.0   0.0   0.0   0.0   0.0   0.0   0.0   0.0
VIAM   0.0   0.0   0.0   0.0   0.1   0.0   0.0   0.0   0.0   0.0   0.0   0.0   0.0   0.0   0.0   0.0   0.0   0.0   0.01  0.0   0.01  0.0   0.0   0.0   0.0   0.0   0.0   0.0   0.0   0.0
ELGL   0.01  0.01  0.0   0.0   0.0   0.0   0.0   0.0   0.0   0.0   0.0   0.0   0.0   0.0   0.0   0.0   0.0   0.0   0.0   0.0   0.0   0.0   0.0   0.0   0.0   0.0   0.0   0.0   0.0   0.0
BRCI   0.0   0.0   0.0   0.0   0.0   0.0   0.0   0.0   0.0   0.0   0.0   0.0   0.0   0.0   0.0   0.0   0.0   0.0   0.0   0.0   0.0   0.0   0.0   0.0   0.0   0.0   0.0   0.0   0.0   0.0
VAMY   0.0   0.0   0.0   0.0   0.0   0.0   0.0   0.0   0.0   0.0   0.0   0.0   0.0   0.0   0.0   0.0   0.0   0.0   0.0   0.0   0.0   0.0   0.0   0.0   0.0   0.0   0.0   0.0   0.0   0.0
MOUN   0.0   0.0   0.0   0.0   0.0   0.0   0.0   0.0   0.0   0.0   0.0   0.0   0.0   0.0   0.0   0.0   0.0   0.0   0.0   0.0   0.0   0.0   0.0   0.0   0.0   0.0   0.0   0.0   0.0   0.0
AGTR   0.0   0.0   0.0   0.0   0.0   0.0   0.0   0.0   0.0   0.0   0.0   0.0   0.0   0.0   0.0   0.0   0.0   0.0   0.0   0.0   0.0   0.0   0.0   0.0   0.0   0.0   0.0   0.0   0.0   0.0
temp  44.0  43.0  43.0  45.0  47.0  47.0  47.0  45.0  47.0  47.0  45.0  47.0  48.0  47.0  50.0  40.0  45.0  44.0  42.0  42.0  42.0  39.0  42.0  42.0  40.0  47.0  44.0  45.0  46.0  42.0
