  6    1     2   -0.70  30.0000 *
  6    1     9   -0.70   7.9331
  6    1    36   -0.70   0.2935
  6    1     6   -0.31   2.3068
  6    1    14    0.11   5.8611
  6    1    29   -0.70   0.6334
  6    2    23    2.90   2.9950
  6    2    15    0.91  21.3500
  6    2    22    0.91   0.3006
  6    2    30   -3.11   0.8729
  6    2     3   -0.30   0.4762
  6    2    25    0.51   6.9435
  6    3    12   -3.51   7.6283
  6    3    65    0.11  10.7130
  6    3    64    0.11  30.0000 *
  6    3    26    1.31   0.9454
  6    3    18   -2.30   6.1650
  6    3    51    0.11  30.0000 *
 10    1     2    0.50   0.3437
 10    1     6    0.87   3.6203
 10    1    36    0.48   0.3015
 10    1    14    7.21   7.3697
 10    1     9   -0.31   8.3381
 10    1    29    2.03   0.6238
 10    2    23    4.86   3.0626
 10    2    25    2.90   7.5047
 10    2     3    0.10   0.5190
 10    2    15    1.70  29.0260
 10    2    22    2.11   0.5460
 10    2    30   -3.11   0.9392
 10    3    51   -0.29  30.0000 *
 10    3    12   -3.51   7.6283
 10    3    26    1.71   0.7695
 10    3    65   -0.29  11.9127
 10    3    64    0.11  30.0000 *
 10    3    18   -2.30   5.9255
 14    1     6    3.94   2.8309
 14    1    29    5.08   3.6838
 14    1     9   -0.31   7.6954
 14    1    36    2.79   0.3858
 14    1    14    8.79  30.0000 *
 14    1     2    0.10   0.3038
 14    2    25    5.25   9.7266
 14    2    22    3.29   0.4597
 14    2    30   -2.71   1.0680
 14    2    23    7.21   4.4398
 14    2    15    3.65  30.0000 *
 14    2     3   -0.30   0.5224
 14    3    51    0.11  30.0000 *
 14    3    12   -3.11  17.1577
 14    3    26    2.90   0.7426
 14    3    18   -2.30   5.9255
 14    3    64    0.51  30.0000 *
 14    3    65   -0.29  11.9127
 18    1    14    9.19  30.0000 *
 18    1     2    2.84   0.3706
 18    1     6    5.08   4.6965
 18    1    36    4.32   0.4777
 18    1     9    1.25   8.2106
 18    1    29    5.84   1.3501
 18    2    25    6.82  11.2416
 18    2    23    8.00   5.1465
 18    2     3    1.28   0.6101
 18    2    15    5.20  26.7438
 18    2    22    4.86   0.5994
 18    2    30   -1.92   1.1779
 18    3    51    1.30  30.0000 *
 18    3    18   -2.71   6.7197
 18    3    26    3.69   0.9211
 18    3    12   -2.31  17.2957
 18    3    64    0.51  30.0000 *
 18    3    65    0.11  14.6037
 22    1     6    5.84   5.0323
 22    1    29    5.46   2.9689
 22    1     9    2.41   9.3391
 22    1    14    7.60  30.0000 *
 22    1     2    4.38   0.3682
 22    1    36    4.70   0.7496
 22    2    30   -1.13   1.2926
 22    2    23    5.64   5.8566
 22    2    22    5.25   0.7473
 22    2     3    2.06   0.5697
 22    2    15    5.59  27.7853
 22    2    25    6.42  13.9418
 22    3    26    4.86   1.0705
 22    3    12   -1.52  17.6504
 22    3    65    0.91  30.0000 *
 22    3    64    0.51  30.0000 *
 22    3    51    1.70  30.0000 *
 22    3    18   -2.71   5.6022
 26    1     6    5.46   4.8626
 26    1     9    2.79   9.7319
 26    1    14   13.81   1.3590
 26    1     2    5.53   0.3532
 26    1    29    6.60   6.3792
 26    1    36    4.70   2.3413
 26    2    22    5.25   0.9530
 26    2    23    8.00  13.8771
 26    2    30   -0.36   1.4121
 26    2     3    3.61   0.7902
 26    2    15    6.36  30.0000 *
 26    2    25    7.21   5.6755
 26    3    51    2.09  30.0000 *
 26    3    12   -0.36  19.2057
 26    3    18   -1.51   5.8536
 26    3    64    0.51  30.0000 *
 26    3    65    1.30  23.6109
 26    3    26    4.47   0.6687
 30    1     6    6.60   6.3792
 30    1    36    4.70   5.8681
 30    1    14   18.08  30.0000 *
 30    1     2    5.53   0.3386
 30    1     9    2.41  10.5589
 30    1    29    8.12   2.2262
 30    2    23   10.41  30.0000 *
 30    2    25    8.79   8.4215
 30    2    22    4.86   1.1833
 30    2     3    3.99   0.8168
 30    2    30   -0.36   1.5321
 30    2    15    6.36  30.0000 *
 30    3    12   -0.36  20.6452
 30    3    64    0.11  30.0000 *
 30    3    18   -1.11   8.1488
 30    3    51    2.09  30.0000 *
 30    3    65    1.30  24.4795
 30    3    26    5.25   0.9073
 34    1     6    8.51   6.8820
 34    1    36    6.60  23.2148
 34    1     9    3.94  10.0926
 34    1     2    7.06   0.3329
 34    1    14   10.00  30.0000 *
 34    1    29    7.36   2.9400
 34    2    22    6.82   1.6195
 34    2    23    8.79  30.0000 *
 34    2    30    0.41   1.5366
 34    2     3    5.14   0.8564
 34    2    15    8.31  30.0000 *
 34    2    25    8.79  12.2658
 34    3    12    1.18  30.0000 *
 34    3    26    6.82   1.2548
 34    3    64    0.91  30.0000 *
 34    3    51    3.26  30.0000 *
 34    3    65    2.48  30.0000 *
 34    3    18    0.06   7.1343
 38    1     6    6.98   5.9447
 38    1     2    7.45   0.3279
 38    1     9    4.32   8.1802
 38    1    36    5.46  30.0000 *
 38    1    14   12.50  30.0000 *
 38    1    29    6.98  12.9299
 38    2    15    7.53  30.0000 *
 38    2    22    5.64   2.7710
 38    2    23    7.60  30.0000 *
 38    2    25    8.79  30.0000 *
 38    2     3    6.29   0.9861
 38    2    30    0.79   1.7380
 38    3    26    6.42   2.5031
 38    3    64    1.70  30.0000 *
 38    3    51    2.87  30.0000 *
 38    3    12    1.18  30.0000 *
 38    3    65    2.09  30.0000 *
 38    3    18    1.22   8.1769
 42    1     6    8.12   9.4135
 42    1    14    9.19  30.0000 *
 42    1     9    4.70   8.4893
 42    1     2    7.45   0.3148
 42    1    29    6.98  30.0000 *
 42    1    36    6.60  30.0000 *
 42    2    22    6.82   4.6601
 42    2    23    8.00  30.0000 *
 42    2    25    8.39  30.0000 *
 42    2     3    5.91   0.9566
 42    2    15    8.31  30.0000 *
 42    2    30    1.18   1.8093
 42    3    51    3.26  30.0000 *
 42    3    12    1.93  26.3666
 42    3    18    1.60   6.6845
 42    3    64    1.70  30.0000 *
 42    3    65    2.48  30.0000 *
 42    3    26    7.21   4.4398
 46    1     6   10.07  22.2542
 46    1    29   11.67  30.0000 *
 46    1     9    6.60   8.9507
 46    1    36    9.28  30.0000 *
 46    1    14   21.33  30.0000 *
 46    1     2    9.40   0.3160
 46    2    15   11.12  30.0000 *
 46    2    23   13.36  30.0000 *
 46    2    25   13.81  30.0000 *
 46    2    30    2.68   2.1083
 46    2    22    9.19   9.5887
 46    2     3    7.83  30.0000 *
 46    3    26   10.00  21.5600
 46    3    12    3.81  30.0000 *
 46    3    64    2.87  30.0000 *
 46    3    18    2.74   8.5565
 46    3    65    4.43  30.0000 *
 46    3    51    5.59  30.0000 *
 50    1     6   10.07  30.0000 *
 50    1    36    9.28  30.0000 *
 50    1     9    7.36   9.5741
 50    1    29   10.86  30.0000 *
 50    1    14   14.70  30.0000 *
 50    1     2    9.79   0.3238
 50    2    22    9.19  19.3357
 50    2    23   12.50  30.0000 *
 50    2    15   11.12  30.0000 *
 50    2     3    8.61   1.0633
 50    2    30    3.06   2.3781
 50    2    25   13.36  30.0000 *
 50    3    12    3.81  30.0000 *
 50    3    26    9.59  30.0000 *
 50    3    64    3.65  30.0000 *
 50    3    51    5.59  30.0000 *
 50    3    65    4.43  30.0000 *
 50    3    18    3.12   8.2007
 54    1     6   10.46  30.0000 *
 54    1    29   11.27  30.0000 *
 54    1     9    7.74   9.4957
 54    1     2   10.19   0.3187
 54    1    14   18.59  30.0000 *
 54    1    36    9.67  30.0000 *
 54    2    23   11.65  30.0000 *
 54    2    25   12.50  30.0000 *
 54    2    22   10.00  30.0000 *
 54    2     3    9.00   1.1495
 54    2    30    4.18   2.6446
 54    2    15   11.53  30.0000 *
 54    3    26    9.59  30.0000 *
 54    3    12    4.55  30.0000 *
 54    3    51    6.36  30.0000 *
 54    3    18    3.88   9.6230
 54    3    65    5.97  30.0000 *
 54    3    64    4.81  30.0000 *
 58    1     6   10.07  30.0000 *
 58    1    14   18.08  30.0000 *
 58    1     2   10.19   0.3063
 58    1     9    8.12   9.4135
 58    1    36    9.28  30.0000 *
 58    1    29   11.67  30.0000 *
 58    2    22    9.59  30.0000 *
 58    2    23   11.65  30.0000 *
 58    2    30    4.18   3.1243
 58    2     3   12.65   0.0747
 58    2    15   11.53  30.0000 *
 58    2    25   12.93  30.0000 *
 58    3    26    9.59  30.0000 *
 58    3    12    4.18  30.0000 *
 58    3    51    6.36  30.0000 *
 58    3    64    4.81  30.0000 *
 58    3    18    3.50   9.6503
 58    3    65    5.59  30.0000 *
 62    1     6   10.46  30.0000 *
 62    1    36   10.07  30.0000 *
 62    1     9    8.51  10.0570
 62    1     2   10.19   0.3187
 62    1    29   12.08  30.0000 *
 62    1    14   16.58   2.0758
 62    2    15   11.53  30.0000 *
 62    2    23   12.50  30.0000 *
 62    2    30    4.18   3.6739
 62    2    22   10.00  30.0000 *
 62    2     3    9.00   1.0936
 62    2    25   13.36  30.0000 *
 62    3    51    7.14  30.0000 *
 62    3    12    4.55  30.0000 *
 62    3    64    5.59  30.0000 *
 62    3    26   10.41  30.0000 *
 62    3    65    5.97  30.0000 *
 62    3    18    3.88   9.6230
 66    1     6   11.27   7.8464
 66    1    36   10.86   7.0035
 66    1     9    9.28   7.3283
 66    1     2   11.40   0.2708
 66    1    14   16.58   1.8702
 66    1    29   12.08   0.5448
 66    2    22   11.65   1.7822
 66    2    23   14.70   0.9203
 66    2    30    5.67   3.2912
 66    2     3   10.19   1.0238
 66    2    15   12.79  30.0000 *
 66    2    25   13.36  10.8776
 66    3    12    5.67  30.0000 *
 66    3    26   11.23   0.3131
 66    3    64    6.75  30.0000 *
 66    3    51    8.71  30.0000 *
 66    3    65    7.92  30.0000 *
 66    3    18    5.00   8.7435
 70    1     6   11.67   3.7480
 70    1     2   11.40   0.3162
 70    1     9    9.67   8.2510
 70    1    14   22.51  17.6499
 70    1    29   12.91   1.0034
 70    1    36   10.86   1.1256
 70    2    15   12.79  30.0000 *
 70    2    22   11.65   1.6072
 70    2    23   13.36   4.5924
 70    2    25   14.25  10.5884
 70    2     3   10.59   0.7864
 70    2    30    6.04   3.1235
 70    3    26   11.23   0.7817
 70    3    64    7.14  30.0000 *
 70    3    51    8.71  30.0000 *
 70    3    12    6.04  30.0000 *
 70    3    65    7.92  30.0000 *
 70    3    18    5.38   8.6941
 74    1     6   11.67   5.3098
 74    1    14   19.65  30.0000 *
 74    1     9   10.07   8.5104
 74    1    29   13.33   1.9908
 74    1     2   11.81   0.3507
 74    1    36   11.27   1.3440
 74    2    22   12.07   1.7405
 74    2    23   14.70   5.0202
 74    2    25   14.70  13.1078
 74    2     3   10.99   0.7008
 74    2    15   13.22  30.0000 *
 74    2    30    6.41   3.5110
 74    3    51    9.50  30.0000 *
 74    3    12    6.04  30.0000 *
 74    3    65    8.71  30.0000 *
 74    3    64    7.53  30.0000 *
 74    3    26   11.65   1.8773
 74    3    18    5.38   8.0059
 78    1     6   12.08   3.5563
 78    1    29   13.33   0.5866
 78    1     9   14.63  10.8682
 78    1    36   11.67   0.4662
 78    1    14   22.51   3.3678
 78    1     2   12.23   0.3450
 78    2    25   14.70   5.0202
 78    2    23   14.25   3.8230
 78    2    15   13.22  30.0000 *
 78    2    30    7.15   3.7399
 78    2    22   12.07   1.0499
 78    2     3   10.99   0.6103
 78    3    51    9.10  30.0000 *
 78    3    12    6.78  30.0000 *
 78    3    18    6.13   7.5888
 78    3    26   12.93   0.5729
 78    3    64    8.31  30.0000 *
 78    3    65    8.71  30.0000 *
 82    1     6   12.08   4.2030
 82    1     2   12.23   0.3592
 82    1     9    8.51   5.8244
 82    1    36    8.89   0.5092
 82    1    14   12.93   4.8686
 82    1    29    8.89   0.5092
 82    2    22   11.65   1.0735
 82    2    23   12.07   5.9555
 82    2    15   13.66  30.0000 *
 82    2     3   11.40   0.6260
 82    2    30    6.78   3.3283
 82    2    25   13.36   5.4803
 82    3    12    6.78  30.0000 *
 82    3    26   11.65   0.9732
 82    3    64    8.71  30.0000 *
 82    3    51    9.50  30.0000 *
 82    3    65    9.10  30.0000 *
 82    3    18    6.51   8.4557
 86    1     6   11.27   3.1209
 86    1     2   11.81   0.4137
 86    1     9   10.07   6.5907
 86    1    14   20.76   6.0928
 86    1    29   12.49   0.7009
 86    1    36   11.27   0.3538
 86    2    23   12.07   4.2004
 86    2    25   12.93   7.4915
 86    2    22   12.07   0.6523
 86    2     3   10.99   0.7008
 86    2    30    7.15   0.9092
 86    2    15   13.66  30.0000 *
 86    3    26   11.65   1.5268
 86    3    12    6.78  30.0000 *
 86    3    51    9.90  30.0000 *
 86    3    64    8.71  30.0000 *
 86    3    65    9.50  25.0945
 86    3    18    6.13   6.6999
 90    1     6   12.49   3.6594
 90    1    36   11.67   0.4662
 90    1     9   10.46   7.3842
 90    1    14   18.59  30.0000 *
 90    1    29   12.49   0.9314
 90    1     2   12.65   0.4342
 90    2    22   12.93   0.8285
 90    2    23   14.25   5.8187
 90    2    30    7.53   0.9822
 90    2     3   11.40   0.8694
 90    2    15   13.66  30.0000 *
 90    2    25   14.25  11.5737
 90    3    51   10.30  30.0000 *
 90    3    12    7.15  30.0000 *
 90    3    18    6.88   7.1628
 90    3    64    9.10  30.0000 *
 90    3    65    9.90  30.0000 *
 90    3    26   12.50   1.8856
 94    1     6   12.49   3.6594
 94    1     2   12.65   0.3993
 94    1     9   10.86   7.6126
 94    1    36   12.08   0.3287
 94    1    14   16.10   1.7269
 94    1    29   12.49   1.0784
 94    2    15   14.10  30.0000 *
 94    2    23   14.25   8.2101
 94    2    30    7.53   1.0319
 94    2    22   13.36   0.9826
 94    2     3   11.81   0.8506
 94    2    25   14.70   4.2403
 94    3    64    9.50  30.0000 *
 94    3    12    7.53  30.0000 *
 94    3    18    6.88   7.8868
 94    3    51   11.53  30.0000 *
 94    3    65   10.30  28.3884
 94    3    26   13.36   1.3909
 98    1     6   12.08   2.9727
 98    1    36   12.08   0.3287
 98    1     9   10.86   6.4464
 98    1     2   12.23   0.4064
 98    1    14   14.25   4.4692
 98    1    29   12.08   0.4202
 98    2    22   12.93   0.7195
 98    2    23   13.81   2.4034
 98    2    30    7.53   1.0844
 98    2     3   11.40   0.6554
 98    2    15   13.66  30.0000 *
 98    2    25   13.81   7.3207
 98    3    12    7.53  30.0000 *
 98    3    26   12.93   1.8410
 98    3    64    9.50  30.0000 *
 98    3    51   10.30  30.0000 *
 98    3    65    9.90  30.0000 *
 98    3    18    6.88   7.1628
102    1     6   12.08   3.5563
102    1    29   12.49   0.7695
102    1     9   10.86   7.0035
102    1    36   11.67   0.4465
102    1    14   15.16  30.0000 *
102    1     2   12.65   0.4530
102    2    23   14.25   5.3243
102    2     3   11.81   0.8110
102    2    22   12.93   0.8285
102    2    15   14.10  30.0000 *
102    2    25   14.70  10.0192
102    2    30    7.53   1.0844
102    3    18    6.88   8.7445
102    3    51   11.12  30.0000 *
102    3    12    7.53  30.0000 *
102    3    26   12.93   2.2705
102    3    65   10.30  30.0000 *
102    3    64    9.50  30.0000 *
106    1     6   10.86   3.2626
106    1    36   10.46   0.3513
106    1     9   10.46   6.2547
106    1    14   12.93   5.8051
106    1    29   10.86   0.4439
106    1     2   12.23   0.4422
106    2    23   12.07   4.2004
106    2    30    7.53   1.1399
106    2     3   11.81   0.7734
106    2    15   12.79  30.0000 *
106    2    22   12.07   0.7860
106    2    25   12.50   5.6325
106    3    51    9.90  30.0000 *
106    3    64    9.90  30.0000 *
106    3    65   10.30  30.0000 *
106    3    12    6.04  30.0000 *
106    3    26   10.82   1.3042
106    3    18    6.51   8.4557
110    1     6   10.86   3.2626
110    1     2   11.81   0.4503
110    1     9   10.07   6.5907
110    1    36   10.07   0.3573
110    1    14   14.25   4.1172
110    1    29   10.46   0.3513
110    2    23   12.07   5.4648
110    2    15   12.79  30.0000 *
110    2    22   11.65   0.8833
110    2     3   10.59   0.7864
110    2    30    7.15   1.1079
110    2    25   12.50   5.1609
110    3    12    6.78  30.0000 *
110    3    51    9.90  30.0000 *
110    3    64    9.50  30.0000 *
110    3    26   10.82   1.1796
110    3    18    6.51   7.6277
110    3    65    9.50  30.0000 *
114    1     2   12.23   0.4615
114    1     6   11.67   3.7480
114    1    36   10.46   0.3979
114    1    14   11.65   1.8773
114    1     9   10.07   6.5907
114    1    29   10.07   0.3883
114    2    23   11.65   9.6035
114    2    25   12.07   7.0465
114    2     3   10.59   0.5435
114    2    15   12.37  30.0000 *
114    2    22   12.07   1.1030
114    2    30    6.78   1.1898
114    3    12    6.41  30.0000 *
114    3    51   10.30  30.0000 *
114    3    65    9.90  30.0000 *
114    3    26   10.82   1.7734
114    3    64    9.50  30.0000 *
114    3    18    6.88   9.7754
118    1    36    8.12   0.4427
118    1     6    8.89   3.3226
118    1    29    6.60   0.2971
118    1     9    9.28   6.7343
118    1    14    7.21   2.9047
118    1     2   11.40   0.4790
118    2     3    9.79   0.9487
118    2    23    8.79  20.0079
118    2    15   11.12  30.0000 *
118    2    22   10.00   1.2969
118    2    30    6.41   1.2779
118    2    25    9.19   5.6674
118    3    65    9.10  30.0000 *
118    3    12    5.29  30.0000 *
118    3    26    9.19   2.5236
118    3    18    6.13   9.1340
118    3    51    9.10  30.0000 *
118    3    64    9.50  30.0000 *
126    1     6   10.07   4.7158
126    1    36    9.28   0.4997
126    1     9    8.89   7.1023
126    1    14   18.08  12.4606
126    1    29   10.46   0.4151
126    1     2   10.19   0.8033
126    2    23   12.07  30.0000 *
126    2    30    6.04   1.3046
126    2    22   11.23   1.9224
126    2     3    9.00   0.9432
126    2    15   11.12  30.0000 *
126    2    25   11.65   6.8336
126    3    26   10.41   2.7608
126    3    12    5.29  30.0000 *
126    3    51    9.50  30.0000 *
126    3    65    9.50  30.0000 *
126    3    64    9.10  30.0000 *
126    3    18    5.38   9.6055
134    1     6    8.51   5.3655
134    1     2    9.79   0.5165
134    1    14    8.39   6.2673
134    1    36    8.12   1.1336
134    1     9    8.89   7.7499
134    1    29    7.36   0.4388
134    2    25    9.59   5.3850
134    2    23    9.59  30.0000 *
134    2    15   10.30  30.0000 *
134    2     3    9.00   0.9906
134    2    22    9.59   4.1720
134    2    30    6.04   1.3726
134    3    26    8.79   2.6009
134    3    12    4.55  30.0000 *
134    3    51    8.71  30.0000 *
134    3    18    5.38   9.6055
134    3    64    9.10  30.0000 *
134    3    65    8.71  30.0000 *
142    1     6    7.36   8.2205
142    1    36    7.74   8.4960
142    1    14    6.42  30.0000 *
142    1     2    8.61   0.5466
142    1     9    7.74   7.7133
142    1    29    5.46   1.4486
142    2    23    8.39  30.0000 *
142    2    25    8.00  30.0000 *
142    2     3    7.83   1.0556
142    2    15    9.50  30.0000 *
142    2    22    9.19  11.9088
142    2    30    4.92   1.7111
142    3    12    3.81  30.0000 *
142    3    51    7.92  30.0000 *
142    3    18    4.63  10.1758
142    3    26    8.39   5.3163
142    3    64    8.31  30.0000 *
142    3    65    7.92  30.0000 *
