1982 089 112 083 077 097 098 036 055 109 082 064
1981 170 190 126 159 155 151 098 131 142 187 164
1980 139 204 131 133 113 131 055 132 147 130 139
1979 169 229 142 136 173 112 102 163 139 162 200
1978 222 204 132 140 161 128 128 165 142 171 150
1977 225 245 210 122 132 129 136 231 204 202 188
1976 193 188 227 156 124 117 128 232 188 174 148
1975 225 177 129 144 132 076 101 204 166 138 168
1974 181 192 134 146 131 088 076 141 145 129 121
1973 199 185 138 117 194 100 101 191 180 174 132
1972 201 185 154 121 159 113 103 205 162 182 144
1971 180 172 117 145 142 093 098 190 154 160 140
1970 208 166 135 123 172 091 114 141 136 163 173
1969 190 129 156 084 138 048 110 104 132 133 135
1968 130 126 129 069 135 059 125 047 111 052 122
1967 117 130 102 055 097 048 069 053 083 061 086
1966 117 154 136 048 124 068 126 175 120 206 115
1965 170 199 205 077 183 102 234 208 188 353 208
1964 149 206 191 115 182 125 205 186 182 288 205
1963 229 244 217 195 204 128 247 207 151 320 252
1962 200 205 196 141 190 119 255 168 165 279 197
1961 159 211 199 145 157 165 278 205 157 276 196
1960 185 165 206 131 176 104 297 213 202 300 237
1959 176 126 160 128 139 107 277 154 180 212 209
1958 144 172 187 137 147 097 201 175 134 194 185
1957 233 223 307 177 244 108 283 289 189 311 223
1956 215 223 257 185 220 123 219 183 192 264 227
1955 250 227 220 205 218 152 285 261 208 321 254
1954 213 185 213 202 261 135 267 193 213 368 278
1953 144 146 202 123 170 105 218 130 183 256 248
1952 091 153 205 151 167 127 229 181 180 227 254
1951 099 174 146 191 181 103 188 165 171 237 253
1950 098 145 200 216 218 137 196 156 219 205 286
1949 120 242 209 264 265 196 293 188 251 296 270
1948 112 162 208 203 203 114 239 162 186 285 244
1947 300 248 350 314 366 166 298 275 280 354 338
1946 380 128 377 299 411 147 269 252 306 371 387
1945 303 110 348 262 408 151 245 284 279 369 356
1944 326 117 347 248 379 154 147 381 212 390 298
1943 129 199 188 251 180 082 122 229 146 257 247
1942 087 144 173 295 193 089 112 197 166 240 298
1941 086 142 225 265 274 197 132 186 238 307 330
1940 049 185 242 337 227 123 149 184 215 299 415
1939 083 140 349 333 312 111 133 209 207 349 344
1938 123 197 402 320 347 103 121 218 219 253 371
1937 151 247 409 457 422 137 206 320 273 331 492
1936 200 257 475 552 540 200 237 335 313 405 627
1935 249 328 539 413 448 227 333 440 318 435 497
1934 172 290 616 474 431 199 295 572 304 436 311
1933 191 129 298 365 277 193 212 192 308 298 402
