1982 057 056 044 061 063 039 052 064 067 064
1981 097 110 118 158 122 077 114 111 117 108
1980 110 107 083 136 136 065 086 102 124 176
1979 157 189 205 229 200 112 157 116 177 191
1978 176 139 221 241 244 156 151 140 184 208
1977 171 149 207 267 199 170 140 192 196 164
1976 206 132 199 273 158 169 150 173 166 160
1975 187 136 157 264 161 158 123 172 155 125
1974 168 125 169 256 173 163 081 184 130 181
1973 200 157 158 299 272 162 132 227 208 139
1972 197 180 162 367 211 168 134 145 210 114
1971 179 137 155 322 252 128 146 132 156 114
1970 222 165 182 328 207 118 157 123 186 121
1969 178 158 212 221 136 080 150 141 131 154
1968 154 181 184 205 075 137 126 167 138 130
1967 128 096 166 199 045 146 073 148 126 132
1966 222 167 233 312 203 283 167 193 224 170
1965 230 247 283 406 347 305 185 266 284 149
1964 232 231 277 420 303 303 155 299 258 177
1963 219 242 277 427 324 313 192 335 308 220
1962 208 270 300 419 340 260 232 339 300 138
1961 215 197 252 454 420 338 212 325 337 212
1960 224 226 284 507 562 469 301 290 443 180
1959 155 166 236 435 437 300 209 275 310 099
1958 102 111 157 331 248 250 148 249 181 188
1957 228 209 311 482 481 391 258 479 445 201
1956 232 211 348 448 451 358 229 512 457 178
1955 276 261 349 500 416 408 384 484 556 174
1954 317 280 271 518 272 379 404 398 470 130
1953 177 205 193 359 293 322 396 327 384 141
