1982 032 176 065 031 100 053 105 151 031 045
1981 063 132 090 086 098 042 219 142 078 110
1980 059 144 085 082 086 063 189 183 067 074
1979 140 154 093 081 095 055 176 166 064 131
1978 133 192 103 083 124 082 166 135 062 107
1977 108 178 107 058 131 088 155 120 077 104
1976 151 158 103 042 114 095 153 143 100 184
1975 105 140 079 069 081 108 165 124 085 184
1974 072 135 102 103 051 119 139 071 044 170
1973 095 148 082 108 105 107 128 057 043 148
1972 127 155 094 140 117 104 132 060 075 158
1971 144 139 115 132 110 060 178 098 100 203
1970 154 153 125 111 103 093 137 129 082 192
1969 104 146 109 110 107 094 149 086 066 170
1968 096 168 070 094 088 146 129 106 071 120
1967 117 159 080 085 104 210 120 110 073 114
1966 189 203 117 110 133 193 139 157 089 141
1965 234 232 139 156 160 183 153 252 126 216
1964 173 198 103 135 202 114 176 182 089 177
1963 217 138 081 128 121 075 247 220 087 173
1962 185 169 066 093 075 097 197 124 077 122
1961 121 145 065 093 069 102 149 129 068 046
1960 110 128 054 100 049 130 111 165 060 105
1959 074 103 033 081 111 137 102 124 084 117
1958 089 118 070 086 151 113 142 181 109 146
1957 119 139 111 094 158 106 162 201 096 135
1956 105 150 075 080 151 102 118 187 089 136
1955 153 157 076 128 103 104 125 181 075 133
1954 137 135 062 112 088 122 145 172 046 109
1953 108 157 071 091 141 122 133 194 061 095
1952 129 148 071 115 124 098 123 211 064 093
1951 091 126 055 095 103 109 133 215 065 092
1950 090 133 045 088 100 091 094 204 047 109
1949 105 146 113 103 102 155 080 232 083 118
1948 111 202 092 092 109 131 085 181 083 126
1947 192 180 095 123 120 143 118 233 144 165
1946 157 165 108 108 136 151 151 193 155 155
1945 154 188 102 120 257 159 180 210 165 148
1944 158 142 128 160 170 195 147 254 157 135
1943 142 167 131 113 064 125 154 213 146 106
1942 146 090 119 133 055 111 120 247 101 074
1941 134 058 068 085 113 093 074 210 085 124
1940 132 139 050 083 106 116 088 182 098 124
1939 176 121 091 120 128 141 121 208 086 178
1938 145 163 126 120 186 127 138 225 110 196
1937 158 207 150 142 092 137 164 270 136 196
1936 187 211 132 166 093 174 130 319 111 152
1935 193 182 122 166 141 235 126 298 111 176
1934 145 221 172 150 184 152 157 307 104 161
1933 124 166 152 145 158 125 138 252 123 153
1932 121 165 159 119 157 178 102 253 128 181
1931 123 233 160 090 241 156 111 232 133 178
1930 161 147 131 177 196 153 191 261 116 178
1929 163 178 147 170 165 170 120 262 100 195
1928 150 179 132 121 240 098 185 237 093 249
1927 217 199 147 218 225 125 172 319 140 238
1926 211 186 171 171 235 106 188 267 126 229
1925 215 204 195 162 224 159 172 254 162 177
1924 214 189 163 163 256 154 126 240 138 292
1923 355 174 238 191 238 191 144 252 161 234
