1B1  0  0  0 .1  0  0  0  0  0  0 .1  0 .1  0  0  1  0  0  0  0  0 .5 .1 .5 .1
1B2  0  0  0  0 .1 .5  0  0 .5  0  0  0  3  0  0  0  0  0  2  0  0  0  8  0  0
1B3  0  0  0 .1 .1  0  0  0  0 .1  0 .1
1D1  0  0  0  0  0  0  0  0  0  0  0  0  0  0  0  0  0  0  0  0  0 .1  1 75 .1
1D2  1  0  0  0  0  0  0  0  0  0  0  0  1 .1  0  0  0  0  5  0  0  0  0  0  0
1D3  0  0  0 .1  0  0  0  0  0  0  0  0
1F1  0  0  0 .1  0  0  0  0  0  0  2  0 .1  0  0  0  0  0  0  0  0 .5 .1 75  0
1F2  0  0  0  0  0 .1  0  0 .5  0  0  0  4  0 .5  0  0  0  6  0  0  0  0  0  0
1F3  0 .1  0 .1 .1  0  0  0 .1 .1  0  0
1H1  0  0  0  0  0  0  0  0  0  0  0  0  0  0  0  0  0  0  0  0  0 .1  0 70 .5
1H2  1 .5  0  0  0  0  0  0 .1  0  0  0 .5  0  0  0  0  0  8  0  0  0  0  0  0
1H3  0 .1 .1 .5  0  0  0 .1 .5  0  0 .1
1J1  0  0  0 .5  0  0  0  0  0  0 .5  0 .5  0  0  0 .1  0  0  0  0 .1  0 70 .5
1J2 .5  0  0  0  0  0  0  0 .1  0  0  0  1  0  0  0  0  0  8  0  0  0  1  0  0
1J3  0 .1 .1 .1 .1  0  0  0 .5 .1  0 .1
3B1  0  0 .1  0  0  0  0  0  0  0  0  0  0  0  0  0  0  0  0  0  0 .1 .1 60  0
3B2 .5  0  0  0  0 .1  0  0  1  0  0  0  2  0  1 .1  0  0  8  0  0  0  0  0  0
3B3  0 .1  1 .5 .5 .1  0  0 .5  0  0 .1
3D1  0  0  0  0  0  0  0  0  0  0  0  0  0  0  0  0  0  0  0  0  0 .1  0 80 .1
3D2  1  0  0  0  0  0  0  0 .1  0  0  0  1  0  0  0  0  0 10  0  0  0 .5  0  0
3D3  0  0  0 .1 .1  0  0  0 .1  0  0 .1
3F1  0  0  0 .1  0  0  0  0  0  0  0  0  0  0  0  0  0  0  0  0  0 .1  0 50 .5
3F2  1  0  0  0  0 .1  0  0 .1  0  0  0  1  0  0  0  0  0 15  0  0  0  0  0  0
3F3  0  0 .1 .1 .1  0  0  0 .1  0  0  0
3H1  0  0  0  1  0  0  0  0  0  0 .5  0  0  0  0 .5  0  0  0  0  0 .5 .5 40 .1
3H2  3  0  0  0  0  1  0 .1 .5  0  0 .1  4  0 .5  0  0  0 15  0  0  0  0  0  0
3H3  0 .1 .5 .5  0  0  0  0  1  0  0  0
3J1  0  0 .1  2  0  0  0  0  0  0 .1  0  0  0  0  2 .5  0  0  0  0 .5  3 50  2
3J2 .5  0  0  0  0 .5 .1  0 .1  0  0 .1  4  0  0  0  0  0  8  0  0  0  0  0  0
3J3  0 .1 .1 .1 .1  0  0  0 .1  0  0 .1
5B1  0  0  0  0  0  0  0  0  0  0  0  0  0  0  0  0  0  0  0  0  0 .1  0 60 .1
5B2 .5  0  0  0  0  0  0  0 .5  0  0  0  3  0  1  0  0  0  5  0  0  0  2  0  0
5B3  0  0 .1 .1  0 .1  0  0 .1 .1  0  0
5D1  0  0  0  0  0  0  0  0  0  0  0  0 .1  0  0  0  0  0  0  0  0 .5 .1 70  1
5D2  2  0  0  0  0 .5  0  0 .1  0  0 .1  1  0  0  0  0  0  4  0  0  0  0  0  0
5D3  0  0 .1 .5  0  0  0  0 .5 .1  0  0
5F1  0  0  0  0  0  0  0  0  0  0  0  0  0  0  0  0  0  0  0  0  0 .1  0 75 .5
5F2  3  0  0  0  0 .1  0  0 .1  0  0  0  2  0 .1  0  0  0  6  0  0  0  1  0  0
5F3  0  0 .1 .5 .5 .1  0  0 .5  0  0  0
5H1  0  0  0  0  0  0  0  0  0  0  0  0  8  0  0  0  0  0  0  0  0 .1 .5 50 .1
5H2  1  0  0  0  0 .1  0  0 .5  0  0 .1  2  0 .5  0  0  0  2  0  0  0  0  0  0
5H3  0 .1 .5 .1 .5 .1  0  0 .5  0  0  0
5J1  0  0  0  0  0  0  0  0  0  0 .1  0  1  0  0  0  0  0  0  0  0 .1 .5 75  1
5J2  0  0  0  0  0  0  0  0  0  0  0  0  0  0  0  0  0  0  0  0  0  0  0  0  0
5J3  0  0  0 .1 .1  0  0  0  0 .1  0  0
7B1  0  0  0  1  0  0  0  0  0  0 .5  0  0  0  0  0  0  0  0  0  0 .5  0 60  0
7B2 .5  0  0  0  0  0  0  0 .5  0  0 .5  3  0 .1  0  0  0  6  0  0  0  2  0  0
7B3  0 .1 .1 .5  0  0  0  0  1  0  0  0
7D1  0  0  0 .5  0  0  0  0  0  0 .5  0  0  0  0  0  0  0  0  0  0 .1  0 60  0
7D2  1  0  0  0 .1 .1  0  0 .5  0  0 .1  4  0 .5 .1  0  0 10  0  0  0  0  0  0
7D3  0  0  0 .1  0  0  0  0 .1  0  0  0
7F1  0  0  0  1  0  0  0  0  0  0  1  0  2  0  0 .1  0  0  0  0  0 .5 .5 75 .5
7F2  3  0  0  0  0 .5 .1  0 .5  0  0 .1  2  0  0  0  0  0  2  0  0  0 .5  0  0
7F3  0 .1 .5  0 .5 .5  0  0  0 .1  0  0
7H1  0  0  0  0  0  0  0  0  0  0  0  0 .5  0  0  0  0  0  0  0  0 .1  0 60 .5
7H2 .1 .1  0  0  0  0  0  0 .5 .1  0  0  2  0 .5  0  0  0 20  0  0  0  6  0  0
7H3  0 .1 .1 .1  0  0  0  0 .1  0  0  0
7J1  0  0  0  0  0  0  0  0  0  0  0  0  0  0  0  0  0  0  0  0  0 .1  0 75 .1
7J2 .5  0  0  0  0  0  0  0 .1  0  0  0 .5  0  0  0  0  0  5  0  0  0  1  0  0
7J3  0  0  0  0  0  0  0  0  0  0  0  0
9B1  0  0  0  4  0  0  0  0  0  0  2  0  0  0  0  2  0  0  0  0  0 .1 .1 50 .1
9B2  0  0  0  0  0 .1 .1  0  2  0  0 .5  1  0  0  0  0  0  1  0  0  0  2  0  0
9B3  0 .1 .5 .1 .1 .1  0  0  0  0  0 .5
9D1  0  0  1 .5  0  0  0  0  0  0  0  0  1  0  0  0  0  0  0  0  0 .1  0 75 .1
9D2  2  0  0  0  0  0  0  0 .1  0  0  0  1  0  0  0  0  0  4  0  0  0  3  0  0
9D3  0  0 .1 .5  0  0  0  0 .5 .1  0  0
9F1  0  0  0  0  0  0  0  0  0  0  0  0  0  0  0  0  0  0  0  0  0 .1  0 60 .5
9F2  0 .1  0  0  0 .1  0  0 .1  0  0 .1  3  0  0 .5  0  0  2  0  0  0  0  0  0
9F3  0 .1  0 .1 .1 .5  0  0 .1  0  0  1
9H1  0  0  0  0  0  0  0  0  0  0  0  0  0  0  0  0  0  0  0  0  0 .5  0 75  0
9H2  3 .1  0  0  0  0  0  0 .1  0  0  0  1  0  0  0  0  0  7  0  0  0  1  0  0
9H3  0  0  0 .1  0  0  0  0 .1  0  0  0
9J1  0  0  0 .1  0  0  0  0  0  0 .1  0  0  0  0  0  0  0  0  0  0 .1  0 50  0
9J2 .5  0  0  0 .1 .5  0  0 .1  0  0 .1  2  0 .1 .1  0  0  1  0  0  0  0  0  0
9J3  0  0  0 .5  0  0  0 .1 .5  0  0  0
1B1  0  0  0  0  0  0  0  0  0  0  0  0  0  0  0 .5  0  0  0  0  0 .1  0 65  2
1B2  2  0  0  0  0 .5  0  0  1  0  0  0  1  0  0  0  0  0  4  0  0  0  5  0  0
1B3  0  0 .1  0 .1  0  0 .1  0  0  0 .1
1D1  0  0  0  0  0  0  0  0  0  0  0  0  0  0  0  0  0  0  0  0  0  0 .5 60 .1
1D2 .5  0  0  0  0  0  0  0 .1  0  0  0  1  0  0  0  0  0 12  0  0  0  0  0  0
1D3  0  0  0 .1  0  0  0  0  0  0  0  0
1F1  0  0  0  0  0  0  0  0  0  0  0  0  0  0  0  0  0  0  0  0  0 .1  0 50  0
1F2  0  0  0  0  0  0  0  0 .5  0  0  0  3 .1  0  0  0  0  8  0  0  0  0  0  0
1F3  0  0  0 .1 .5  0  0  0 .5  0  0 .1
1H1  0  0  0  0  0  0  0  0  0  0  0  0  0  0  0  0  0  0  0  0  0  0  0 65 .5
1H2  2  0  0  0  0  0  0  0 .5  0  0  0 .5  0  0  0  0  0  5  0  0  0  0  0  0
1H3  0 .1 .1 .5  0  0  0  0 .5  0  0 .1
1J1  0  0  0 .5  0  0  0  0  0  0  0  0  0  0  0  0  0  0  0  0  0 .1  0 70 .5
1J2 .5  0  0  0  0  0  0  0 .1  0  0  0  1  0  0  0  0  0  4  0  0  0  1  0  0
1J3  0 .1 .1 .1  0  0  0  0 .1  0  0  0
3B1  0  0  0  0  0  0  0  0  0  0  0  0  0  0  0  0  0  0  0  0  0 .5  0  8 .5
3B2 .5  0  0  0  0 .5  0  0 .5  0  0  0  1  0 .5  0  0  0  5  0  0  0  0  0  0
3B3  0 .1 .5 .5  0 .5  0  0 .5  0  0  0
3D1  0  0  0  0  0  0  0  0  0  0  0  0  0  0  0  0  0  0  0  0  0 .1  0 65  0
3D2  1  0  0  0  0  0  0  0 .5  0  0  0  1  0 .5  0  0  0 17  0  0  0  2  0  0
3D3  0  0  0 .1  0  0  0  0 .1  0  0 .5
3F1  0  0  0 .5  0  0  0  0  0  0  0  0  0  0  0  0  0  0  0  0  0 .1  0 65 .5
3F2  2  0  0  0  0  0  0  0 .1  0  0 .1  1  0  0  0  0  0 10  0  0  0  0  0  0
3F3  0  0  0 .1  0  0  0  0 .1  0  0  0
3H1  0  0  0 .5  0  0  0  0  0  0  0  0  0  0  0  0  0  0  0  0  0 .1 .5 45 .1
3H2  3  0  0  0  0 .5  0  0  1  0  0 .1  3  0 .1  0  0  0 12  0  0  0  0  0  0
3H3  0  0 .1 .1  0  0  0  0  1  0  0  0
3J1  0  0  0 .5  0  0  0  0  0  0  0  0  0  0  0  0  0  0  0  0  0 .5  2 75  0
3J2  1  0  0  0  0 .5  0  0 .5  0  0 .1  4  0  0 .5  0  0  4  0  0  0 .5  0  0
3J3  0  0  0  0 .1  0  0  0 .5  0  0 .1
5B1  0  0  0  0  0  0  0  0  0  0  0  0  0  0  0 .1  0  0  0  0  0 .1  0 60 .5
5B2 .5  0  0  0  0  0  0  0 .1  0  0  0 .5  0  0  0  0  0  5  0  0  0  6  0  0
5B3  0 .1  0 .1  0  0  0  0 .1 .1  0 .1
5D1  0  0 .1  0  0  0  0  0  0  0  0  0 .1  0  0  0  0  0  0  0  0 .5 .5 75 .5
5D2  2  0  0  0  0  0  0  0 .5  0  0 .5  2  0  0  0  0  0 10  0  0  0  0  0  0
5D3  0  0  0 .5  0  0  0  0 .5 .5  0  0
5F1  0  0 .5 .1  0  0  0  0  0  0  0  0  0  0  0  0  0  0  0  0  0 .1  0 75 .1
5F2  3  0  0  0  0  0  0  0 .5  0  0  0  1  0 .1  0  0  0  6  0  0  0  1  0  0
5F3  0  0 .1 .5 .5 .1  0  0 .5  0  0 .1
5H1  0  0  0  0  0  0  0  0  0  0  0  0  3  0  0  0  0  0  0  0  0 .1  0 80 .5
5H2  1  1  0  0  0  0  0  0 .5  0  0 .1 .5  0  0  0  0  0  3  0  0  0  0  0  0
5H3  0  0  0 .1  0  0  0  0 .5  0  0  0
5J1  0  0  0  0  0  0  0  0  0  0  0  0 .1  0  0  0  0  0  0  0  0 .1 .5 75 .5
5J2  2  0  0  0  0 .1  0  0 .1  0  0  0  2  0 .1  0  0  0  4  0  0  0  0  0  0
5J3  0  0 .1 .5  0  0  0  0 .1  0  0  0
7B1  0  0  0  1  0  0  0  0  0  0 .5  0  0  0  0  1  0  0  0  0  0 .1  0 75 .1
7B2 .5  0  0  0  0  0  0  0 .5  0  0 .5  2  0 .5  0  0  0  5  0  0  0  0  0  0
7B3  0 .1  0 .5  0  0  0  0  1  0  0 .5
7D1  0  0  0 .5  0  0  0  0  0  0 .5  0  0  0  0  0  0  0  0  0  0 .1  0 70 .1
7D2  4  0  0  0  0  0  0  0 .5  0  0  0  3  0 .5  0  0  0 10  0  0  0  0  0  0
7D3  0  0 .1 .1  0  0  0  0 .5  0  0  0
7F1  0  0  0  1  0  0  0  0  0  0  1  0  1  0  0 .1  0  0  0  0  0 .1 .5 85 .1
7F2  0  0  0  0  0 .1  0  0 .5  0  0  0  3  0  0 .1  0  0  2  0  0  0  0  0  0
7F3  0  0 .5  0 .5  0  0  0  0  0  0 .1
7H1  0  0  0  0  0  0  0  0  0  0  0  0  0  0  0  0  0  0  0  0  0 .1  0 90 .1
7H2  0 .1  0  0  0  0  0  0 .5  0  0  0  2  0  0  0  0  0  5  0  0  0  4  0  0
7H3  0 .1 .1 .1  0  0  0 .1 .1  0  0  0
7J1  0  0  1  0  0  0  0  0  0  0 .1  0  0  0  0  0  0  0  0  0  0 .1  0 70 .5
7J2  1  0  0  0  0  0  0  0 .1  0  0  0 .5  0  0  0  0  0  8  0  0  0  2  0  0
7J3  0  0  0 .1  0  0  0  0  0  0  0  0
9B1  0  0  0  3  0  0  0  0  0  0  1  0  0  0  0  5  0  0  0  0  0  0  0 45  0
9B2  0  0  0  0  0 .5 .5  0  2  0  0 .5  1  0  0  0  0  0  5  0  0  0  3  0  0
9B3  0  0 .5 .1 .1 .5  0 .1 .1  0  0 .5
9D1  0  0  0  0  0  0  0  0  0  0  0  0  2  0  0  0  0  0  0  0  0 .1 .5 75 .1
9D2  2  0  0  0  0  0  0  0 .5  0  0  0  1  0 .1  0  0  0  7  0  0  0  1  0  0
9D3  0  0 .1 .5  0  0  0  0  1  0  0  0
9F1  0  0  0  0  0  0  0  0  0  0 .1  0  0  0  0  0  0  0  0  0  0 .1  0 65 .1
9F2  0  0  0  0  0 .5  0  0 .5  0  0  0  3  0  0  0  0  0  5  0  0  0  0  0  0
9F3  0 .1 .5 .5 .5 .5  0 .1 .5 .5  0 .1
9H1  0  0  0  0  0  0  0  0  0  0  0  0  0  0  0  0  0  0  0  0  0 .5  0 80  0
9H2  3  0  0  0  0  0  0  0 .1  0  0  0  1  0  0  0  0  0  8  0  0  0  3  0  0
9H3  0  0  0 .5  0  0  0  0 .1 .1  0  0
9J1  0  0  0 .1  0  0  0  0  0  0  0  0  0  0  0  0  0  0  0  0  0 .5  0 45 .1
9J2  1  0  0  0  0 .5  0  0 .5  0  0 .5  1 .5 .5  0  0  2  0  0  0  0  0  0  0
9J3  0  0  0 .5  0  0  0 .5 .5 .1  0  0
