1B1  0  0  0  0  0  0  0  0  0  0  0  0 .1 .5  0  0  0  0  0  0  0  0  0 90  0
1B2 .5  0  0  0  0  0  0  0  0  0  0 .1 .5 .5  0  0  0  0  0  0  0  0  0  0  0
1B3  0  0  0 .1  0  0  0  0  0  0  0  0
1D1  0  0  0  0  0  0  0  0  0  0  0  0  0  0  0  0  0  0  0  0  0 .1  0 35 .1
1D2  0  0  0  0  0  0  0  0  0  0  0 .1 .1  1  0  0  0  0 .5  0  0  0  0  0  0
1D3  0  0 .5 .1  0  0  0  0 .5 .1  0  0
1F1  0  0  0  0  0  0  0  0  0  0  0  0  0 .1  0  0  0  0  0  0  0 .1  0 75 .1
1F2 .5  0  0  0  0  0 .1  0  0  0  0 .1  0  2  0  0  0  0  2  0  0  0  0  0  0
1F3  0  0  0 .1  0  0  0  0 .1  0  0  0
1H1  0  0  0  0  0  0  0  0  0  0  0  0  0 .5  0  0  0  0  0  0  0 .5  0 65 .5
1H2  0  0  0  0  0  0 .5  0  0  0  0 .5 .1 .5  0  0  0  0 .5  0  0  0 .5  0  0
1H3  0  0  0 .1  0  0  0  0  0  0  0  0
1J1  0  0  0  0  0  0  0  0  0  0  0  0  0 .1  0  0  0  0  0  0  0 .1 .5 35  0
1J2  0  0  0  0  0 .1  0  0  0  0  0 .5 .5  1  0  0  0  0  0  0  0  0  0  0  0
1J3  0  0 .1 .1 .1  0  0  0 .1  0  0  0
3B1  0  0  0  0  0  0  0  0  0  0  0  0  0  0  0  0  0  0  0  0  0 .1 .5 60  0
3B2 .1  0  0  0  0  0  0  0  0  0  0 .1  1 .5  0  0  0  0  2  0  0  0  0  0  0
3B3  0  0  0 .1  0  0  0  0 .5 .1  0  0
3D1  0  0  0  0  0  0  0  0  0  0  0  0  0  0  0  0  0  0  0  0  0 .5  0 30  0
3D2 .5  0  0  0  0 .1 .5  0  0  0  0 .1  1 .5 .1  0  0  0  0  0  0  0  3  0  0
3D3  0  0  0 .5  0  0  0  0 .5  0  0  0
3F1  0  0  0  0  0  0  0  0  0  0  0  0  0  4  0  0  0  0  0  0  0 .5  0 70  0
3F2  0  0  0  0  0  0 .1  0  0  0  0  0  2  1 .1  0  0  0  2  0  0  0  0  0  0
3F3  0  0  0  0  0  0  0  0  0  0  0  0
3H1  0  0  0  0  0  0  0  0  0  0  0  0  0 .5  0  0  0  0  0  0  0 .5  0 25  0
3H2 .1  0  0  0  0 .1 .5  0  0  0  0 .1 .1 .5 .1  0  0  0  0  0  0  0  0  0  0
3H3  0  0  0 .1  0  0  0  0 .5  0  0  0
3J1  0  0  0  0  0  0  0  0  0  0  0  0  0  1  0  0  0  0  0  0  0 .5  0 70  0
3J2 .5  0  0  0  0 .1 .1  0 .1  0  0 .1 .5  1 .1  0  0  0  1  0  0  0  0  0  0
3J3  0  0  0 .1  0  0  0  0 .1  0  0  0
5B1  0  0  0  0  0  0  0  0  0  0  0  0  0  0  0  0  0  0  0  0  0  0  0 85 .1
5B2  0  0  0  0  0  0  0  0  0  0  0  0 .1 .1  0  0  0  0  5  0  0  0 .5  0  0
5B3  0  0  0 .1  0  0  0  0 .1  0  0  0
5D1  0  0  0  0  0  0  0  0  0  0  0  0  0  0  0  0  0  0  0  0  0 .1  0 45  0
5D2 .1  0  0  0  0  0  0  0  0  0  0  0 .1 .5  0  0  0  0 25  0  0  0  0  0  0
5D3  0  0  0 .1  0  0  0  0  0  0  0  0
5F1  0  0  0  0  0  0  0  0  0  0  0  0  0  0  0  0  0  0  0  0  0 .1 .5 40  0
5F2  0  0  0  0  0 .1 .1  0 .1  0  0 .5  4 .5 .1  0  0  0  0  0  0  0  0  0  0
5F3  0  0  0 .5  0  0  0  0  1  0  0  0
5H1  0  0  0  0  0  0  0  0  0  0  0  0  0 .5  0  0  0  0  0  0  0 .1  0 12 .1
5H2  0  0  0  0  0 .1 .1  0  0  0  0  0  0 .5  0  0  0  0  0  0  0  0  0  0  0
5H3  0  0  0 .1  0  0  0  0 .1  0  0  0
5J1  0  0  0  0  0  0  0  0  0  0  0  0 .1 .1  0  0  0  0  0  0  0 .5 .1 75  0
5J2 .5  0  0  0  0 .1  0  0  0  0  0 .1 .5  0 .1  0  0  0 .5  0  0  0  0  0  0
5J3  0  0  0 .1  0  0  0  0  0  0  0  0
7B1  0  0  0  0  0  0  0  0  0  0  0  0  0  2  0  0  0  0  0  0  0 .1  0 45  0
7B2 .5  0  0  0  0  0 .1  0 .1  0  0 .5  5 .5 .5  0  0  0  0  0  0  0  0  0  0
7B3  0  0  0 .1  0  0  0  0 .1  0  0  0
7D1  0  0  0  0  0  0  0  0  0  0  0  0  0  0  0  0  0  0  0  0  0  0  0 40  0
7D2  2  0  0  0  0 .1 .1  0  0  0  0 .1  0  1 .1  0  0  0  2  0  0  0  0  0  0
7D3  0  0  0 .1  0  0  0  0 .1  0  0  0
7F1  0  0  0  0  0  0  0  0  0  0  0  0  0  0  0  0  0  0  0  0  0 .1  0 35 .1
7F2  1  0  0  0  0 .1  0  0  0  0  0  0 .1  0  0  0  0  0  0 .5  0  0  0  0  0
7F3  0  0  0 .1  0  0  0  0  0  0  0  0
7H1  0  0  0  0  0  0  0  0  0  0  0  0  0  0  0  0  0  0  0  0  0 .1  0 85  0
7H2  0  0  0  0  0 .1  0  0  0  0  0  0 .5  0 .1  0  0  0  2  0  0  0  0  0  0
7H3  0  0  0  0  0  0  0  0  0  0  0  0
7J1  0  0  0  0  0  0  0  0  0  0  0  0  0  0  0  0  0  0  0  0  0 .5  2 70  0
7J2 .1  0  0  0  0 .1  0  0  0  0  0 .1  0  2  0  0  0  0  1  0  0  0  1  0  0
7J3  0  0  0 .1  0  0  0  0  0  0  0  0
9B1  0  0  0  0  0  0  0  0  0  0  0  0  0 .5  0  0  0  0  0  0  0 .1 .1 85  0
9B2  1  0  0  0  0  0  0  0  0  0  0  0 .5  0  0  0  0  0  2  0  0  0  0  0  0
9B3  0  0  0 .1  0  0  0  0 .1  0  0  0
9D1  0  0  0  0  0  0  0  0  0  0  0  0  0 .5  0  0  0  0  0  0  0 .1 .5 20  0
9D2 .1  0  0  0  0 .1  0  0  0  0  0  0 .5  0  0  0  0  0  4  0  0  0  0  0  0
9D3  0  0  0 .1  0  0  0  0 .1  0  0  0
9F1  0  0  0  0  0  0  0  0  0  0  0  0  0  1  0  0  0  0  0  0  0  0  0 90  0
9F2 .5  0  0  0  0  0  0  0  0  0  0 .1 .5  0  0  0  0  0  8 .1  0  0  0  0  0
9F3  0  0  0  0  0  0  0  0  0  0  0  0
9H1  0  0  0  0  0  0  0  0  0  0  0  0  0  2  0  0  0  0  0  0  0  0 .1 50  0
9H2  0  0  0  0  0  0 .1  0  0  0  0  0  2  0 .1  0  0  0  2  0  0  0  0  0  0
9H3  0  0  0 .1  0  0  0  0  0  0  0  0
9J1  0  0  0  0  0  0  0  0  0  0  0  0  0 .5  0  0  0  0  0  0  0 .1  0 75 .5
9J2  0  0  0  0  0  0  0  0  0  0  0  0 .5 .1 .1  0  0  0  1  0  0  0  0  0  0
9J3  0  0  0 .1  0  0  0  0  0  0  0  0
1B1  0  0  0  0  0  0  0  0  0  0  0  0  0 .5  0  0  0  0  0  0  0 .1  0 90 .1
1B2  1  0  0  0  0  0 .1  0  0  0  0  0 .1  1 .1  0  0  0  1  0  0  0  0  0  0
1B3  0  0  0 .1  0  0  0  0 .1  0  0  0
1D1  0  0  0  0  0  0  0  0  0  0  0  0  0  0  0  0  0  0  0  0  0 .5  0 25 .1
1D2  0  0  0  0  0 .1  0  0  0  0  0 .5  0  1  0  0  0  0 .5  0  0  0  0  0  0  
1D3  0  0 .1 .1  0  0  0  0 .5  0  0  0
1F1  0  0  0  0  0  0  0  0  0  0  0  0  0 .5  0  0  0  0  0  0  0 .1  0 80 .1
1F2  0  0  0  0  0  0 .1  0  0  0  0 .5 .5  1  0  0  0  0  2  0  0  0  0  0  0  
1F3  0  0  0 .1  0  0  0  0  0  0  0  0
1H1  0  0  0  0  0  0  0  0  0  0  0  0  0  2  0  0  0  0  0  0  0 .5  0 65 .5
1H2  0  0  0  0  0  0 .5  0  0  0  0 .5 .5  1 .1  0  0  0 .5  0  0  0 .5  0  0  
1H3  0  0  0 .1  0  0  0  0 .1  0  0  0
1J1  0  0  0  0  0  0  0  0  0  0  0  0  0 .5  0  0  0  0  0  0  0 .1 .5 40 .1
1J2  0  0  0  0  0 .1  0  0  0  0  0 .5 .1  2 .1  0  0  0  0  0  0  0  0  0  0  
1J3  0  0  0 .1  0  0  0  0 .1  0  0  0
3B1  0  0  0  0  0  0  0  0  0  0  0  0  0  0  0  0  0  0  0  0  0 .5 .5 60 .1
3B2 .1  0  0  0  0  0  0  0  0  0  0 .1 .5  2 .1  0  0  0  2  0  0  0  0  0  0
3B3  0  0  0 .1  0  0  0  0 .5  0  0  0
3D1  0  0  0 .1  0  0  0  0  0  0  0  0  0  0  0  0  0  0  0  0  0  1  0 40  0
3D2  0  0  0  0  0 .1 .5  0  0  0  0 .1  1 .5 .5  0  0  0  0  0  0  0  6  0  0
3D3  0  0  0 .5  0  0  0  0 .5  0  0  0
3F1  0  0  0  0  0  0  0  0  0  0  0  0  0  3  0  0  0  0  0  0  0 .5  0 60  0
3F2  0  0  0  0  0  0 .1  0  0  0  0  0 .5  4 .5  0  0  0  4  0  0  0  0  0  0
3F3  0  0  0 .1  0  0  0  0  0  0  0  0
3H1  0  0  0  0  0  0  0  0  0  0  0  0  0  1  0  0  0  0  0  0  0 .5  0 30  0
3H2 .1  0  0  0  0 .1 .5  0  0  0  0 .1 .1 .5 .1  0  0  0 .1 .1  0  0  0  0  0
3H3  0  0  0 .5  0  0  0  0 .5  0  0  0
3J1  0  0  0  0  0  0  0  0  0  0  0  0  0  2  0  0  0  0  0  0  0 .5  0 60 .5
3J2  1  0  0  0  0  0 .1  0 .1  0  0 .1 .5 .5 .5  0  0  0  3  0  0  0  0  0  0 
3J3  0  0  0 .1  0  0  0  0 .5  0  0  0
5B1  0  0  0  0  0  0  0  0  0  0  0  0  0  0  0  0  0  0  0  0  0  0  0 75 .1
5B2  0  0  0  0  0  0  0  0  0  0  0  0 .1 .1  0  0  0  0 10  0  0  0 .5  0  0
5B3  0  0  0 .1  0  0  0  0 .1 .1  0  0
5D1  0  0  0  0  0  0  0  0  0  0  0  0  0  0  0  0  0  0  0  0  0 .1  0 50  0
5D2 .5  0  0  0  0  0  0  0  0  0  0  0  0 .5  0  0  0  0 25  0  0  0  0  0  0
5D3  0  0  0 .1  0  0  0  0  0  0  0  0
5F1  0  0 .1  0  0  0  0  0  0  0  0  0  0  0  0  0  0  0  0  0  0  0 .5 40  0
5F2 .1  0  0  0  0 .1  0  0  0  0  0 .1 .5  4 .5  0  0  0  0  0  0  0  0  0  0
5F3  0  0  0 .5  0  0  0  0  1  0  0  0
5H1  0  0  0  0  0  0  0  0  0  0  0  0  0  2  0  0  0  0  0  0  0 .5  0 10 .1
5H2  0  0  0  0  0 .1 .1  0  0  0  0  0  0 .5  0  0  0  0  0  0  0  0  0  0  0
5H3  0  0  0 .1  0  0  0  0  0  0  0  0
5J1  0  0  0  0  0  0  0  0  0  0  0  0  0 .5  0  0  0  0  0  0  0  1 .5 75 .1
5J2 .5  0  0  0  0 .1  0  0  0  0  0  0 .1 .5 .1  0  0  0  1  0  0  0  0  0  0
5J3  0  0  0 .1  0  0  0  0 .1 .1  0  0
7B1  0  0  0  0  0  0  0  0  0  0  0  0  0  2  0  0  0  0  0  0  0 .5  0 30  0
7B2  1  0  0  0  0 .1 .5  0 .1  0  0  1  1  5  1  0  0  0  0  0  0  0  0  0  0
7B3  0  0  0 .1  0  0  0  0 .1  0  0  0
7D1  0  0  0  0  0  0  0  0  0  0  0  0  0  0  0  0  0  0  0  0  0 .1  0 40  0
7D2  2  0  0  0  0 .5 .1  0  0  0  0 .5 .5  2 .1  0  0  0  1  0  0  0  0  0  0
7D3  0  0  0 .1  0  0  0  0 .1  0  0  0
7F1  0  0  0  0  0  0  0  0  0  0  0  0  0  0  0  0  0  0  0  0  0 .5  0 35  0
7F2  1  0  0  0  0 .1  0  0  0  0  0 .1 .1 .1 .1  0  0  0 .5  0  0  0  0  0  0
7F3  0  0  0 .1  0  0  0  0 .1  0  0  0
7H1  0  0  0  0  0  0  0  0  0  0  0  0  0  0  0  0  0  0  0  0  0 .1  0 85 .1
7H2  0  0  0  0  0 .1  0  0  0  0  0  0 .1 .1 .1  0  0  0  3  0  0  0  0  0  0
7H3  0  0  0  0  0  0  0  0  0  0  0  0
7J1  0  0  0  0  0  0  0  0  0  0  0  0  0  0  0  0  0  0  0  0  0 .5  3 60  0
7J2  1  0  0  0  0 .1  0  0  0  0  0 .1  0  2 .1  0  0  0 .5  0  0  0  1  0  0
7J3  0  0  0 .1  0  0  0  0  0  0  0  0
9B1  0  0  0  0  0  0  0  0  0  0  0  0  0 .5  0  0  0  0  0  0  0 .1  0 90 .5
9B2  1  0  0  0  0  0 .1  0  0  0  0  0  0 .5  0  0  0  0  2  0  0  0  0  0  0
9B3  0  0  0 .1  0  0  0  0 .1  0  0  0
9D1  0  0  0  0  0  0  0  0  0  0  0  0  0 .5  0  0  0  0  0  0  0 .5 .5 15  0
9D2  0  0  0  0  0 .1 .1  0  0  0  0  0  0 .5 .1  0  0  0  3  0  0  0  0  0  0
9D3  0  0  0 .5  0  0  0  0 .5  0  0  0
9F1  0  0  0  0  0  0  0  0  0  0  0  0  0 .5  0  0  0  0  0  0  0  0  0 80  0
9F2  1  0  0  0  0  0  0  0  0  0  0  0  0 .5  0  0  0  0 10  0  0  0 .5  0  0
9F3  0  0  0  0  0  0  0  0  0  0  0  0
9H1  0  0  0  0  0  0  0  0  0  0  0  0  0  2  0  0  0  0  0  0  0  0  0 40  0
9H2  0  0  0  0  0 .1 .1  0  0  0  0  0 .5  2 .1  0  0  0  2  0  0  0  0  0  0
9H3  0  0  0 .1  0  0  0  0 .5  0  0  0
9J1  0  0  0  0  0  0  0  0  0  0  0  0  0  1  0  0  0  0  0  0  0 .1  0 65 .5
9J2  0  0  0  0  0  0  0  0  0  0  0  0  0  1 .5  0  0  0  2  0  0  0  0  0  0
9J3  0  0  0 .1  0  0  0  0 .1  0  0  0
1B1  0  0  0  0  0  0  0  0  0  0  0  0  0 .5  0  0  0  0  0  0  0 .1  0 95  0
1B2  1  0  0  0  0 .1  0  0  0  0  0 .1 .5  1  0  0  0  0 .5  0  0  0  0  0  0
1B3  0  0  0 .1  0  0  0  0 .1  0  0  0
1D1  0  0  0  0  0  0  0  0  0  0  0  0  0  0  0  0  0  0  0  0  0 .5  0 30 .1
1D2  0  0  0  0  0 .1  0  0  0  0  0 .5  0  1  0  0  0  0 .5  0  0  0  0  0  0
1D3  0  0  0 .1  0  0  0  0 .5  0  0  0
1F1  0  0  0  0  0  0  0  0  0  0  0  0  0 .5  0  0  0  0  0  0  0 .1  0 85 .1
1F2  0  0  0  0  0  0 .1  0  0  0  0 .5 .1  2  0  0  0  0  4  0  0  0  0  0  0
1F3  0  0  0 .1  0  0  0  0  0  0  0  0
1H1  0  0  0  0  0  0  0  0  0  0  0  0  0  2  0  0  0  0  0  0  0 .1  0 80 .1
1H2  0  0  0  0  0  0 .5  0 .1  0  0 .5  1  1 .1  0  0  0 .5 .1  0  0  0  0  0
1H3  0  0  0 .1  0  0  0  0  0  0  0  0
1J1  0  0  0  0  0  0  0  0  0  0  0  0  0 .1  0  0  0  0  0  0  0 .1 .5 40  0
1J2  0  0  0  0  0 .1  0  0  0  0  0 .5 .1  1 .1  0  0  0 .1  0  0  0  0  0  0
1J3  0  0  0 .1  0  0  0  0 .5  0  0  0
3B1  0  0  0  0  0  0  0  0  0  0  0  0  0  0  0  0  0  0  0  0  0 .1 .5 55 .1
3B2 .5  0  0  0  0  0  0  0  0  0  0 .1 .5 .5 .1  0  0  0  3  0  0  0  0  0  0
3B3  0  0  0 .5  0  0  0  0  2 .5  0  0
3D1  0  0  0 .1  0  0  0  0  0  0  0  0  0  0  0  0  0  0  0  0  0 .5  0 35 .1
3D2  0  0  0  0  0 .1 .5  0  0  0  0 .1  1 .5 .5  0  0  0  0  0  0  0  2  0  0
3D3  0  0  0 .5  0  0  0  0 .5  0  0  0
3F1  0  0  0  0  0  0  0  0  0  0  0  0  0  5  0  0  0  0  0  0  0 .5  0 70  0
3F2  0  0  0  0  0 .1 .1  0  0  0  0 .1  0  2 .1  0  0  0  2  0  0  0  0  0  0
3F3  0  0  0  0  0  0  0  0  0  0  0  0
3H1  0  0  0  0  0  0  0  0  0  0  0  0  0  1  0  0  0  0  0  0  0 .5  0 25  0
3H2 .1  0  0  0  0 .1 .5  0  0  0  0 .1 .5 .5 .1  0  0  0  0 .1  0  0  0  0  0
3H3  0  0  0 .5  0  0  0  0 .5 .1  0  0
3J1  0  0  0  0  0  0  0  0  0  0  0  0  0  2  0  0  0  0  0  0  0 .5  0 75 .1
3J2  2  0  0  0  0 .1 .1  0  0  0  0 .1 .5 .5 .5  0  0  0  1  0  0  0  0  0  0
3J3  0  0  0 .1  0  0  0  0 .5  0  0  0
5B1  0  0  0  0  0  0  0  0  0  0  0  0  0  0  0  0  0  0  0  0  0 .1  0 65 .1
5B2  0  0  0  0  0 .1  0  0  0  0  0  0 .1 .5 .1  0  0  0 15  0  0  0 .5  0  0
5B3  0  0  0 .1  0  0  0  0 .1  0  0  0
5D1  0  0  0  0  0  0  0  0  0  0  0  0  0  0  0  0  0  0  0  0  0 .1  0 45  0
5D2 .5  0  0  0  0  0  0  0  0  0  0  0 .1 .5  0  0  0  0 25  0  0  0  0  0  0
5D3  0  0  0 .1  0  0  0  0  0  0  0  0
5F1  0  0  0  0  0  0  0  0  0  0  0  0  0  0  0  0  0  0  0  0  0 .5 .5 40  0
5F2 .1  0  0  0  0 .1 .1  0  0  0  0 .5  1  3 .1  0  0  0 .1  0  0  0  0  0  0
5F3  0  0  0 .5  0  0  0  0  1 .5  0  0
5H1  0  0  0  0  0  0  0  0  0  0  0  0  0  3  0  0  0  0  0  0  0 .1  0 10 .1
5H2  0  0  0  0  0 .1 .1  0  0  0  0 .1  0 .5  0  0  0  0  0  0  0  0  0  0  0
5H3  0  0  0 .1  0  0  0  0  0  0  0  0
5J1  0  0  0  0  0  0  0  0  0  0  0  0 .1 .1  0  0  0  0  0  0  0 .5 .1 70  0
5J2 .5  0  0  0  0  0  0  0  0  0  0 .1 .1 .5 .5  0  0  0 .5  0  0  0  0  0  0
5J3  0  0  0 .1  0  0  0  0 .1 .1  0  0
7B1  0  0  0  0  0  0  0  0  0  0  0  0  0  3  0  0  0  0  0  0  0 .1  0 40  0
7B2 .5  0  0  0  0  0 .1  0  0  0  0 .5  1  4 .5  0  0  0  0  0  0  0  0  0  0
7B3  0  0  0 .1  0  0  0  0 .1  0  0  0
7D1  0  0  0  0  0  0  0  0  0  0  0  0  0  0  0  0  0  0  0  0  0 .1  0 35 .1
7D2  2  0  0  0  0 .5 .5  0  0  0  0 .5  0  2 .1  0  0  0  1  0  0  0  0  0  0
7D3  0  0  0 .1  0  0  0  0 .5 .1  0  0
7F1  0  0  0  0  0  0  0  0  0  0  0  0  0  0  0  0  0  0  0  0  0 .1  0 40 .1
7F2  1  0  0  0  0 .1  0  0  0  0  0  0 .1  0 .1  0  0  0 .5  0  0  0  0  0  0
7F3  0  0  0 .1  0  0  0  0 .1  0  0  0
7H1  0  0  0  0  0  0  0  0  0  0  0  0  0  0  0  0  0  0  0  0  0 .1  0 90 .1
7H2  0  0  0  0  0 .1  0  0  0  0  0  0 .1  0 .1  0  0  0  2  0  0  0  0  0  0
7H3  0  0  0  0  0  0  0  0  0  0  0  0
7J1  0  0  0  0  0  0  0  0  0  0  0  0  0  0  0  0  0  0  0  0  0 .5  2 75 .1
7J2 .5  0  0  0  0 .1 .1  0  0  0  0 .1  0  2 .1  0  0  0 .5  0  0  0  1  0  0
7J3  0  0  0 .1  0  0  0  0 .1  0  0  0
9B1  0  0  0  0  0  0  0  0  0  0  0  0  0 .5  0  0  0  0  0  0  0 .1  0 85 .1
9B2  1  0  0  0  0  0  0  0  0  0  0 .1 .1 .5 .1  0  0  0  1  0  0  0  0  0  0
9B3  0  0  0 .1  0  0  0  0 .1  0  0  0
9D1  0  0  0  0  0  0  0  0  0  0  0  0  0 .5  0  0  0  0  0  0  0 .1 .5 15  0
9D2  0  0  0  0  0 .1 .1  0  0  0  0 .1 .1 .5  0  0  0  0  5  0  0  0  0  0  0
9D3  0  0  0 .5  0  0  0  0 .1  0  0  0
9F1  0  0  0  0  0  0  0  0  0  0  0  0  0 .5  0  0  0  0  0  0  0  0  0 75 .1
9F2  1  0  0  0  0  0  0  0  0  0  0 .1  0 .5  0  0  0  0 20  0  0  0  0  0  0
9F3  0  0  0  0  0  0  0  0  0  0  0  0
9H1  0  0  0  0  0  0  0  0  0  0  0  0  0  2  0  0  0  0  0  0  0 .1  0 40  0
9H2  0  0  0  0  0  0 .1  0  0  0  0  0 .5  1 .1  0  0  0  3  0  0  0  0  0  0
9H3  0  0  0 .1  0  0  0  0 .5  0  0  0
9J1  0  0  0  0  0  0  0  0  0  0  0  0  0 .5  0  0  0  0  0  0  0 .1  0 55 .5
9J2  0  0  0  0  0  0  0  0  0  0  0  0 .5  0 .5  0  0  0  1  0  0  0  0  0  0
9J3  0  0  0 .1  0  0  0  0  0  0  0  0
1B1  0  0  0  0  0  0  0  0  0  0  0  0  0 .5  0  0  0  0  0  0  0 .1  0 95  0
1B2  1  0  0  0  0  0  0  0  0  0  0 .1 .5  1 .1  0  0  0  1  0  0  0  0  0  0
1B3  0  0  0 .1  0  0  0  0 .1  0  0  0
1D1  0  0  0  0  0  0  0  0  0  0  0  0  0  0  0  0  0  0  0  0  0 .5  0 30 .1
1D2  0  0  0  0  0  0  0 .1  0  0  0 .5 .1 .5 .1  0  0  0  2  0  0  0  0  0  0
1D3  0  0  0 .5  0  0  0  0 .5 .5  0  0
1F1  0  0  0  0  0  0  0  0  0  0  0  0  0 .5  0  0  0  0  0  0  0 .1  0 85  0
1F2 .5  0  0  0  0  0 .1  0  0  0  0 .5 .1  2 .1  0  0  0  2  0  0  0  0  0  0
1F3  0  0  0 .1  0  0  0  0 .1  0  0  0
1H1  0  0  0  0  0  0  0  0  0  0  0  0  0  2  0  0  0  0  0  0  0 .5  0 75 .1
1H2  0  0  0  0  0  0 .5  0  0  0  0 .5 .1  1 .1  0  0  0  3  0  0  0  0  0  0
1H3  0  0  0 .1  0  0  0  0 .1  0  0  0
1J1  0  0  0  0  0  0  0  0  0  0  0  0  0 .5  0  0  0  0  0  0  0 .1 .5 30  0
1J2  0  0  0  0  0  0  0 .1  0  0  0 .5 .1  2 .1  0  0  0 .5  0  0  0  0  0  0
1J3  0  0 .1 .1  0  0  0  0 .5  0  0  0
3B1  0  0  0  0  0  0  0  0  0  0  0  0  0 .1  0  0  0  0  0  0  0 .1 .5 50 .1
3B2  1  0  0  0  0  0  0 .1  0  0  0 .1 .5  1 .1  0  0  0  2  0  0  0  0  0  0
3B3  0  0  0 .5  0  0  0  0  1  0  0  0
3D1  0  0  0  0  0  0  0  0  0  0  0  0  0  0  0  0  0  0  0  0  0 .5  0 25  0
3D2 .5  0  0  0  0 .1 .5  0  0  0  0 .1  1 .5 .5  0  0  0  0  0  0  0  4  0  0
3D3  0  0  0 .5  0  0  0  0 .5  0  0  0
3F1  0  0  0  0  0  0  0  0  0  0  0  0  0  4  0  0  0  0  0  0  0 .5  0 40  0
3F2 .1  0  0  0  0  0  0  0  0  0  0  0  1  1 .5  0  0  0  2  0  0  0  0  0  0
3F3  0  0  0  0  0  0  0  0  0  0  0  0
3H1  0  0  0  0  0  0  0  0  0  0  0  0  0 .5  0  0  0  0  0  0  0 .5  0 25  0
3H2 .5  0  0  0  0  0 .5  0  0  0  0 .1 .5 .1 .1  0  0  0 .1  0  0  0  0  0  0
3H3  0  0  0 .1  0  0  0  0 .5  0  0  0
3J1  0  0  0  0  0  0  0  0  0  0  0  0  0  2  0  0  0  0  0  0  0 .5  0 70 .1
3J2  1  0  0  0  0 .1 .1  0  0  0  0 .1 .5  1 .1  0  0  0  2  0  0  0  0  0  0
3J3  0  0  0 .1  0  0  0  0 .5  0  0  0
5B1  0  0  0  0  0  0  0  0  0  0  0  0  0  0  0  0  0  0  0  0  0 .5  0 70 .1
5B2  0  0  0  0  0 .1  0  0  0  0  0  0 .5 .1 .1  0  0  0 10  0  0  0  0  0  0
5B3  0  0  0 .1  0  0  0  0 .1  0  0  0
5D1  0  0  0  0  0  0  0  0  0  0  0  0  0  0  0  0  0  0  0  0  0 .5  0 30  0
5D2 .5  0  0  0  0  0  0  0  0  0  0  0 .1 .5  0  0  0  0 25  0  0  0  0  0  0
5D3  0  0  0 .1  0  0  0  0  0  0  0  0
5F1  0  0  0  0  0  0  0  0  0  0  0  0  0  0  0  0  0  0  0  0  0 .1 .5 40 .1
5F2  0  0  0  0  0 .1  0  0  0  0  0 .5  4 .5 .1  0  0  0  0  0  0  0  0  0  0
5F3  0  0  0 .5  0  0  0  0 .5  0  0  0
5H1  0  0  0  0  0  0  0  0  0  0  0  0  0  1  0  0  0  0  0  0  0 .1  0  8 .1
5H2  0  0  0  0  0 .1 .1  0  0  0  0 .1 .1  0 .1  0  0  0  0  0  0  0  0  0  0
5H3  0  0  0 .1  0  0  0  0 .1  0  0  0
5J1  0  0  0  0  0  0  0  0  0  0  0  0  0 .5  0  0  0  0  0  0  0 .5  0 65  0
5J2 .5  0  0  0  0 .1  0  0  0  0  0 .1 .5  0 .1  0  0  0 .5  0  0  0  0  0  0
5J3  0  0  0 .1  0  0  0  0 .1 .1  0  0
7B1  0  0  0  0  0  0  0  0  0  0  0  0  0  3  0  0  0  0  0  0  0 .1  0 30  0
7B2 .5  0  0  0  0  0 .5  0 .1  0  0 .5  3  2  1  0  0  0 .5  0  0  0  0  0  0
7B3  0  0  0  0  0  0  0  0  0  0  0  0
7D1  0  0  0  0  0  0  0  0  0  0  0  0  0  0  0  0  0  0  0  0  0 .1  0 35  0
7D2  1  0  0  0  0 .5 .5  0  0  0  0 .5 .5  1 .1  0  0  0  2  0  0  0  0  0  0
7D3  0  0  0 .1  0  0  0  0 .5  0  0  0
7F1  0  0  0  0  0  0  0  0  0  0  0  0  0  0  0  0  0  0  0  0  0 .5  0 40 .1
7F2  1  0  0  0  0 .1  0  0  0  0  0  0 .1  0 .1  0  0  0 .1  0  0  0  0  0  0
7F3  0  0  0 .1  0  0  0  0 .1  0  0  0
7H1  0  0  0  0  0  0  0  0  0  0  0  0  0 .1  0  0  0  0  0  0  0 .1  0 90 .1
7H2  0  0  0  0  0 .1  0  0  0  0  0 .1 .5  0 .1  0  0  0  2  0  0  0  0  0  0
7H3  0  0  0  0  0  0  0  0  0  0  0  0
7J1  0  0  0  0  0  0  0  0  0  0  0  0  0  0  0  0  0  0  0  0  0 .1  2 60  0
7J2 .5  0  0  0  0 .1  0 .1  0  0  0 .1 .5  1 .1  0  0  0 .5  0  0  0  0  0  0
7J3  0  0  0 .1  0  0  0  0  0  0  0  0
9B1  0  0  0  0  0  0  0  0  0  0  0  0  0  0  0  0  0  0  0  0  0 .1  0 85 .1
9B2  1  0  0  0  0  0  0  0  0  0  0 .1 .1 .5 .1  0  0  0  3  0  0  0  0  0  0
9B3  0  0  0 .1  0  0  0  0 .1  0  0  0
9D1  0  0  0  0  0  0  0  0  0  0  0  0  0 .5  0  0  0  0  0  0  0 .1 .5 25  0
9D2 .5  0  0  0  0 .1 .1  0  0  0  0 .1 .5 .5  0  0  0  0  2  0  0  0  0  0  0
9D3  0  0  0 .5  0  0  0  0 .1  0  0  0
9F1  0  0  0  0  0  0  0  0  0  0  0  0  0 .5  0  0  0  0  0  0  0  0  0 90 .1
9F2  1  0  0  0  0  0  0  0  0  0  0 .1 .5 .1  0  0  0  0  5  0  0  0 .5  0  0
9F3  0  0  0  0  0  0  0  0  0  0  0  0
9H1  0  0  0  0  0  0  0  0  0  0  0  0  0  2  0  0  0  0  0  0  0 .1  0 40  0
9H2  0  0  0  0  0  0 .1  0  0  0  0  0 .5  1 .5  0  0  0  2  0  0  0  0  0  0
9H3  0  0  0 .1  0  0  0  0 .5  0  0  0
9J1  0  0  0  0  0  0  0  0  0  0  0  0  0 .1  0  0  0  0  0  0  0 .1  0 75 .5
9J2  0  0  0  0  0  0  0  0  0  0  0  0 .5 .1 .5  0  0  0 .5  0  0  0  0  0  0
9J3  0  0  0 .1  0  0  0  0 .1  0  0  0
1B1  0  0  0  0  0  0  0  0  0  0  0  0 .1 .5  0  0  0  0  0  0  0 .1  0 90  0
1B2  1  0  0  0  0  0  0  0  0  0  0 .1  1 .5  0  0  0  0  1  0  0  0  0  0  0
1B3  0  0  0 .1  0  0  0  0 .1  0  0  0
1D1  0  0  0  0  0  0  0  0  0  0  0  0  0  0  0  0  0  0  0  0  0 .5  0 30 .1
1D2  0  0  0  0  0 .1 .1  0  0  0  0 .5 .5  0 .1  0  0  0  2  0  0  0  0  0  0
1D3  0  0  0 .5  0  0  0  0 .5 .5  0  0
1F1  0  0  0  0  0  0  0  0  0  0  0  0  0 .1  0  0  0  0  0  0  0 .1  0 75  0
1F2 .5  0  0  0  0  0 .1  0  0  0  0 .5  2 .5 .1  0  0  0  3  0  0  0  0  0  0
1F3  0  0  0 .1  0  0  0  0 .1  0  0  0
1H1  0  0  0  0  0  0  0  0  0  0  0  0  0  1  0  0  0  0  0  0  0 .5  0 70 .1
1H2  0  0  0  0  0 .1 .5  0  0  0  0 .5  1 .1 .1  0  0  0  2  0  0  0  0  0  0
1H3  0  0  0 .1  0  0  0  0 .1  0  0  0
1J1  0  0  0  0  0  0  0  0  0  0  0  0  0 .5  0  0  0  0  0  0  0 .1 .5 35  0
1J2  0  0  0  0  0 .1 .1  0  0  0  0 .5 .5  1 .1  0  0  0 .1  0  0  0  0  0  0
1J3  0  0 .1 .1  0  0  0  0  1 .1  0  0
3B1  0  0  0  0  0  0  0  0  0  0  0  0  0 .1  0  0  0  0  0  0  0 .1 .5 60  0
3B2 .5  0  0  0  0  0  0  0  0  0  0 .1  1  0 .1  0  0  0  1  0  0  0  0  0  0
3B3  0  0  0 .1  0  0  0  0 .5 .5  0  0
3D1  0  0  0 .1  0  0  0  0  0  0  0  0  0  0  0  0  0  0  0  0  0 .5  0 20  0
3D2  3  0  0  0  0 .1 .5  0  0  0  0 .1  2 .5 .1  0  0  0  0  0  0  0  4  0  0
3D3  0  0  0 .1  0  0  0  0 .1  0  0  0
3F1  0  0  0  0  0  0  0  0  0  0  0  0  0  2  0  0  0  0  0  0  0 .5  0 40  0
3F2  0  0  0  0  0 .1 .1  0  0  0  0  0  3 .5 .5  0  0  0  5  0  0  0 .5  0  0
3F3  0  0  0  0  0  0  0  0  0  0  0  0
3H1  0  0  0  0  0  0  0  0  0  0  0  0  0  1  0  0  0  0  0  0  0 .5  0 25  0
3H2  0  0  0  0  0 .1 .5  0  0  0  0 .1  1  0 .1  0  0  0 .1 .1  0  0  0  0  0
3H3  0  0 .1 .5  0  0  0  0 .5 .1  0  0
3J1  0  0  0  0  0  0  0  0  0  0  0  0  0  3  0  0  0  0  0  0  0 .5  0 50 .5
3J2  1  0  0  0  0 .1 .1  0  0  0  0 .1  2 .5 .1  0  0  0  3  0  0  0  0  0  0
3J3  0  0  0 .1  0  0  0  0 .1  0  0  0
5B1  0  0  0  0  0  0  0  0  0  0  0  0  0  0  0  0  0  0  0  0  0 .1  0 70 .1
5B2  0  0  0  0  0 .1  0  0  0  0  0  0 .1  0  0  0  0  0 15  0  0  0 .5  0  0
5B3  0  0  0 .1  0  0  0  0 .1  0  0  0
5D1  0  0  0  0  0  0  0  0  0  0  0  0  0  0  0  0  0  0  0  0  0 .1  0 40  0
5D2 .5  0  0  0  0  0  0  0  0  0  0 .1 .5  0 .1  0  0  0 25  0  0  0  0  0  0
5D3  0  0  0 .1  0  0  0  0 .1  0  0  0
5F1  0  0  0  0  0  0  0  0  0  0  0  0  0  0  0  0  0  0  0  0  0 .1 .5 35  0
5F2 .1  0  0  0  0 .1 .1  0  0  0  0 .5  4 .5 .1  0  0  0 .1  0  0  0  0  0  0
5F3  0  0  0 .5  0  0  0  0  1 .1  0  0
5H1  0  0  0  0  0  0  0  0  0  0  0  0  0  2  0  0  0  0  0  0  0 .5  0 10 .1
5H2  0  0  0  0  0 .1 .1  0  0  0  0 .1 .5  0 .1  0  0  0  0  0  0  0  0  0  0
5H3  0  0  0 .1  0  0  0  0 .1  0  0  0
5J1  0  0  0  0  0  0  0  0  0  0  0  0 .1  0  0  0  0  0  0  0  0 .5 .1 50 .1
5J2 .5  0  0  0  0 .1  0  0  0  0  0 .1 .5  0 .1  0  0  0 .5  0  0  0  0  0  0
5J3  0  0  0 .1  0  0  0  0 .1 .1  0  0
7B1  0  0  0  0  0  0  0  0  0  0  0  0  0  1  0  0  0  0  0  0  0 .1  0 35  0
7B2 .5  0  0  0  0 .1 .1  0  0  0  0 .5  2  4 .5  0  0  0 .1  0  0  0  0  0  0
7B3  0  0  0 .1  0  0  0  0 .1  0  0  0
7D1  0  0  0  0  0  0  0  0  0  0  0  0  0  0  0  0  0  0  0  0  0 .5  0 40 .1
7D2 .5  0  0  0  0 .5 .1 .1  0  0  0  0 .5  1 .1  0  0  0  2  0  0  0  0  0  0
7D3  0  0  0 .1  0  0  0  0 .5  0  0  0
7F1  0  0  0  0  0  0  0  0  0  0  0  0  0  0  0  0  0  0  0  0  0 .1  0 40 .1
7F2  1  0  0  0  0 .1  0 .1  0  0  0  0 .1  0 .1  0  0  0 .5  0  0  0  0  0  0
7F3  0  0 .1 .1  0  0  0  0 .1  0  0  0
7H1  0  0  0  0  0  0  0  0  0  0  0  0  0  0  0  0  0  0  0  0  0 .1  0 90  0
7H2  0  0  0  0  0 .1  0  0  0  0  0 .1 .5  0 .1  0  0  0  2  0  0  0  0  0  0
7H3  0  0  0  0  0  0  0  0  0  0  0  0
7J1  0  0  0  0  0  0  0  0  0  0  0  0  0  0  0  0  0  0  0  0  0 .5  2 60 .1
7J2  1  0  0  0  0 .1  0  0 .5  0  0 .1 .5  1 .1  0  0  0 .5  0  0  0  1  0  0
7J3  0  0  0 .1  0  0  0  0  0  0  0  0
9B1  0  0  0  0  0  0  0  0  0  0  0  0  0  0  0  0  0  0  0  0  0 .1  0 80 .1
9B2  1  0  0  0  0 .1  0  0  0  0  0  0 .5  0 .1  0  0  0  4  0  0  0  0  0  0
9B3  0  0  0 .1  0  0  0  0 .1  0  0  0
9D1  0  0  0  0  0  0  0  0  0  0  0  0  0 .1  0  0  0  0  0  0  0 .5 .1 20  0
9D2 .1  0  0  0  0 .1 .1  0  0  0  0 .1 .1 .1  0  0  0  0  4  0  0  0  0  0  0
9D3  0  0  0 .5  0  0  0  0 .1  0  0  0
9F1  0  0  0  0  0  0  0  0  0  0  0  0  0 .5  0  0  0  0  0  0  0 .1  0 85 .1
9F2  1  0  0  0  0  0  0  0  0  0  0  0 .5  0  0  0  0  0  8  0  0  0 .5  0  0
9F3  0  0  0  0  0  0  0  0  0  0  0  0
9H1  0  0  0  0  0  0  0  0  0  0  0  0  0  1  0  0  0  0  0  0  0 .1  0 50  0
9H2  0  0  0  0  0 .1 .1  0  0  0  0 .1  1 .5 .5  0  0  0  3  0  0  0  0  0  0
9H3  0  0  0 .5  0  0  0  0 .5  0  0  0
9J1  0  0  0  0  0  0  0  0  0  0  0  0  0  0  0  0  0  0  0  0  0 .1  0 65 .5
9J2 .1  0  0  0  0  0  0  0  0  0  0  0 .5 .1 .1  0  0  0  2  0  0  0  0  0  0
9J3  0  0  0 .1  0  0  0  0  0  0  0  0
