1B1  0  0  0  1  0  0  0  0  0  0 .5  0  0  0  0  0  0  0  0  0  0 .5  0 70 .1
1B2 .5  0  0  0  0 .1  0  0 .1  0  0  0  1  0 .1  0  0  0  1  0  0  0  3  0  0
1B3  0  0  0 .1  0  0  0  0  0  0  0  0
1D1  0  0  0  0  0  0  0  0  0  0  0  0  0  0  0  0  0  0  0  0  0 .5  0 75  0
1D2  0  0 .1  0  0  0  0  0 .1  0  0  0 .5  0  0  0  0  0 .5  0  0  0  0  0  0
1D3  0  0  0 .5 .5 .1  0  0 .1  0  0  0
1F1  0  0 .1 .1  0  0  0  0  0  0 .5  0  0  0  0  0  0  0  0  0  0 .5  2 50  0
1F2 .5  0  0  0  0 .1  0  0 .1  0  0  0  3 .1  0  0  0  0  6  0  0  0  8  0  0
1F3  0  0  0 .5  0 .1  0  0  0  0  0  0
1H1  0  0  0 .1  0  0  0  0  0  0 .5  0  0  0  0  0  0  0  0  0  0 .5  0 75  0
1H2  0  0  0  0  0  0  0  0 .1  0  0  0 .5  0  0  0  0  0  6  0  0  0  0  0  0
1H3  0 .1 .5 .5 .5  0  0  0  0  0  0 .5
1J1  0  0  0  2  0  0  0  0  0  0 .5  0  0  0  0  0  1  0  0  0  0 .5 .1 50  0
1J2 10  0  0  0  0 .1  0  0  0  0  0  0 .5  0 .1  0  0  0  2  0  0  0  0  0  0
1J3  0  0  0 .1  0  0  0  0  0  0  0  0
3B1  0  0  0 .1  0  0  0  0  0  0  0  0  0  0  0  0  0  0  0  0  0 .5  0 35 .1
3B2  7  0  0  0  0 .1  0  0  0  0  0  0  0  0  0  0  0  0  2  0  0  0  2  0  0
3B3  0  0  0 .5  0 .1  0  0 .1  0  0  0
3D1  0  0  0  7  0  0  0  0  0  0  5  0 .5  0  0  3  4  0  0  0  0 .1  0 60 .1
3D2  3  0  0  0  0  0  0  0 .1  0  0  0 .5  0  0  0  0  0  5  0  0  0  2  0  0
3D3  0  0  0 .5  0  0  0  0 .5 .1  0  0
3F1  0  0  0 .5  0  0  0  0  0  0 .1  0  0  0  0 .1  0  0  0  0  0 .5  0 60  0
3F2  2  0  0  0  0 .1  0  0 .5  0  0 .1  1  0 .5  0  0  0  4  0  0  0  2  0  0
3F3  0  0  0  2  0  0  0  0  2 .5  0  0
3H1  0  0 .5  0  0  0  0  0  0  0 .5  0  0  0  0  0  0  0  0  0  0 .5  0 30  0
3H2  3  0  0  0  0  0  0  0 .1  0  0  0  1  0  0  0  0  0 18  0  0  0  0  0  0
3H3  0  0  0 .5  0  0  0  0 .1 .1  0  0
3J1  0  0  0 .5  0  0  0  0  0  0  1  0  0  0  0  0  0  0  0  0  0 .5  0 40 .5
3J2  5  0  0  0  0 .1  0  0 .5  0  0  0  1  0  0  0  0  0  2  0  0  0  0  0  0
3J3  0  0  0 .1  0  0  0  0  0  0  0  0
5B1  0  0 .1  2  0  0  0  0  0  0  1  0  0  0  0  0  1  0  0  0  0 .5  0 80  2
5B2  1  0  0  0  0 .1  0  0  1  0  0  0  2  0 .1  0  0  0  2  0  0  0  1  0  0
5B3  0  0  0 .5  0  0  0  0 .1  0  0  0
5D1  0  0  0 .1  0  0  0  0  0  0  0  0  0  0  0  0  0  0  0  0  0 .5  0 50  0
5D2  3  0  0  0  0 .1  0  0  1  0  0  0  3 .1 .1  0  0  0 10  0  0  0  5  0  0
5D3  0  0  0 .1  0  0  0  0  0  0  0  0
5F1  0  0  0  3  0  0  0  0  0  0  2  0  0  0  0  0 .5  0  0  0  0 .1 .5 30  0
5F2 18  0  0  0  0 .1 .5  0 .5  0  0  0  2  0  0  0  0  0  3  0  0  0 20  0  0
5F3  0  0  0 .1  0  0  0  0 .1  0  0  0
5H1  0  0  1 .5  0  0  0  0  0  0 .5  0  0  0  0  0  0  0  0  0  0 .5 .5 50 .5
5H2 .5  0  0  0  0 .5  0  0  1  0  0  0  3 .5  0 .5  0  0 20  0  0  0  0  0  0
5H3  0  0  0 .1  0  0  0  0  0  0  0  0
5J1  0  0  0  1  0  0  0  0  0  0 .5  0  0  0  0  0  0  0  0  0  0 .1  0 40  0
5J2 .1  0  0  0  0  0  0  0  0  0  0  0 .5  0  0  0  0  0  4  0  0  0  2  0  0
5J3  0  0  0 .1  0  0  0  0 .1  0  0  0
7B1  0  0  0 .5  0  0  0  0  0  0  4  0  0  0  0 .1  0  0  0  0  0 .5  0 75 .5
7B2  0  0  0  0  0  0  0  0 .5  0  0  0 .5  0  0 .1  0  0 12  0  0  0  4  0  0
7B3  0  0  0  0  0  0  0  0  0  0  0  0
7D1  0  0  0  1 .5  0  0  0  0  0  0  0  0  0  0  0 .5  0  0  0  0 .5  0 40  0
7D2  0  0  0  0  0  0  0  0 .1  0  0  0 .5  0  0  0  0  0  1  0  0  0 .5  0  0
7D3  0  0  0 .5  0  0  0  0  0  0  0  0
7F1  0  0  0 .5  0  0  0  0  0  0 .5  0  0  0  0  0 .5  0  0  0  0 .5  0 40  0
7F2  2  0  0  0  0 .1  0  0 .5  0  0  0  2 .5  0  0  0  0  3  0  0  0  0  0  0
7F3  0  0  0 .5  0  0  0  0  0 .5  0  0
7H1  0  0  0  0  0  0  0  0  0  0  0  0  0  0  0  0 .5  0  0  0  0 .5  0 35  0
7H2  0  0  0  0  0  0  0  0 .1  0  0  0  2  0 .1  0  0  0 30  0  0  0  2  0  0
7H3  0  0  0 .1  0  0  0  0 .5  0  0  0
7J1  0  0  0  2  0  0  0  0  0  0 15  0  0  0  2  0 .5  0  0  0  0 .5  0 40 .5
7J2  2  0  0  0  0 .1  0  0 .1  0  0 .1 .1  0  0  0  0  0  3  0  0  0  8  0  0
7J3  0  0  0 .1  0  0  0  0  0  0  0  0
9B1  0  0  0  1  0  0  0  0  0  0 12  0  0  0  0  0 .5  0  0  0  0 .1 .5 35 .5
9B2  0  0  0  0  0 .1  0  0 .1  0  0  0 .5  0  0  0  0  0 15  0  0  0 15  0  0
9B3  0  0  0  0  0  0  0  0  0  0  0  0
9D1  0  0  0 .5  0  0  0  0  0  0  2  0  0  0  0  0  0  0  0  0  0 .5 .5 70  0
9D2  2  0  0  0  0  0  0  0 .5  0  0  0 .1  0  0  0  0  0  3  0  0  0  3  0  0
9D3  0  0  0 .1  0  0  0  0 .1  0  0  0
9F1  0  0  0 .1  0  0  0  0  0  0  1  0  0  0  0  0  1  0  0  0  0 .5  0 40  0
9F2  0  0  0  0  0  0  0  0 .1  0  0  0  0  0  0  0  0  0  4  0  0  0  2  0  0
9F3  0  0  0 .5  0  0  0  0 .1  0  0  0
9H1  0  0  0  0  0  0  0  0  0  0  0  0  0  0  0  0  0  0  0  0  0 .1  0 45  0
9H2  0  0  0  0  0  0  0  0  0  0  0  0 .5 .1  0  0  0  0  4  0  0  0  1  0  0
9H3  0  0  0 .1  0  0  0  0  0  0  0  0
9J1  0  0  0  0  0  0  0  0  0  0  0  0  0 .5  0  0  0  0  0  0  0 .5  0 30  0
9J2  0  0  0  0  0  0  0  0  0  0  0  0  0  0  0  0  0  0 .5  0  0  0 .5  0  0
9J3  0  0 .1 .5 .5 .1  0  0 .1  0  0 .1
1B1  0  0  0  2  0  0  0  0  0  0  0  0  0  0  0  0  0  0  0  0  0 .5  0 40 .5
1B2 .5  0  0  0  0 .1  0  0 .1  0  0 .1  0  0 .1  0  0  0  2  0  0  0  8  0  0
1B3  0  0  0 .5  0  0  0  0 .1  0  0  0
1D1  0  0  0  0  0  0  0  0  0  0  0  0  0  0  0  0  0  0  0  0  0 .5  0 50  0
1D2  2  0 .1  0  0  0  0 .1 .1  0  0  0 .1  0 .5  0  0  0 .5  0  0  0  0  0  0
1D3  0  0 .1 .5 .1 .5  0  0 .1  0  0  0
1F1  0  0  0 .1  0  0  0  0  0  0  0  0  0  0  0  0  0  0  0  0  0 .5  2 40  0
1F2 .5  0  0  0  0 .1  0  0 .1  0  0  0  2 .1 .5  0  0  0  6  0  0  0  8  0  0
1F3  0  0  0 .5  0  0  0  0 .1  0  0  0
1H1  0  0  0  0  0  0  0  0  0  0 .5  0  0  0  0  0  0  0  0  0  0 .5  0 65 .1
1H2  0  0  0  0  0  0  0  0 .1  0  0  0 .5  0  0  0  0  0  5  0  0  0  1  0  0
1H3  0 .1 .5 .5 .5 .1  0  0  0  0  0  0
1J1  0  0  0  2  0  0  0  0  0  0 .5  0  0  0  0  0 .5  0  0  0  0 .5  0 35  0
1J2  7  0  0  0  0 .1  0  0  0  0  0  0 .5  0  0  0  0  0  0  0  0  0 20  0  0
1J3  0  0  0  0  0  0  0  0  0  0  0  0
3B1  0  0  0  0  0  0  0  0  0  0  0  0  0  0  0  0  0  0  0  0  0 .5  0 30  0
3B2  4  0  0  0  0  0  0  0 .1  0  0  0 .5  0  0  0  0  0  1  0  0  0  2  0  0
3B3  0  0 .1 .5  0  0  0  0 .1  0  0  0
3D1  0  0  0  7  0  0  0  0  0  0  5  0 .5  0  0  4  1  0  0  0  0 .1  0 40  0
3D2  2  0  0  0  0  0  0  0 .1  0  0  0  1  0  0  0  0  0  3  0  0  0  3  0  0
3D3  0  0  0 .5  0 .5  0  0 .5 .5  0  0
3F1  0  0  0  1  0  0  0  0  0  0  0  0  0  0  0  0  0  0  0  0  0 .5  0 40  0
3F2  1  0  0  0  0 .5  0  0 .1  0  0 .1  4  0  0  0  0  0  3  0  0  0  2  0  0
3F3  0  0  0  2  0  0  0  0  2 .5  0  0
3H1  0  0 .5  0  0  0  0  0  0  0 .1  0  0  0  0  0  0  0  0  0  0 .5  0 25  0
3H2  3  0  0  0  0 .1  0  0 .5  0  0  0  1  0  0  0  0  0 10  0  0  0 .5  0  0
3H3  0  0 .1 .5 .1  0  0  0 .1 .1  0  0
3J1  0  0  0 .5  0  0  0  0  0  0  1  0  0  0  0  0 .5  0  0  0  0 .5  0 40 .5
3J2  4  0  0  0  0 .1  0  0  1  0  0  0 .5  0  0  0  0  0  1  0  0  0  1  0  0
3J3  0  0  0 .1  0  0  0  0 .1  0  0  0
5B1  0  0  0  2  0  0  0  0  0  0  1  0  0  0  0  0 .5  0  0  0  0 .1  0 80  1
5B2  2  0  0  0  0 .5  0  0  1  0  0  0  1  0  0  0  0  0  3  0  0  0  1  0  0
5B3  0  0  0 .5  0  0  0  0 .1  0  0  0
5D1  0  0  0  0  0  0  0  0  0  0  0  0  0  0  0  0  0  0  0  0  0 .5  0 45  0
5D2  2  0  0  0  0 .1  0  0  1  0  0  0  4  0 .5  0  0  0  5  0  0  0 15  0  0
5D3  0  0  0 .1  0  0  0  0 .1  0  0  0
5F1  0  0  0  2  0  0  0  0  0  0  3  0  0  0  0  0 .5  0  0  0  0 .1  0 20  0
5F2  4  0  0  0  0 .5 .5  0 .5  0  0 .1  2  0  0  0  0  0  2  0  0  0 20  0  0
5F3  0  0  0 .5  0  0  0  0 .1  0  0  0
5H1  0  0 .5 .5  0  0  0  0  0  0 .5  0  0  0  0  0  0  0  0  0  0  1  0 50 .5
5H2 .5  0  0  0  0 .5  0  0 .5  0  0  0  1  0 .5  0  0  0  8  0  0  0  0  0  0
5H3  0  0  0  0  0  0  0  0  0  0  0  0
5J1  0  0  0 .5  0  0  0  0  0  0 .5  0  0  0  0  0  0  0  0  0  0 .5  0 30  0
5J2  0  0  0  0  0  0  0  0 .1  0  0  0 .5  0  0  0  0  0  3  0  0  0  2  0  0
5J3  0  0  0 .1  0  0  0  0 .1  0  0  0
7B1  0  0  0 .5  0  0  0  0  0  0 .5  0  0  0  0  0 .5  0  0  0  0 .5  0 60  0
7B2  0  0  0  0  0 .1 .1  0  1  0  0  0 .5  0 .5  0  0  0 12  0  0  0  4  0  0
7B3  0  0  0 .1  0  0  0  0 .1  0  0  0
7D1  0  0  0  1  0  0  0  0  0  0 .5  0  0  0  0  0 .5  0  0  0  0 .5  0 35  0
7D2  0  0  0  0  0  0  0  0 .1  0  0  0 .5  0  0  0  0  0  1  0  0  0 .5  0  0
7D3  0  0 .1 .5 .1 .1  0  0 .1 .1  0  0
7F1  0  0  0 .5  0  0  0  0  0  0  1  0  0  0  0  0 .5  0  0  0  0 .5  0 30  0
7F2  1  0  0  0  0  0  0  0  1  0  0  0  1 .1 .5  0  0  0  1  0  0  0  0  0  0
7F3  0  0  0  1  0  0  0  0 .5 .1  0  0
7H1  0  0  0  0  0  0  0  0  0  0  0  0  0  0  0  0 .1  0  0  0  0 .5  0 25  0
7H2  0  0  0  0  0  0  0  0  0  0  0  0  1  0 .5  0  0  0 20  0  0  0  3  0  0
7H3  0  0 .1  0 .5  0  0  0  0  0  0  0
7J1  0  0  0  3  0  0  0  0  0  0 15  0  0  0  0  1 .5  0  0  0  0 .5  0 30 .5
7J2  3  0  0  0  0 .1  0  0 .1  0  0 .1 .5  0  0  0  0  0  3  0  0  0 15  0  0
7J3  0  0  0 .1  0  0  0  0 .1 .1  0  0
9B1  0  0  0  1  0  0  0  0  0  0 12  0  0  0  0  0  0  0  0  0  0 .1 .5 35  0
9B2 .5  0  0  0  0  0  0  0 .1  0  0  0 .5  0 .5  0  0  0 15  0  0  0 20  0  0
9B3  0  0  0  0  0  0  0  0  0  0  0  0
9D1  0  0  0 .5  0  0  0  0  0  0 .5  0  0  0  0  0  0  0  0  0  0 .5 .5 50 .5
9D2  1  0  0  0  0  0  0  0 .5  0  0  0  1  0  0  0  0  0  1  0  0  0  2  0  0
9D3  0  0  0 .1  0  0  0  0 .1  0  0  0
9F1  0  0  0 .5  0  0  0  0  0  0 .5  0  0  0  0  0 .5  0  0  0  0 .5  0 40 .5
9F2 .5  0  0  0  0  0  0  0 .1  0  0  0 .1  0  0  0  0  0  2  0  0  0  2  0  0
9F3  0  0  0 .5  0  0  0  0  0  0  0  0
9H1  0  0  0  0  0  0  0  0  0  0  0  0  0  0  0  0  0  0  0  0  0 .5  0 50  0
9H2  0  0  0  0  0  0  0  0 .1  0  0  0  1  0 .5  0  0  0  8  0  0  0  1  0  0
9H3  0  0  0 .5  0  0  0  0 .1  0  0  0
9J1  0  0  0  0  0  0  0  0  0  0  0  0  0  1  0  0  0  0  0  0  0 .5  0 25  0
9J2  0  0  0  0  0  0  0  0 .1  0  0  0  1  0  0  0  0  0 .5  0  0  0  0  0  0
9J3  0  0 .1 .5 .1 .1  0  0 .1  0  0 .1
