This is one of the Hondo-Slave Lake vascular stand tables (1981 or
1982) that were generated as a result of the fix-up effort of
11-1983 thru 2-1984. In particular, variable order is the same for
both years and will hopefully remain so for 1983 stand tables.
The observer code variable has also been added.
 
0A  .5  0  0  0.01 20  0.01  0  0  0.01  0  0  0  0  0  0  0  0  0  0  0  0  0
     0 .1  0  0  0 .5  0  0  0.01  0.01  0 39 .1 10  0  2
0C   4  0  0  0.01 25  0 .1  0  0  0.01  0  0  0  0  0  0.01  0  0  0  0  0  0
     0  0.01  0  0 .5  0.01  0.01  0.01  0 42  0  6  0  2
0E   2  0  0  1.01 15  0.01  0  0  0  0  0  0  0  0.01  0.01  0  0  0  0  0  0
     0  0  0  0  0  4  0  0  0.01  0.01  0 39  0  5  0  2
0G  10  0  0.01.01 30  0.01  0  0  0  0  0  0  0  0.01  0.01  0  0  0  0  0  0
     0  0.01  0  0 .5  0.01  0 .1  0  0  0 40  0  2  0  2
0I  27  0  0  3  0  3.01.01  0  0  0  0  0  0  0  0  0  0  0  0  0  0 .1  0  0
    .1  0  0  0  0  0  0.01  0  0  0  0  0 36  0  4  0  2
2I  25  0  0  2.01  7.01.01  0  0  0.01  0  0  0  0  0  0  0  0  0  0  4  0  0
    .1  0  0  0  0  0  0.01  0  0  0  0  0 37.01 20  0  2
2G  25  0  0  2  0  5.01.01  0  0  0  0  0  0  0  0.01  0  0  0  0  0  2  0  0
     0  0  0  0  0  0  0  0  0.01  0  0  0 39 .1 10  0  2
2E   7  0  0  0  0  7 .1.01.01  0  0  2  0  0  0  0.01  0.01  0  0  0  1  0  0
    .1  0  0  0  0  0  0  0  0.01  0  0  0 44 .1 20  0  2
2C  15  0  0  3  0  3.01 .1  0.01  0.01  0  0  0  0  0  0  0  0  0  0  0  0  0
    .1  0  0  0  0  0  0.01  0.01  0  0  0 40 .1  5  0  2
2A  12  0  0 .1  0  7  0.01  0  0  0.01  0  0  0  0.01  0.01  0  0  0  0  0  0
     0 .1.01  0  0 .1  0  0  0 .1  0.01  0 40 .1  5  0  2
4A   3  0  0  0.01 20  0 .1  0  0  0 .1  0  0  0  0.01  0  0  0  0  0  0  0  0
     0  0.01  0  0 .5.01.01  0.01  0.01  0 50 .1 .1  0  2
4C  10  0  0  1  0  3  0.01  0  0  0 .1  0  0  0  0  0  0  0  0  0  0  0  0  0
     0  0 .1  0  0 .5  0  0  0.01  0.01  0 51.01 .1  0  2
4E  12  1  0  1  0  5  0.01  0  0  0  0  0  0.01  0 .1  0  0  0  0  0 .5  0  0
     0 .1  0  0  0  0  0  0  0.01  0  0  0 44.01  7  0  2
4G  10  0  0  0  0 30  0 .1  0  0  0  0  0  0  0  0  0  0.01  0  0  0 .1  0  0
     0.01  0  0  0 .1  0  0  0.01  0  0  0 45.01 10  0  2
4I   0  0  0 .1  0 10  0.01  0  0 .1  0  0  0  0  0.01.01.01  0  0  0  0  0  0
     0 .1.01  0  0 .1  0.01  0.01  0.01  0 42  0  3  0  2
6I   3  0  0 .5.01 25  0.01  0  0  0  0  0  0  0  0.01  0.01  0  0  0  0  0  0
     0  0 .1  0  0 .5  0  0  0.01  0.01 .5 49 .1  6  0  2
6G  13  0  0  0  0 15  0 .1  0  0  0  0  0  0.01  0.01  0 .1  0  0  0  0  0  0
     0  0  0  0  0 .1  0.01  0.01  0 .1  0 43 .1 10  0  2
6E  15  0  0  1 .1 .1  0 .1  0  0  0  0  0  0  0  0.01.01  0  0  0  0 .1  0  0
     0  0  0  0  0  0  0  0  0  0  0.01  0 46 .1  2  0  2
6C  15  0  0  2.01  5  0 .1  0  0  0  0  0  0  0  0.01  0 .1  0  0  0  0  0  0
     0.01.01  0  0  0  0.01  0.01  0  0  0 45.01  1  0  2
6A  25  0  0  2  0  2  0.01  0  0  0  0  0  0  0  0  0  0.01  0  0  0  0  0  0
     0.01.01  0  0  0  0  0  0  0  0  0  0 44 .1 .5  0  2
8A  30.01  0  3  0  0  0.01  0  0  0  0  0  0  0  0  0  0  0  0  0  0 .5  0  0
     0 .1  0  0  0  0  0.01  0  0  0  0  0 48  0  4  0  2
8C  25  0  0  1  0  1.01 .1  0  0  0  0  0  0  0  0  0  0  0  0  0  0 .5  0  0
    .1.01  0  0  0  0  0  0  0  0  0  0  0 44.01 10  0  2
8E  15  0  0  1  0  3.01 .1  0  0  0  0  0  0  0  0  0  0  0  0  0  0  1  0  0
   .01.01  0  0  0  0  0.01  0  0  0  0 .1 43 .1 10  0  2
8G  12  0  0  1 .1  6.01 .1  0  0  0  0  0  0  0  0  0  0  0  0  0  0  3  0  0
   .01.01  0  0  0  0  0.01  0.01  0.01  0 41 .5 15  0  2
8I   4  0  0 .1  0  5.01.01  0  0  0  0  0  0  0  0 .1  0.01  0  0  0  2  0  0
     0  0  0  0  0 .1  0  0  0.01  0.01  0 45 .5 10  0  2
0A   1  0 .1  0 .5 30  0 .5  0  0  0  1  0 .1 .1  0 .1  0  0 .1  0  0  0  0  0
     0 .1  0 .1  0 .5  0  0.01 .5  0.01  0 47  3  7  1  3
0C   1  0  0  0 .5 30  0  1  0  0  0  0  0 .1  0  0 .1  0 .1 .1  0  0  0  0  0
     0 .1 .1  0  0  1  0 .1  0 .1  0  0  0 48  0  2 .1  3
0E   2  0  0  3  1 25 .1  2  0  0  0  0  0  0 .1  0 .1.01 .1 .5  0  0  0  0  0
     0  0  0 .1  0 .5  0 .1  0.01  0  0  0 48 .5  5  4  3
0G   6  0  0  0 .1 40  0 .5  0  0  0  0  0.01 .1  0 .1  0  0 .5  0  0  0  0  0
     0 .1 .1.01  0 .5  0 .1  0 .5  0  0  0 48  0 .5 .5  3
0I  20  0  0  4 .1  4  0  1  0  0  0  0  0.01  0  0  0.01 .1  0  0  0 .5  0  0
    .1  0.01  0  0 .1  0 .1  0  0  0  0  0 46  0  3  1  3
2I  20  0  0  3 .1 25 .1 .5  0  0  0 .1  0.01  0 .1 .1.01  0 .1 .5  0  3  0  0
    .1  0  0  0  0.01  0 .1  0  0  0  0  0 47 .1  4  3  3
2G  15  0  0  5  0 10  0  2  0 .1  0  0  0  0  0  0 .1  0  0 .1  1  0  3  0  0
     0  0  0 .1  0  0  0  0  0.01  0  0  0 48  4 10  3  3
2E   5  0  0  0  2  4 .1 .5  0  0  0 15  0  0 .1  0 .1.01  0 .1  0  0  4  0  0
    .5  0  0.01.01  0  0  0  0.01  0  0  0 46  5 20  1  3
2C  10  0  0  5  0  1 .1  3  0.01  0  0  0  0 .1  0.01.01.01 .1  2  0 .5  0  0
     0  0  0.01  0  0  0 .1  0.01  0  0  0 47 .5  5  3  3
2A   5  0  0 .5 .1 10  0  1  0  0  0  0  0 .1  0  0 .5  0 .1 .1  0  0  0  0  0
     0  0 .1.01  0.01  0 .1.01 .1  0.01  0 48  3 10  3  3
4A   2  0  0  1  0 25  0  2  0  0  0  0  0  0  0  0 .5.01 .1 .1  0  0  0  0  0
     0  0 .5  0  0 .1.01 .1  0 .1  0  0  0 52 .1 .5  0  3
4C   7  0  0  2 .5  5.01  3  0  0  0  1  0  0  0  0 .1  0  0 .1  0  0  0  0  0
     0  0 .5  0.01  1  0 .1  0 .1  0.01  0 52  0 .1 .5  3
4E  15  1  0  1 .1  5  0 .5  0  0  0.01  0.01 .1  0 .1  0  0.01 .1  0  1  0  0
     0  0  0  0  0  0  0.01  0.01  0  0  0 53  1  3 .1  2
4G  10  0  0  0  0 35  0 .5  0  0  0  0  0.01 .1  0 .1.01.01.01 .1  0  0  0  0
     0  0  0  0  0 .5  0.01  0 .1  0.01  0 51 .5 10 .1  2
4I   0  0  0  1  0  5  0 .1  0  0 .5.01  0  0.01  0 .1.01 .1.01.01.01  0  0  0
     0 .1 .1  0  0 .5  0.01.01 .1  0  0  0 50 .1  0.01  2
6I   1  0  0 .5 .5 15.01 .5  0  0  0  0  0.01 .1  0 .5.01 .1 .1  0  0  0  0  0
     0  0 .1.01  0 .1  0  0 .1 .1  0.01 .5 50  2 .5  1  2
6G  10  0  0  0  0 15  0  1  0  0  0  0  0 .1.01  0 .1  0 .1 .1  0 .1  0  0  0
     0  0  0  0  0 .5  0.01.01 .1  0.01  0 51  1 10 .1  2
6E  12  0  0  1 .5 .5  0  1  0  0  0  0  0.01.01  0.01.01  0.01  0  0 .1  0  0
     0  0.01.01  0  0  0.01  0.01  0.01  0 53  2  2 .5  2
6C  10  0  0  2 .1  5 .1  2  0  0  0  0  0.01 .1  0.01  0.01.01  0  0  0  0  0
     0  0.01  0  0  0  0.01  0.01  0  0  0 51  0 .5 .5  2
6A  15  0  0  2 .1  1.01  1  0  0  0  0  0.01  0  0 .1.01.01.01  0  0  0  0  0
     0.01.01  0.01  0  0.01  0.01  0  0  0 49 .5 .5 .1  2
8A  20  0  0  3  0 .5  0  1  0  0  0  0  0  0  0.01  0.01  0  0 .5  0 .1  0  0
     0 .1  0  0.01  0  0 .1  0  0.01  0  0 48  0  3 .1  2
8C  13  0  0  3 .1  2 .1  1  0.01  0  0  0  0  0 .1  0  0  0.01  2  0  1  0  0
    .1  0  0  0  0  0  0.01  0  0  0  0  0 48 .1 12  1  2
8E  15  0  0  2 .5  3.01  1  0  0  0  0  0.01 .1 .1.01.01  0.01  1  0  3  0  0
     0.01  0.01  0  0  0 .1  0.01  0  0 .1 46  1 10  3  2
8G   8  0  0  1 .5  2  0  1  0 .1  0  0  0  0.01 .1.01  0  0.01 .1  0  3  0  0
     0.01  0.01  0.01  0.01  0.01  0.01  0 45  2  5 .5  2
8I   4  0  0.01.01  8.01  1  0  0  0  0  0.01.01  0 .5.01 .1 .1  0  0 .5  0  0
     0  0  0 .1  0.01  0.01.01 .1  0.01  0 46  2  8  2  2
0A   2  0 .1  0  2 25  0  1  0  0  0  1  0.01 .1  0 .5.01  0 .5.01.01  0  0 .5
     0 .1 .1  0  0 .5  0.01 .1 .5 .1 .1  0 61  1 10 .5  2
0C   3  0  0  0  1 30 .1  2  0  0  0.01  0.01  0  0 .5  0 .5.01  0  0  0  0  1
     0  0 .1  0  0.01  0 .1  0 .1  0  0  0 60  0  3 .1  2
0E   3  0  0  5 .5 20 .1  2 .1  0  0  0  0 .1 .1  0  2.01 .1  1  0.01  0  0  0
     0  0 .1  0  0.01  0 .5.01 .1  0  0  0 57  0  3  1  2
0G   8  0  0 .5 .5 35  0  1  0  0  0  0  0.01 .1  0  1  0 .1 .1  0  0 .1  0  0
     0  0.01  0  0 .5  0  0  0 .5  0  0  0 60  0  2 .1  2
0I  17  0  0 10 .5  1 .5  1  0  0  0  0  0.01 .1  0  0.01 .1.01  0  0 .5  0  0
   .01  0  0  0  0.01  0 .1  0.01  0  0  0 56  0  1 .5  2
2I  15  0  0  6 .1  8 .5  2  0  0  0.01  0 .1  0 .5 .1.01.01 .1 .5  0  3  0  0
    .1  0  0  0  0 .1  0 .5  0.01  0  0  0 57 .5 20  2  2
2G  20  0  0 10  0  8 .1  1  0  0  0  0  0 .1  0  0  0.01  0 .1  1.01  3  0  0
     0  0  0 .1  0  0  0  0  0.01  0  0  0 57  2 12  2  2
2E   7  0  0  0  1  7 .5 .5  1  0  0 10  0.01 .1  0  1.01 .1.01  0  0  2  0  0
    .1  0.01.01  0  0  0.01  0 .1  0  0  0 58  2 10 .5  2
2C  13  0  0  6 .1  2 .1  3  0 .1  0 .5  0 .1 .1  0 .1.01  0.01  2  0  1  0  0
    .1  0  0  0  0  0  0 .1  0.01  0  0  0 59 .5  3  1  2
2A  13  0  0  1 .1 12  0  1  0  0  0  1  0.01 .1  0 .5  0 .1 .1  0  0  0  0.01
     0  0 .1.01  0.01  0 .1  0.01.01 .1  0 59  1  8 .5  2
4A   3  0  0  0  1 20  0  2  0  0  0  1  0  0  0  0  1.01 .1 .1  0 .1  0  0 .5
     0  0 .5  0  0  1 .1.01  0 .1  0.01  0 63  2 .5  0  2
4C  10  0  0  3 .5  5 .1  1  0  0  0  1  0  0  0  0 .5  0.01.01  0  0  0  0.01
     0  0 .5  0.01 .5  0.01  0 .5  0.01  0 63 .5 .1.01  2
4E  10  1  0  5 .5 10  0  3  0  0  0 .1  0 .1 .1  0 .5  0 .1 .1 .1  0  1  0  0
     0 .1 .1  0  0  0  0 .1  0 .1  0  0  0 62 .1 10 .5  3
4G  10  0  0  0  0 35  0  1  0  0  0  0  0 .1 .1  0 .5.01 .1 .1 .5  0  0  0  0
     0  0 .5  0  0 .1  0  0  0 .1  0.01  0 62 .5 .5 .5  3
4I   0  0  0  1 .5 10  0 .5  0  0  1  0  0  0  0  0 .5.01 .1 .1 .1.01  0  0.01
     0.01 .1  0  0 .1  0 .5  0.01  0  0  0 60  0 .5 .1  3
6I   1  0  0  2  1 25  0  1  0  0  0  0  0 .1 .1  0 .5.01 .1 .1  0  0  0  0  0
     0  0 .1  0  0 .1  0 .5  0.01  0  0 .5 58  1  5  3  3
6G   7  0  0  0  0 15 .1  3  0  0  0  0  0 .1  0  0 .5.01 .1 .1 .1  0 .1  0  0
     0  0 .1  0  0  0  0 .1  0 .1  0.01  0 58 .1 15 .5  3
6E  10  0  0  4 .5 .5  0  2  0  0  0  0  0 .1  0  0 .1.01 .1.01  0  0  0  0  0
     0 .1 .1  0  0  0  0 .1  0.01  0  0  0 58  1  2  1  3
6C  10  0  0 15 .5  5 .1  5  0  0  0  0  0 .1  0  0 .5  0 .1.01  0  0  0  0  0
     0 .1 .5  0  0  0  0 .1  0.01  0  0  0 58 .1 .1  1  3
6A  20  0  0  8.01  0  0  3  0  0  0  0  0 .1  0  0 .1.01 .1  0  0  0  0  0  0
     0  0 .5  0.01  0  0 .1  0.01  0  0  0 58  0 .5 .1  3
8A  20  0  0 10  0  0  0  3  0  0  0  0  0  0  0  0  0.01  0  0  3  0 .1  0  0
     0 .1 .1  0.01  0  0 .1  0.01.01  0  0 55  0  2.01  3
8C  15  0  0  5  0 .1 .1  5  0 .1  0  0  0  0  0  4  0  0  0.01  2  0  2  0  0
    .1 .1  0  0  0  0  0 .1  0  0  0  0  0 56 .1 15  1  3
8E  15  0  0  4  1  3 .1  4  0  0  0  0  0 .5  0  4 .1  0  0  0  1 .1  1  0.01
     0  0 .1  0  0  0  0 .1  0.01  0  0 .1 54 .5 10  3  3
8G   7  0  0  4  5  3  0  3  0  1  0  0  0 .1  0  2 .5  0  0.01 .5  0  4 .1  0
    .1.01  0  0  0.01  0 .5  0 .1  0.01  0 55  2 10 .5  3
8I   5  0 .1 .1 .1  7 .1  3  0  0  0  0  0 .1  0  0 .5 .1  0 .1  0  0 .5  0  0
     0  0 .1 .1  0  0  0 .1  0 .1  0  0  0 57  5 12  2  3
0A   1  0 .1  0 .5 25  0  1  0  0  0 .5  0 .1  0  0 .5.01 .1 .1.01.01  0  0  2
     0  0 .1 .1  0 .1  0 .1 .1.01 .1  0  0 57 .5  4 .5  3
0C   2  0  0  0 .5 30 .1  2  0  0  0  0  0 .1.01  0  1  0 .5 .1  0  0  0  0  3
     0  0 .1.01  0 .1  0 .1  0 .1  0  0  0 56  0  1 .1  3
0E   2  0  0  4 .1 25 .1  3  0  0  0  0  0 .1  0  0  3.01 .5 .1  0  0  0  0.01
     0 .1  0 .1  0 .1  0 .5  0 .1  0  0  0 56  0  2  2  3
0G   7  0  0  0 .1 35  0  1  0  0  0  0  0 .1  0  0  1.01 .1 .1  0  0 .1  0  0
     0  0 .1 .1  0 .1  0.01  0 .1  0  0  0 56  0 .5 .1  3
0I  25  0  0 15 .5  2  1  4  0  0  0  0  0  0  0  0  0  0 .1  0  0  0 .5  0  0
    .1 .1 .1  0.01 .1  0 .1  0  0  0  0  0 56  0  4  1  3
2I  17  0  0  7 .5  7 .1  3  0  0  0  0  0 .1  0 .1 .1.01 .1 .1 .5  0 .1  0.01
    .1  0  0  0  0.01  0 .1  0.01  0  0  0 56 .1 20  2  3
2G  20  0  0 15  0 10 .1  2  0 .1  0  0  0 .1  0  0 .5  0  0 .1  1  0 .1  0  0
     0  0  0 .1  0  0  0.01  0.01  0  0  0 56  1 15  2  3
2E   4  0  0  0  1  6 .5  3  0  0  0 25  0 .1  0  0  1.01 .5  0  0  0 .1  0  0
    .1  0  0 .1.01 .1  0 .1  0.01  0  0  0 58 .5 25 .1  3
2C  17  0  0 10  0  5 .5  4  0 .5  0  0  0 .1  0  0 .1  0  0 .1  2  0  0  0 .1
    .1  0.01 .1  0  0  0 .1  0.01  0  0  0 56 .5  6  1  3
2A  20  0  0  0 .1 12  0  1  0  0  0 .5  0 .1  0  0  1.01 .5 .1  0  0  0  0 .1
     0  0 .1 .1  0.01  0 .1  0 .1.01.01  0 57  1 12  1  3
4A   3  0  0  0 .5 25  0  2  0  0  0 .1  0 .1  0  0  2  0 .1.01  0 .1  0  0 .5
     0  0 .5  0  0 .5.01 .1 .1 .1  0.01  0 58 .5  1  0  3
4C  10  0  0  4 .5  4 .5  3  0  0  0  1  0  0  0  0 .5  0 .1 .1  0  0  0  0 .1
     0  0 .5  0 .1 .5  0.01  0 .1  0.01  0 58 .1 .1.01  3
4E  10 .5  0  6 .5  8  0  3  0  0  0 .1  0 .1  0  0  1.01 .1 .1 .1  0  0  0  0
     0 .1 .1.01  0  0  0 .1  0 .1  0  0  0 60  1 15 .5  3
4G  14  0  0  0  0 35  0  1  0  0  0  0  0 .1 .1  0 .5.01  0 .5.01  0  0  0 .1
     0  0 .1  0  0 .5  0.01  0.01  0  0  0 59 .5 15 .1  2
4I   0  0  0  2 .1  5  0  1  0  0  2  0  0  0 .1  0  1 .1 .1 .1 .1 .1  0  0 .5
     0  0  0.01  0 .5  0 .1 .5 .1  0.01  0 58 .5  2  0  2
6I   2  0  0  2  2 25 .5  2  0  0  0  0  0 .1 .1  0  2 .1 .5  1  0  0  0  0 .1
     0  0  1 .1  0 .5  0 .1 .5 .5  0.01 .5 58  3  3  2  2
6G   9  0  0  0.01 20 .5  3  0  0  0  0  0 .5 .1  0  1.01 .5 .1 .5 .1  0  0  0
     0  0 .5 .1  0 .1.01  0 .1 .1  0 .1  0 58  1 15 .1  2
6E  17  0  0  4  1  3  0  3  0  0  0  0  0 .1.01  0 .5.01 .5  0  0  0  1  0  0
     0 .1 .1  0  0  0  0 .1  0 .1  0  0  0 58  5  3 .5  2
6C  18  0  0  5 .5  9  1  4  0  0  0  0  0 .1.01  0  1.01 .5 .1  0  0  0  0  0
     0  0 .5  0.01  0  0 .1.01 .1  0.01  0 57  1 .1  1  2
6A  25  0  0  6 .5  2 .1  4  0  0  0  0  0 .1  0  0 .5.01 .5 .1  0  0  0  0  0
     0  0  1  0.01  0  0 .1  0.01  0  0  0 57  1 .5 .5  2
8A  35  0  0  8  0 .5  0  3  0  0  0  0  0  0  0  1  0  0  0  0  4  0 .5  0  0
     0 .1.01  0.01  0  0 .5  0  0.01  0  0 55 .1  6 .1  2
8C  23  0  0 10 .5  3  1  4  0 .1  0  0  0  0  0  2  0  0  0  0  3  0  3  0  0
    .1  0  0  0  0  0  0 .1  0  0  0  0  0 56 .5 10  2  2
8E  11  0  0  5  2  6 .5  3  0 .1  0  0  0.01  1  4  1.01  0.01  3  0  3  0  0
     0  0  0  0  0  0  0 .5.01  0  0  0 .5 56  3 12  2  2
8G  15  0  0  8  4  6 .5  3  0  1  0  0  0  0.01  5  1 .1  0 .1 .5  0  3 .1  0
    .1  0  0 .1  0.01  0 .1.01.01  0.01  0 55 10 15  1  2
8I   4  0  0 .5 .5 10  1  3  0  0  0  0  0 .5 .1  0  2 .1 .1 .5  0  0 .5  0  0
     0  0 .5 .5  0 .1  0 .1 .1 .1  0.01  0 56  5  8  1  2
0A   1  0 .1  0  1 30  0  1  0  0  0  1  0 .1 .1  0  1.01 .1 .5  0  0 .5  0  2
     0  0 .5 .1  0  1  0.01.01 .5 .1.01  0 45  1 10  0  2
0C   5  0  0  0 .5 35.01 .5  0  0  0  0  0.01  0  0 .5  0 .5.01  0  0  0  0  3
     0  0 .5 .1  0  1  0.01  0 .1  0.01  0 47  0  5  0  2
0E   2  0  0  4 .1 25 .1  1  0  0  0  0  0 .1 .1  0  2.01 .1 .1  0.01  0  0 .1
     0 .1 .1 .1  0 .5  0.01 .1 .1  0.01  0 47  0  7  0  2
0G  10  0  0.01 .1 30  0 .5  0  0  0  0  0.01.01  0 .5.01 .1 .1  0  0 .1  0  0
     0 .1.01  0  0 .5  0.01  0 .5  0  0  0 46  0  4  0  2
0I  25  0  0 15 .1  7 .5 .5  0  0  0  0  0  0 .1  0  0.01.01  0 .1  0  1  0  0
    .1  0.01  0.01  0  0.01  0.01  0  0  0 46  0  4  0  2
2I  25  0  0  9 .5  5 .5  1  0  0  0.01  0.01.01  0 .5.01  0 .1 .5  0  1  0  0
    .1  0  0.01  0 .1  0 .1  0.01  0  0  0 46 .1 25  0  2
2G  20  0  0 15.01 10 .1  1  0 .1  0  0  0  0.01  0 .1.01  0 .1  2.01  1  0  0
     0  0  0 .1  0.01  0  0  0.01  0  0  0 46  1 15  0  2
2E  12  0  0  0  1  8  1 .5  1  0  0 12  0.01.01  0  1.01 .5.01  0  0  2  0  0
    .1  0 .1.01  0  0  0.01  0.01  0  0  0 48  2 20  0  2
2C  12  0  0 13  0  3  1  2  0  2  0 .5  0.01 .1  0 .5  0 .1.01  2  0  0  0.01
    .1  0  0 .1  0  0  0.01  0.01  0  0  0 47  1  4.01  2
2A  12  0  0  1 .1 13  0  1  0  0  0  1  0.01.01  0  1  0.01 .1  0  0  0  0  1
     0  0 .1.01  0 .1  0 .1  0 .1.01 .1  0 47  2  8  0  2
4A   5  0  0  0  1 20  0  1  0  0  0  2  0.01.01  0  1.01 .1 .1  0 .1  0  0  1
     0  0 .5  0  0  1 .1.01.01 .5  0.01  0 48  1  3  0  2
4C   7  0  0  2  0  3 .5  1  0  0  0 .5  0  0  0  0 .5  0 .1 .1  0  0  0  0 .1
     0  0  1  0 .1 .5  0 .1  0 .1  0.01  0 48 .1 .1  0  3
4E   3  1  0  4  0 10  0  2  0  0  0  0  0 .1  0  0 .5.01  0 .1 .1  0  1  0  0
     0 .1 .1  0  0  0  0 .1  0.01  0  0  0 48  1  5  0  3
4G  15  0  0 .1  0 35  0  1  0  0  0  0  0 .1  0  0 .5  0 .1 .1 .1  0 .5  0  0
     0 .1 .1  0  0 .1  0.01  0.01  0.01  0 48 .1  4  0  3
4I   0  0  0  1  0  7  0  0  0  0  1  0  0  0  0  0  1.01 .5.01  0.01  0  0.01
     0 .1 .1  0  0 .1  0 .1  0.01  0  0  0 48  0  3  0  3
6I   1  0  0  2 .5 25  0 .5  0  0  0  0  0 .1  0  0  3  0 .5 .1  0  0  0  0  0
     0  0 .1 .1  0 .1  0 .5  0 .1  0.01 .1 49  2  1  0  3
6G  12  0  0  0  0 10  0 .5  0  0  0  0  0 .5  0  0 .5  0  1 .1 .1.01 .1  0  0
     0  0 .1  0  0 .1  0 .1 .1 .1  0.01  0 49 .5 25  0  3
6E  12  0  0  5 .1  3  0  1  0  0  0  0  0 .1  0  0 .5  0 .1  0  0  0  0  0  0
     0  0 .1 .1  0  0  0 .1  0.01  0.01  0 48  3  2  0  3
6C   5  0  0  7 .1  4  0 .5  0  0  0  0  0 .1  0  0 .1.01 .1 .1  0  0  0  0  0
     0  0 .5  0  0  0  0 .1  0 .1  0  0  0 47 .5 .1  0  3
6A  17  0  0  6  0 .5  0 .5  0  0  0  0  0 .1  0  0 .1  0 .1.01  0  0  0  0  0
     0 .1 .5  0 .1  0  0.01  0 .1  0  0  0 48 .1 .1  0  3
8A  20  0  0  8  0  1  0  2  0  0  0  0  0  0  0  0  0.01  0  0  1  0 .1  0  0
     0 .1 .1  0.01  0  0 .5  0  0.01  0  0 46  0  5  0  3
8C  25  0  0  5 .1  2 .1 .5  0 .1  0  0  0  0  0 .1  0  0  0  0  1  0  1  0  0
    .1  0  0  0  0  0  0 .5  0  0  0  0  0 46  0 10  0  3
8E   3  0  0  4 .5  4 .5  1  0 .5  0  0  0 .1  0 .1 .1.01  0 .1 .5 .1  2  0  0
     0  0 .1 .1  0  0  0 .1  0  0  0.01 .1 46  2 20  0  3
8G   7  0  0  2  1  3  0 .5  0  1  0  0  0 .1  0  0 .5  0  0 .1 .1  0  4  0  0
     0 .1  0  0  0  0  0 .5  0.01  0.01  0 48  3 20  0  3
8I   3  0  0 .1 .1 10 .5  1  0  0  0  0  0 .1  0  0  1 .1  0 .1  0  0 .5  0  0
     0  0 .1 .1  0  0  0 .1  0 .1  0.01  0 48  4 10  0  3
0A  .5  0.01  0.01 30  0 .1  0  0  0 .1  0.01  0  0 .1  0  0  0  0  0  0  0  0
     0 .1 .1  0  0 .1  0.01.01.01  0.01  0 44 .1  5  0  3
0C   2  0  0  0.01 30  0 .1  0  0  0.01  0  0  0  0 .1  0 .5  0  0  0  0  0.01
     0.01.01  0  0.01  0.01  0.01  0  0  0 44  0 10  0  3
0E  .5  0  0  1  0 25.01 .1  0  0  0  0  0.01  0  0 .1  0 .1  0  0  0  0  0.01
     0 .1  0.01  0 .1  0 .1.01.01  0.01  0 42  0 10  0  3
0G   3  0  0  0.01 30  0.01  0  0  0  0  0  0  0  0 .5  0 .1  0  0  0  0  0  0
     0 .1.01.01  0.01  0.01  0 .1  0  0  0 44  0  0  0  3
0I  17  0  0  3.01 .5.01.01  0  0  0  0  0  0  0  0  0  0 .1  0  0  0 .1  0  0
   .01.01.01  0  0.01  0.01  0.01  0  0  0 44  0  3  0  3
2I  15  0  0  1.01  4  0.01  0  0  0  0  0  0  0  0 .1.01.01  0.01  0 .5  0  0
    .1  0  0.01  0.01  0.01  0  0  0  0  0 46 .1 25  0  3
2G  20  0  0  2  0  7  0 .1  0 .1  0  0  0  0  0  0 .1.01  0  0 .5  0 .1  0  0
     0  0  0.01  0  0  0  0  0.01  0  0  0 45 .5 15  0  3
2E   7  0  0  0.01  4.01 .1  0  0  0  2  0 .1  0  0 .1  0 .1.01  0  0 .5  0  0
    .1  0  0  0  0.01  0.01.01.01  0  0  0 46 .5 30  0  3
2C  10  0  0  3  0  1.01.01  0 .5  0.01  0  0  0  0 .1  0 .1  0.01  0 .1  0  0
    .1  0.01.01  0  0  0.01  0.01  0.01  0 44 .1  8  0  3
2A   7  0  0 .1  0  5  0.01  0  0  0 .1  0  0  0  0 .1.01 .1  0  0  0  0  0  0
     0  0 .1.01  0.01  0.01.01.01  0.01  0 44 .1  6  0  3
4A   2  0  0  0.01 30  0 .1  0  0  0.01  0  0  0  0 .1  0 .1  0  0  0  0  0  0
     0  0 .1  0  0 .1.01.01.01.01  0  0  0 43 .1  0  0  3
4C   4  0  0 .5.01  3.01 .1  0  0  0  0  0  0  0  0 .1  0 .1  0  0  0  0  0  0
     0  0 .1  0.01 .5  0  0  0.01  0.01  0 44 .1 .1  0  3
4E   8  1  0  2  0  6  0 .1  0  0  0  0  0  0  0  0 .1  0  0  0  0  0 .1  0  0
     0 .1  0  0  0  0  0.01  0.01  0  0  0 45 .1  5  0  3
4G  10  0  0.01  0 30  0.01  0  0  0  0  0.01  0  0 .1  0 .1.01 .1  0 .5  0  0
     0  0 .1  0  0 .1  0  0  0.01  0  0  0 45 .1 15  0  2
4I   0  0  0  3  0  7  0.01  0  0 .1  0  0  0  0  0 .5  0 .1.01  0  0  0  0  0
     0  0 .1.01  0 .5  0 .1.01 .1  0  0  0 43  0  2  0  2
6I   2  0  0 .5.01 25.01.01  0  0  0  0  0.01  0  0  1.01 .1.01  0  0  0  0  0
     0  0 .1.01  0  1  0  0 .5 .1  0.01 .5 45  2  5  0  2
6G   9  0  0  0  0 15  0.01.01  0  0  0  0.01  0  0 .1  0 .5.01.01  0  0  0  0
     0.01  0.01  0.01  0.01.01.01  0.01  0 46  1 15  0  2
6E  15  0  0  1.01  4  0 .5  0  0  0  0  0  0  0  0 .5.01.01.01  0  0 .5  0  0
     0  0  0.01  0 .1  0.01  0.01  0.01  0 46 .5  3  0  2
6C  10  0  0  3  0  6  0 .1  0  0  0  0  0  0  0  0 .5.01 .5  0  0  0  0  0  0
     0.01 .1  0.01 .1  0.01  0.01  0  0  0 46 .5 .5  0  2
6A  20  0  0  3  0  1  0.01  0  0  0  0  0  0.01  0 .1  0  0  0  0  0  0  0  0
     0  0 .1  0.01  0  0.01  0  0  0  0  0 45  1 .5  0  2
8A  30.01  0  3  0 .5  0.01  0  0  0  0  0  0  0  0  0.01  0  0 .5  0 .5  0  0
     0 .1.01  0.01  0  0 .1  0  0  0  0  0 45  0  5  0  2
8C  25  0  0  3  0 .5 .1 .1  0.01  0  0  0  0  0  0  0  0  0  0 .1  0  1  0  0
    .1  0  0  0  0  0  0.01  0  0  0  0  0 46  0  7  0  2
8E  13  0  0  2.01  5.01 .1  0 .1  0  0  0.01.01  0 .1.01  0 .1 .1  0  2  0  0
     0 .1  0.01  0  0  0.01  0  0  0  0 .5 45  2 10  0  2
8G   7  0  0  2 .1  5.01 .5.01  1  0  0  0  0  0  0 .5  0  0.01  0  0  5  0  0
    .1 .1  0.01  0 .1  0.01  0.01  0 .1  0 44  5 17  0  2
8I   7  0  0.01.01 10.01 .1  0  0  0  0  0.01.01  0  1.01 .1.01  0  0  0  0  0
     0  0.01 .1  0 .5  0  0 .1 .1  0.01  0 45  3 15  0  2
