0A1  3                   .1  4  3   .01 
0A2          .1 .1 .1 .1    .5.01 .5    .1    .1.01   .01 
0A3                         .1 
0A4    .1    .1.01 
0A5 57 
0C1  6                    3  6  5                          2 
0C2          .1 .5.01 .1    .1.01 .5.01       .1 .1            .01 
0C3                        .01 .5       .1 
0C4    .5    .5.01 
0C5 57 
0E1  3                   10 10  4     5     1             50 
0E2           1              1          .5    .1.01              1.01 
0E3 
0E4    .5      .01                         .1 
0E5 56 
0G1  3                    2  1  3 
0G2         .01 .1.01         .01  1    .1    .1  1 
0G3                        .01 
0G4    .5    .5.01                     .01 
0G5 58 
0I1  2                    1  1  5 
0I2          .1 .5.01.01     1.01 .1    .1        1                .1 
0I3.01                                  .5 
0I4    .1    .5.01                      .5 
0I5 58 
2A1  4                    4  1 15       .1 
2A2          .5 .1.01 .1    .1    .5 .1 .1    .1 .1 
2A3 .1                         .1       .1 
2A4    .1    .1 .1.01 
2A5 58 
2C1  4                    3 .5 15 
2C2          .1 .5 .1 .1    .1    .5    .1    .1 .1 
2C3 .1                                  .1 
2C4    .1     1 .1 
2C5 58 
2E1  7                    4 .1 15 
2E2          .1 .1.01 .1    .1    .5    .1    .1 .1 
2E3 .1                      .1 .1       .1 
2E4    .1    .5 .1 
2E5 58 
2G1  7                   .1 .5  4    .1 
2G2         .01 .1.01.01      .01 .1    .1       .5 
2G3 .1                                  .1 
2G4    .1    .1 .1 
2G5 58 
2I1  3                   .5.01  2 
2I2          .1 .1.01.01          .1    .1        1               .01 
2I3 .1                     .01 
2I4   .01       .5                      .1.01 
2I5 58 
4A1  3                    3  1  3       .1 
4A2           1 .1.01 .5    .5.01 .1    .1    .1 
4A3                        .01.01 
4A4    .5    .1.01 
4A5 57 
4C1 .1                    2  1  5 
4C2         .01.01 .1       .1.01 .5.01.01   .01.01 
4C3.01                     .01         .01 
4C4    .5    .1.01                                                .01 
4C5 58 
4E1  6                    4    .5 
4E2          .1.01 .1         .01 .5    .1    .1 .1 
4E3                        .01 
4E4    .5      .01 
4E5 58 
4G1 15                   .5  1  2 
4G2            .01.01       .1.01 .1   .01    .5.01 
4G3                        .01 
4G4   .01   .01.01 
4G5 56 
4I1 10                   .5  2  3 
4I2         .01 .1.01 .1    .5.01 .1.01 .1    .1 
4I3                        .01 
4I4    .5    .1.01 
4I5 57 
6A1 .5                    1 .5 .5 .1 
6A2          .1 .1.01 .1      .01  1.01 .1    .1                .1 
6A3 .1                                 .01 
6A4    .1    .1 .1 
6A5 58 
6C1  7                    1    .5 
6C2             .1    .1    .5    .1    .1    .5 
6C3                        .01 
6C4    .1       .1 
6C5 57 
6E1  5                          4 
6E2            .01               .01   .01 
6E3                        .01 
6E4   .01       .1 
6E5 57 
6G1  6                    2  2  3 
6G2          .1                   .5    .1 
6G3.01                     .01 
6G4    .1      .01 
6G5 58 
6I1  8                    1 .1  5 
6I2         .01 .1   .01    .5    .1    .1    .1 
6I3                        .01 
6I4    .5     1.01    .1 
6I5 58 
8A1  4                   .1 .5  7 
8A2         .01 .1    .1          .5    .1    .1 
8A3                         .1 
8A4    .1    .5 .1 
8A5 58 
8C1  1                    1 .1  3 
8C2          .1       .1      .01 .1 .1       .1               .01 
8C3                         .1 
8C4    .1    .1 .1 
8C5 58 
8E1 15                   .1 .5  1 
8E2 
8E3 
8E4          .1 
8E5 58 
8G1 20                    1  2  1 
8G2          .1 .1.01       .5    .5    .1            .01 
8G3                        .01 
8G4    .1    .1 .1 
8G5 58 
8I1  3                    2    17 
8I2             .5 .1 .1          .1    .1    .1 
8I3 .1                      .1 .1 
8I4    .1    .5 .1 
8I5 58 
0A1 17                    2  2 
0A2          .5   .01.01    .5 
0A3 
0A4   .01   .01 
0A5 57 
0C1 12                    1  2 .5 
0C2          .5      .01 
0C3.01                                  .1 
0C4   .01    .1 
0C5 56 
0E1 20                   .5 .5  1                      .1 
0E2                  .01 
0E3 
0E4    .1    .1 
0E5 57 
0G1 11                    2  3  1 
0G2           1 
0G3 .1 
0G4    .1 
0G5 56 
0I1 15                  .01  1  1 
0I2          .5                  .01 
0I3 
0I4   .01 
0I5 57 
2A1  7                   .5 .5  2 
2A2          .1 .5                .1 
2A3 .1 
2A4    .1 
2A5 58 
2C1 12                    1 .1 .5 
2C2                               .1 
2C3 
2C4   .01    .1 
2C5 58 
2E1 12                    1    .5 
2E2 
2E3 
2E4          .1 
2E5 58 
2G1 15                         .5 
2G2                                                    .1 
2G3 
2G4 
2G5 56 
2I1 15                         .1 
2I2          .1 
2I3 
2I4   .01 
2I5 56 
4A1 16                         .1 
4A2                                                    .1 
4A3 
4A4          .1 
4A5 57 
4C1  7                    6    .5 
4C2             .1 
4C3 
4C4 
4C5 57 
4E1 15                   .5     1 
4E2 
4E3 
4E4 
4E5 56 
4G1 18                         .1 
4G2                                                   .01 
4G3 
4G4 
4G5 57 
4I1  8                       2  1 
4I2          .5               .01      .01 
4I3 .1 
4I4    .1 
4I5 57 
6A1  8                    4 .1 .5 
6A2          .5                                       .01 
6A3 
6A4    .1 
6A5 56 
6C1 20                         .1 
6C2 
6C3 
6C4 
6C5 57 
6E1 15                         .1 
6E2          .1       .1                              .01 
6E3                                     .1    
6E4 
6E5 57 
6G1 13                      .5 .1 
6G2         .01 
6G3 
6G4 
6G5 56 
6I1 17                       1 .1 
6I2          .5             .1.01                      .1 
6I3.01                                  .1 
6I4    .1    .1 
6I5 56 
8A1 18                   .5  1 .5
8A2          .1             .1                         .1 
8A3 
8A4   .01 
8A5 59 
8C1 20                   .1    .1 
8C2          .1                                        .1 
8C3 
8C4   .01 
8C5 58 
8E1 15                   .5 .5 
8E2          .1             .1   .01 
8E3 
8E4   .01 
8E5 57 
8G1 12                    1 .5 .1 
8G2          .1.01   .01         .01 
8G3 
8G4   .01   .01 
8G5 57 
8I1 10                   .1  1 .5 
8I2           1             .5 
8I3 .1 
8I4   .01   .01 
8I5 57 
0A1 15                    2     2 
0A2           1               .01 .5.01       .1                   .1 
0A3.01 
0A4    .1      .01   .01                  .01 
0A5 57 
0C1 25                          4 
0C2          .1               .01 .1          .1       .1         .01 
0C3.01 
0C4    .1      .01 
0C5 57 
0E1 10                         15 
0E2            .01            .01 .1                   .1 
0E3 
0E4    .1      .01 
0E5 57 
0G1  5                          6         .01 
0G2          .5 .5                .5            .01               .01 
0G3 
0G4    .1      .01                      .1 
0G5 58 
0I1 20                          5 
0I2          .1 .1            .01 .1   .01                        .01 
0I3 
0I4    .1      .01 
0I5 59 
2A1  4                   .5     1          
2A2          .5               .01 .1   .01    .5      .01          .1 
2A3                        .01            .01 
2A4    .1      .01 
2A5 58 
2C1 20                          3 
2C2          .1                   .1         .01       .1 
2C3 
2C4   .01      .01 
2C5 57 
2E1 15                          1 
2E2                           .01.01    .1                        .01 
2E3 
2E4    .1       .1 
2E5 57 
2G1 17                          1          .1 
2G2          .5             .1.01 .5                               .1 
2G3 
2G4    .1      .01 
2G5 58 
2I1 15                         .5  
2I2 15      .01                   .1    .1            .01 
2I3 
2I4             .1 
2I5 58 
4A1  5                          3                  .01 
4A2          .1.01            .01 .1                               .1 
4A3 
4A4    .1   .01.01 
4A5 59 
4C1  7                          2 
4C2         .01               .01 .1 
4C3 
4C4   .01      .01 
4C5 61 
4E1 17                          4 
4E2         .01               .01.01   .01                        .01 
4E3 
4E4   .01       .1 
4E5 59 
4G1 17                          3                  .01 
4G2 
4G3 
4G4             .1 
4G5 59 
4I1  8                          4         .01 
4I2           1               .01 .5 .1                            .1 
4I3 
4I4    .1       .1                         .1 
4I5 59 
6A1 17                          2 
6A2          .1.01            .01 .1 
6A3.01                     .01 
6A4             .1 
6A5 60 
6C1  3                         .5 
6C2          .1 .1            .01 .1          .1                   .1 
6C3 
6C4    .1       .1 
6C5 62 
6E1 10                         .1 
6E2          .1               .01 .1                               .1 
6E3 
6E4   .01      .01 
6E5 60 
6G1  6                          2 
6G2          .1               .01 .1                              .01 
6G3 
6G4   .01       .1 
6G5 59 
6I1  3                         .5                   .1 
6I2                               .5 
6I3 
6I4            .01 
6I5 60 
8A1  7       .1                 2 
8A2          .5 .1                .1 
8A3 .1 
8A4   .01       .1 
8A5 58 
8C1 11                          2    .1 
8C2          .1               .01 .1                              .01 
8C3 .1 
8C4   .01      .01 
8C5 60 
8E1 12                          4 
8E2          .5    .1         .01 .1    .5 
8E3 
8E4            .01    .1 
8E5 58 
8G1  7                          2 
8G2          .1.01                .1                               .1 
8G3 
8G4    .1      .01   .01 
8G5 59 
8I1 15                          2 
8I2         .01               .01 .5                               .1 
8I3 
8I4   .01       .1 
8I5 58 
0A1 25 .1                 3     3 
0A2          .1          .1   .01 .1    .1    .5.01    .1 
0A3                        .01 
0A4   .01 
0A5 61 
0C1  3                    2     2 .1 
0C2          .5 .1            .01 .5    .5    .1 .1   .01 
0C3                        .01 
0C4   .01 
0C5 61 
0E1  5                    3     3 .1    .1 
0E2           1               .01 .1     1    .1       .1 .1       .1 
0E3                         .1 
0E4    .5 
0E5 59 
0G1  2                          3   .01 
0G2          .5   .01         .01 .1    .1    .1       .1.01 
0G3 
0G4     1 
0G5 60 
0I1 12                          4 
0I2          .5 .1 .1         .01 .1                   .1         .01 
0I3                        .01             .1 
0I4   .01                                 .01 
0I5 59 
2A1 15                    1     2 
2A2          .1 .1                .1    .5       .1    .1 
2A3                        .01 
2A4    .1 
2A5 66 
2C1  1                   .5     2 
2C2          .1 .1                .5    .5   .01.01    .1 
2C3                        .01 
2C4   .01 
2C5 62 
2E1  3                   .1     3 
2E2         .01                  .01                   .1 
2E3 
2E4   .01 
2E5 62 
2G1 30                   .1    .5 
2G2          .5   .01         .01 .1 .1               .01 
2G3 
2G4    .1 
2G5 62 
2I1  2                         .5 
2I2          .5   .01    .5       .1         .01         .01 
2I3                        .01 
2I4   .01      .01 
2I5 62 
4A1 20                         .5 
4A2         .01          .1      .01   .01            .01 
4A3 
4A4   .01 
4A5 60 
4C1 35                          3 
4C2          .1 .1                .1   .01   .01       .1 
4C3 
4C4    .1 
4C5 59 
4E1 10                          1    .1                .5 
4E2           1               .01 .1    .5    .1          .1 
4E3 
4E4    .1 
4E5 62 
4G1  6                    1     2 
4G2           1 .1.01         .01        1 
4G3 .1 
4G4     1 
4G5 61 
4I1  5                   .1     3 
4I2          .1                  .01 
4I3                                                      .01 
4I4   .01   .01
4I5 62 
6A1  7                   .5     1 
6A2          .5 .1                     .01 
6A3 
6A4   .01 
6A5 62 
6C1  5                          3 
6C2          .1          .1   .01 .1 
6C3 
6C4   .01      .01 
6C5 63 
6E1 .1                    2     1   .01 
6E2           1.01                   .1       .1      .01 
6E3 
6E4    .1 
6E5 62 
6G1 10                    2    .5    .1 
6G2           1         .01   .01.01     2 
6G3                                                      .01 
6G4    .1       .5 
6G5 62 
6I1  3                          2 
6I2          .5 .1                .1    .5    .1 
6I3 
6I4   .01 
6I5 60 
8A1  4                   .5     5 
8A2           2 .1            .01 .1                      .5 
8A3                        .01            .01 
8A4    .5 
8A5 59 
8C1 15                    4     1 
8C2         .01    .1            .01 
8C3 
8C4 
8C5 60 
8E1 12                    7 
8E2         .01                         .1   .01 
8E3 
8E4 
8E5 61 
8G1  8                          2                  .01 
8G2         .01         .01   .01 .1    .5             .1 
8G3                                          .01 
8G4   .01 
8G5 62 
8I1 15                          1 
8I2         .01 .1            .01 .5   .01 
8I3                                                      .01 
8I4   .01      .01 
8I5 61
0A1.01                   .1     1 
0A2          .1 .1   .01   .01 .1 .1.01 .5    .1 
0A3                                                   .01 
0A4    .5    .5.01 
0A5 63 
0C1                      .1 .1  1 
0C2         .01 .5   .01    .1 .1 .1.01 .5   .01 
0C3.01                      .1                           .01
0C4    .5    .1 .1 
0C5 63 
0E1.01                    2 .1  1 
0E2          .5  1.01 .5    .1 .5 .1    .5     1                .5 
0E3                                                    .1   .01 
0E4    .5 
0E5 63 
0G1.01                    1.01  1       .1 
0G2          .5 .5.01  1     1.01 .1.01 .5    .1 .1 
0G3                                    .01             .1 
0G4    .5       .1 
0G5 64 
0I1.01                    1    .5 
0I2         .01 .5    .1   .01 .1 .1    .1     1 
0I3                        .01                        .01 
0I4     1       .1 
0I5 63 
2A1.01                   .5    .5 
2A2         .01 .5.01         .01.01    .1    .1 
2A3                                                    .1 
2A4    .1        1 
2A5 64 
2C1.01                    1.01  1 
2C2         .01 .5 .1 .1    .1 .1 .1   .01   .01               .01 
2C3                        .01         .01            .01 
2C4    .5       .5 
2C5 63 
2E1 .1                    2    .5       .1 
2E2           1 .5     2    .1 .1   .01.01    .1 
2E3                                             .01  1 .5 
2E4    .1.01 .1 .5 
2E5 65 
2G1                       1     2 
2G2          .1 .5 .1 .5    .1 .1 .1           1 
2G3                                                   .01 
2G4    .5       .1 
2G5 65 
2I1.01                   .1     1 
2I2         .01 .1   .01    .1 .1 .1    .1    .5 
2I3                         .1                         .5 
2I4    .5   .01.01 
2I5 62 
4A1.01                         .5 
4A2             .1                .1   .01 
4A3                     .01.01                        .01     1 
4A4             .5 
4A5 64 
4C1.01                   .1    .1 
4C2          .1 .1             .1 .1    .1    .5 
4C3                         .1                               .1 
4C4    .1    .1 .5 
4C5 64 
4E1                            .1                  .01 
4E2         .01 .1             .1.01 
4E3                         .1                         .1.01 .5 
4E4   .01       .5 
4E5 
4G1.01                   .1    .5 .1 
4G2         .01 .1    .1       .1.01          .1 
4G3                        .01                         .1 
4G4    .5       .5 
4G5 
4I1.01                   .1    .1.01    .5 
4I2         .01 .1    .1   .01 .1.01.01       .5 
4I3                                                    .5 
4I4    .5       .5 
4I5 
6A1.01                         .1 
6A2         .01 .1             .1 .1          .1 
6A3                         .1                         .1    .5 
6A4    .1    .1 .5 
6A5 64 
6C1.01                          1 
6C2          .1 .1          .1 .1 .1    .1 
6C3                                                    .1    .1 .1 .1 
6C4    .5    .1 .1 
6C5 64 
6E1.01                   .5    .1 
6E2          .1 .1    .1    .1 .1 .1   .01    .5 
6E3                                          .01       .1    .1 
6E4    .5    .1 .5 
6E5 63 
6G1.01                    1    .1 .1 
6G2          .1  1    .5    .1 .1 .1    .1     1 
6G3 .1                      .1                         .1   .01 
6G4     1       .1 
6G5 64 
6I1.01                      .1 .5 
6I2          .5 .1    .5       .5 .1    .5 
6I3                         .1               .01       .1 
6I4    .1 
6I5 64 
8A1                       1    .1 
8A2          .5 .1          .1 .1 .1    .1    .1                  .01 
8A3                         .1                         .1    .1 
8A4     1       .5 
8A5 64 
8C1.01                         .5 
8C2          .1 .1             .1 .5          .5 
8C3                                           .1       .1    .1 
8C4    .5    .1 .5 
8C5 64 
8E1.01                          1 
8E2          .5 .1          .1 .5 .1.01 .1 
8E3 .1                                                  1 
8E4    .5       .1 
8E5 64 
8G1                         .1 .5 
8G2         .01  1             .1 .5          .1                   .5 
8G3                         .1                         .1    .1 
8G4    .5    .1 .1 
8G5 64 
8I1                         .1 .1                  .01 
8I2          .1 .5          .1.01 .1    .5    .5                  .01 
8I3                         .1                .1       .1 
8I4    .5       .1 
8I5 64 
0A1 40                         .1 
0A2 
0A3 
0A4 
0A5 58 
0C1 30                          1 
0C2          .1            .01.01.01 
0C3 
0C4   .01 
0C5 57 
0E1 25                          3 
0E2                        .01 
0E3 
0E4            .01 
0E5 57 
0G1 20 
0G2                              .01
0G3 
0G4   .01 
0G5 57 
0I1 30                          1 
0I2         .01                      
0I3 
0I4   .01 
0I5 57 
2A1 30                          2 
2A2 
2A3 
2A4            .01 
2A5 58 
2C1 25                          3 
2C2 
2C3 
2C4 
2C5 57 
2E1 30                          6 
2E2                                                    .1
2E3                                                       
2E4 
2E5 57 
2G1 35                          1 
2G2 
2G3 
2G4            .01 
2G5 58 
2I1 20                          2 
2I2 
2I3 
2I4            .01 
2I5 58 
4A1 25                         .1 
4A2 
4A3 
4A4 
4A5 58 
4C1 25                          3 
4C2 
4C3 
4C4 
4C5 58 
4E1 30                          3 
4E2 
4E3 
4E4 
4E5 58 
4G1 25                         .1 
4G2 
4G3 
4G4 
4G5 58 
4I1 30                          2 
4I2 
4I3 
4I4 
4I5 58 
6A1 30                         .5 
6A2 
6A3 
6A4            .01 
6A5 58 
6C1 25                         .5 
6C2 
6C3 
6C4 
6C5 58 
6E1 35                          1 
6E2 
6E3 
6E4 
6E5 58 
6G1 30                          3
6G2 
6G3 
6G4             .1 
6G5 58 
6I1 25 
6I2 
6I3 
6I4 
6I5 58 
8A1 30                         .5 
8A2 
8A3 
8A4            .01 
8A5 58 
8C1 30                          1 
8C2 
8C3 
8C4 
8C5 58 
8E1 30                          2 
8E2 
8E3 
8E4 
8E5 58 
8G1 35                          2 
8G2 
8G3 
8G4            .01 
8G5 57 
8I1 30                          4 
8I2         .01                  .01   .01 
8I3 
8I4 
8I5 57 
0A1 12       .5           4  5 12  2     1     1           2 
0A2           2    .1 .1 .1  2 .1             .1     1          .5     5  1.01 
0A3    
0A4    .5 .5       .1 
0A5 63 
0C1  5                    2  8 12  1 .5  2 
0C2           1    .1     1  1.01          .5 .1 .1                   .5   .01 
0C3    
0C4    .5 .1       .1                                   3 
0C5 63 
0E1 12                    4  5 15 .5 .5  2    .1           2 
0E2           4    .1 .5 .5 .1.01          .1    .1      .01               .01 
0E3 .1
0E4    .1 .1      .01                                   1 
0E5 65 
0G1  4 .5    .5           5  7 15       .5                 3 
0G2           2   .01 .5  1 .5.01           1   .01       .1 
0G3.01
0G4    .5 .5                .5 
0G5 63 
0I1 10             .1     4 10 15    .1 .1 
0I2           1    .1 .5 .1    .1 .1            .01    .5 .1 
0I3 
0I4     1 
0I5 63 
2A1 10        1           3 15 25  2     1     1 
2A2           2       .1 .5  2             .5 .1 .1             .5         .01 
2A3 
2A4    .1 .5                .5 
2A5 63 
2C1 15       .5           3 12 25  2    .5 
2C2           2   .01 .1  1 .5    .1       .5 .1.01      .01    .1 
2C3 
2C4    .5 .5       .1 
2C5 63 
2E1 12       .1           5 10 15 .1 .1 .1 
2E2           1       .1 .1                .1 .5 .1       .5    .1    .1   .01 
2E3 .1 
2E4   .01.01 
2E5 64 
2G1 25                    3  4 20    .1                    3 
2G2           3          .1  2             .5             .1           3 
2G3 .1          
2G4    .1 .1      .01 
2G5 63 
2I1 10                    7 10 10       .1     1           2 
2I2           1    .1     1   .01 .1        2          .1              1 
2I3.01 
2I4    .1 .1                .1 
2I5 65 
4A1  8       .5           3 12 25  2    .5    .1 
4A2           2   .01     1  3 .1          .5     1       .5    .1    .5   .01 
4A3 
4A4    .5 .1 
4A5 63 
4C1  7                    2 10 15       .5                 4 
4C2           1    .1     1 .5.01           1   .01    .1.01           2   .01 
4C3 
4C4    .1.01 
4C5 64 
4E1 15                   10  3 25    .5 .5                .5 
4E2           3    .1    .5 .5             .5    .5      .01          .1 
4E3 
4E4    .1 .1 
4E5 63
4G1  8                   15  5 30       .1                 8 
4G2           2    .1 .1 .5 .5    .1       .5          .1 .1           3 
4G3 
4G4    .1 .5 
4G5 64
4I1 15            .01    .5 15 15    .1 
4I2           3    .1    .5   .01 .5       .5             .5           1 
4I3 
4I4    .5 
4I5 64
6A1 12 .5                 5  5 40  2     1    .5 
6A2           5    .1 .1 .1 .5 .1 .1       .5    .1    .1 .1.01            .01 
6A3 
6A4    .1 .1 
6A5 64
6C1 15                    5  7 20       .1                 1                .5 
6C2           2    .1    .5 .5 .1          .5                          2 
6C3 
6C4    .1 .1 
6C5 61
6E1  7                    7  2 15       .1                 3 
6E2           4    .5 .1 .1 .5.01 .1 .1     1    .1       .1           2 
6E3                                           
6E4    .5 .1 
6E5 66
6G1 .5                    4  5 10    .1 .5 
6G2          .1 .1    .5  1 .5.01 .1 .1    .5     1                   .1 
6G3 
6G4    .1 .1 
6G5 66
6I1  5                    4  2 25       .1                 1 
6I2                      .5       .5        1 
6I3 
6I4   .01 
6I5 71
8A1  6                    5  2 25  1    .5 
8A2           2    .1 .1 .1 .5 .1 .1       .1    .1       .1 
8A3 
8A4   .01.01 
8A5 64
8C1  7                   12  2 25       .1                 1 
8C2           2          .5    .1          .5 
8C3 
8C4    .1 
8C5 64
8E1  5                   .5  4  7 
8E2          .5          .5                .5    .5 
8E3 
8E4    .1      .01 
8E5 64                                                       
8G1  2                    3 10 40    .5                    6
8G2           1          .1   .01          .5       .5                 1 
8G3 
8G4   .01 .1    .1 
8G5 64
8I1  5       .5           5  5 30 .5  1 .5                 2 
8I2           3          .1  1             .5        3       .1        2 
8I3 
8I4    .5 .1                         .1 
8I5 61
0A1  7                    4  3  3                            .1 
0A2          .1          .1 .5                                           .5 
0A3 
0A4    .1       .1.01 
0A5 57 
0C1 10                    2  2  5 
0C2           1          .1  2             .1          .1                .1 
0C3 
0C4    .1         .01 
0C5 56 
0E1 12                    4     3       .5 
0E2           1          .1  3.01          .1   .01    .1.01              2 
0E3 
0E4    .1      .01 
0E5 57 
0G1  5                    5  2  4      .01   
0G2          .5 .5       .5  1             .1    .1    .1.01 
0G3 
0G4    .1      .01 
0G5 58 
0I1  5                    1 .5  2      .01 
0I2          .1              1.01         .01    .1       .1 
0I3 
0I4    .1       .1 
0I5 58 
2A1 15                    5  4  3 
2A2          .5          .1 .5.01                                         4 
2A3 
2A4    .1      .01 
2A5 57 
2C1  4                   10  7  2 
2C2           1          .1  4.01          .1                   .5        2 
2C3 
2C4    .5       .1 
2C5 57 
2E1 20                   10  4  3       .1 
2E2          .5          .5  2             .1        1                    2 
2E3 
2E4    .1      .01.01 
2E5 57 
2G1  5                    4  3  7       .5 
2G2           1          .5  5            .01   .01      .01 
2G3 
2G4    .5      .01 
2G5 57 
2I1  6                    3  3  4      .01 
2I2           1          .1  2             .5          .1                 1 
2I3 
2I4    .1      .01 
2I5 57 
4A1 10                   10 10  1        1             .5     3 
4A2           1          .1  2.01                .1    .5                 2 
4A3 
4A4    .5 .1    .1 .5 
4A5 56 
4C1  8                    5  5  2                             2 
4C2          .5          .5  2.01                    2 .1                 2 
4C3 
4C4    .1      .01 .1 
4C5 57 
4E1 17                    7 25 .5 
4E2          .5          .1 .1.01                                        .5 
4E3 
4E4    .1.01    .1 
4E5 56 
4G1  4                   10  4  1 
4G2          .5          .1 .5.01          .5          .1                 1 
4G3 
4G4    .1       .1 
4G5 56 
4I1 20                    4 10  4 .1 
4I2          .5              1             .5       .5                    1 
4I3 
4I4    .1       .1 
4I5 56 
6A1  8                    5  5 .1 
6A2          .5              1                         .1                .5 
6A3 
6A4    .1       .1.01 
6A5 56 
6C1 20                    4 12                         .1    .5 
6C2           1          .1                           .01       .1       .5 
6C3 
6C4    .1.01    .1.01 
6C5 57 
6E1  5                    5  7  4 .1    .1 
6E2          .5         .01 .1              1          .1      .01       .1 
6E3 
6E4   .01       .1.01 
6E5 57 
6G1 10                    7 12 10 .5 
6G2           1          .1  1             .1          .1                .5 
6G3 
6G4   .01       .1.01 
6G5 56 
6I1 20                    5  5  4 
6I2           1         .01  2             .5         .01                 5 
6I3 
6I4    .1       .1 .1 
6I5 55 
8A1 15                    4  5  5 .1 
8A2          .5          .1  2.01                      .1                .1 
8A3 
8A4    .1.01    .1.01 
8A5 55 
8C1 10                    7  4 .5 
8C2           1         .01  2             .1          .1                .5 
8C3 
8C4    .1 .1    .1 
8C5 55 
8E1  5                    6  7 .5 .5    .5             .1 
8E2           1          .1  2.01          .5          .1                .5 
8E3 
8E4    .1      .01 .1 
8E5 54 
8G1 15                   10 25  4  1    .1 
8G2           2          .1   .01          .5          .1                 1
8G3 
8G4   .01 .1    .1 
8G5 54 
8I1 15                   10 20 .5       .1 
8I2           3          .1 .1.01          .5          .1                45 
8I3 
8I4   .01 .5    .1 
8I5 54 
0A1 25                    4  2       .5 
0A2          .1.01               .01    .5 
0A3 
0A4   .01      .01 
0A5 58 
0C1 10                    3  5  2                       3 
0C2          .1 .5                      .1             .1 
0C3 
0C4    .1 
0C5 58 
0E1  8                    4  6  7 .5                    2 
0E2          .5 .1.01            .01    .1 
0E3 
0E4   .01      .01 
0E5 59 
0G1 16                    5  5 12 .5 .1.01 
0G2           1  1.01            .01   .01             .1 
0G3 
0G4    .1   .01 
0G5 59 
0I1 30                    3  3  3    .1 .1             .5 
0I2          .1.01            .01.01   .01 
0I3 
0I4   .01      .01 
0I5 58 
2A1 18                    5  4  1    .1 
2A2          .1.01             .1       .5 
2A3 
2A4   .01       .1 
2A5 57 
2C1 15                    3 12  2   .01                 1 
2C2          .5.01 
2C3 
2C4   .01      .01 
2C5 57 
2E1 30                    3 12  3 .5 .1  1              1 
2E2         .01 
2E3 
2E4            .01 
2E5 57 
2G1 12                    7 15  4  1    .5 
2G2          .5               .01 .1 
2G3 
2G4   .01      .01 
2G5 57 
2I1  8                    6  6  2                      .5 
2I2          .1  1               .01    .1               .01 
2I3 
2I4   .01      .01 
2I5 58 
4A1 22                    3  6  6    .5 
4A2          .1               .01        1 
4A3 
4A4   .01 
4A5 58 
4C1 20                    4 15 10       .5              3 
4C2           1 .1 
4C3 
4C4    .1 
4C5 58 
4E1 25                    7 25 .1                      .5 
4E2          .5 .1           2    .1   .01 
4E3 
4E4             .1 
4E5 57 
4G1 17                   15 25  1    .1 .1                      .1 
4G2 .1       .5                   .1 
4G3 
4G4   .01       .1 
4G5 58 
4I1 17                    1 20  3    .1 
4I2          .5 .1        1       .1    .1             .1 
4I3 
4I4   .01      .01 
4I5 58 
6A1  4                    4 12  4      .01            .01 
6A2          .1.01                     .01            .01 
6A3 
6A4   .01      .01                                  .1 
6A5 58 
6C1  4                    1  4  3       .1 
6C2          .5 .1                .1             .1 
6C3 
6C4   .01      .01 
6C5 57 
6E1  4                    6 15 .5       .5             .5 
6E2          .5 .1                      .1               .01 
6E3 
6E4    .1      .01 
6E5 58 
6G1  4                   .5 10  1    .1 
6G2          .5.01      .01       .1   .01               .01 
6G3 
6G4   .01 
6G5 58 
6I1 15                    2  2  6 
6I2          .1 .1       .1   .01.01   .01 
6I3 
6I4   .01 
6I5 58 
8A1 20                    3 20  3    .1 
8A2          .5 .5               .01    .5 
8A3 
8A4            .01 
8A5 58 
8C1 20                    5 10  4    .1 
8C2          .5                         .1            .01 
8C3 
8C4    .1      .01 
8C5 58 
8E1 25                    4 20 .5    .1.01 
8E2          .1                         .1 
8E3 
8E4   .01      .01 
8E5 58 
8G1  5                    7 10 .5    .1 .1 
8G2          .5 .1                      .1 
8G3 
8G4    .1 
8G5 58 
8I1  7                    5  2  1    .1 
8I2          .5 .1 .1         .01 .1    .1 
8I3 
8I4   .01      .01 
8I5 58 
0A1 12                    7  4  5  1 .1 
0A2           2 .1 .1.01 .1 .1.01.01.01            .01.01 
0A3 
0A4    .1 .1 .5.01                                     .5 
0A5 59 
0C1 15.01                 5  3  4 .1 .5 
0C2          .5 .1 .5.01 .1  2.01 .1.01 
0C3          .1 
0C4   .01      .01 
0C5 59 
0E1 12                    4  3 10 .5 .5 .1 
0E2          .5 .1 .1.01 .1 .5   .01 
0E3 
0E4   .01.01 
0E5 59 
0G1 16                    4  3  8 .5   .01 
0G2          .5 .1.01    .1 .5    .1 .1               .01 
0G3 
0G4   .01.01.01 
0G5 60 
0I1  7                    5  3  5 .5.01 .1 
0I2          .1.01.01.01    .1.01 .1 .1 .1 
0I3 
0I4   .01 
0I5 59 
2A1  8                    8  5  2  3    .1 
2A2           2 .5.01 .1  1  2      .01       .1 
2A3 
2A4    .1 .5 .1.01 
2A5 59 
2C1 12                   10  5 10  3    .5 
2C2           2  1    .1 .5  1    .1 .1 
2C3 
2C4    .1 .1.01 
2C5 59 
2E1 11                    5  5 10  2 .5 .5 
2E2           1  1 .1   .01  3.01 .1.01                .1 
2E3.01 
2E4   .01.01   .01                                 .01 
2E5 59 
2G1  7                    2  1  5 .5 
2G2          .1 .1   .01     1 .1 .5 .1 .5 
2G3 
2G4   .01   .01 
2G5 59 
2I1 10                    1  3  2 .5 
2I2          .5.01 .1.01      .01 .1.01 .1 
2I3.01 
2I4   .01      .01 
2I5 60 
4A1  9                    5  5 .1 .5.01 .1 .1 
4A2           1   .01.01    .5          .5
4A3 
4A4   .01 .5 .5                                        .1 
4A5 59 
4C1 10                    2  3  2  2 .5.01.01 
4C2           2 .1 .1.01      .01 .1          .1 
4C3 
4C4       .1   .01 
4C5 59 
4E1 10                    4  3 10  3 .5 .1 
4E2           2 .1    .1    .5    .1 .1       .5 .1 
4E3 .5
4E4       .1 
4E5 60 
4G1 15                   .5  3  1 .1 .1 
4G2           2 .1   .01    .5 .1 .1 .1 
4G3 
4G4   .01.01 
4G5 59 
4I1  4                    3  5  5 .5 .5 
4I2           2 .1 .1.01    .1 .1 .5 .1 .1 
4I3 
4I4    .1.01 .1                                        .5 
4I5 59 
6A1 25                    3  5 .5 .5 
6A2           1    .1          .1 .1 .1              1 
6A3 
6A4    .1 .1 .1                                        .1 
6A5 58 
6C1 30                    8  5  5 .5 
6C2           2 .1 .1    .1  1.01 .1 .1                  .01 
6C3 
6C4    .1 .1 .1 
6C5 58 
6E1 25                    4  5  2  1 .1 
6E2           4 .1    .1     1 .1 .1 .1          .5 
6E3 
6E4   .01 .1 
6E5 59 
6G1 15                   .5  3 15 
6G2          .5 .5 .1 .1    .5 .1       .1       .1.01 
6G3 
6G4   .01 .1   .01 
6G5 60 
6I1 25                    5  5          .1 
6I2           2 .1 .1       .5 .1 .5 .1 .1    .1 
6I3 
6I4       .1 
6I5 59 
8A1 25                    8  5  4 .5 .1 .1 
8A2           1 .1 .1       12 .1    .1 .1          .1 .1 
8A3 
8A4       .5 .1                                         1 
8A5 58 
8C1 25                    2 10 .5  2 .1 
8C2           3 .5 .1 .1    .5 .1    .1 .1            .01.01 
8C3 
8C4    .1 .1 .1 
8C5 58 
8E1 20                    2  1  1  1 
8E2          .1 .1   .01    .1 .1 .1 .1 .1       .1    .1 
8E3 
8E4       .1 
8E5 58 
8G1 25                   .1  4  3 .5 .1 .1 
8G2           2 .5 .5 .1     3    .1 .1 .1             .1 
8G3 
8G4    .1 .5 .1 
8G5 58 
8I1 20                    2  1  5    .1 .1       .5 
8I2           2 .5 .1          .1 .1 .1 .5 
8I3 
8I4   .01    .1 
8I5 60 
0A1  5                    1 .5  4 .5 
0A2          .5 .5            .01 .1    .1 
0A3 
0A4   .01    .1 
0A5 59 
0C1 15                    1  1  1  1 
0C2           1  1.01         .01 .1             .1
0C3 
0C4   .01 
0C5 59 
0E1  2                    2  1  4  2 
0E2          .5  1            .01      .01      .01
0E3 
0E4   .01   .01 
0E5 59 
0G1  4                   .1  1  4 
0G2           1  1            .01 .1    .5       .1
0G3 
0G4    .1 
0G5 59.01 
0I1  7                          2 
0I2             .1                .5     1 
0I3 
0I4   .01            .01 
0I5 59 
2A1 18                       1  4  1 
2A2           1.01            .01 .1   .01 
2A3 
2A4   .01 
2A5 59 
2C1 15                    1  2  4  1 
2C2          .5 .1            .01 .1     1       .1
2C3 
2C4 
2C5 59 
2E1  5                    2 .5  2  2 
2E2          .5 .1                .5    .5       .1
2E3 
2E4    .1      .01   .01 
2E5 59 
2G1  2                    2     2 
2G2          .1 .5            .01 .1    .5      .01      .01
2G3 
2G4   .01   .01.01 
2G5 60 
2I1  5                    1     2 
2I2          .5 .5            .01 .5     1 
2I3 
2I4 
2I5 59 
4A1  8                   .5  1  1 .5  1 
4A2          .5 .5       .5       .5                     .01
4A3 
4A4   .01      .01 
4A5 59 
4C1 14                    3  1  3 .5 .5 
4C2          .5 .5       .5       .1    .1 
4C3 
4C4   .01 
4C5 59 
4E1  4                    1 .5  3 .1 
4E2           1 .5                .1    .5       .1
4E3 
4E4   .01 
4E5 59 
4G1 10                   .1 .1  2 
4G2         .01 .1            .01 .1    .5 
4G3 
4G4   .01      .01 
4G5 60 
4I1  7                   .5 .1  1 
4I2                                     .1 
4I3 
4I4 
4I5 60 
6A1  1                   .5 .1  1  1 
6A2          .1 .5             .1 .1                      .1
6A3 
6A4   .01      .01 
6A5 60 
6C1  3                    2 .5 .5 .5 .1 
6C2           2 .1            .01 .1    .1      .01
6C3 
6C4   .01      .01 
6C5 59 
6E1 20       .1          .5  2 .5    .1 
6E2          .5               .01 .1    .1      .01      .01
6E3 
6E4            .01 
6E5 59 
6G1  2                   .1 .1  2 
6G2          .1 .1                .1    .1 
6G3 
6G4   .01 
6G5 58 
6I1  5                    3  2 .5 
6I2           2 .5       .1       .1    .1 
6I3 
6I4   .01 
6I5 58 
8A1 10                       1 .5 
8A2          .1 .1            .01 .1    .1               .01
8A3 
8A4   .01      .01 
8A5 58 
8C1  7                   .5  1 .5  5 
8C2           2 .5 .1         .01       .5 
8C3 
8C4   .01      .01 
8C5 58 
8E1  3                    3 .5  1 
8E2          .5 .1                .1                     .01
8E3 
8E4            .01 
8E5 58 
8G1  2                    1 .5  2 
8G2           1 .5.01         .01.01                     .01
8G3 
8G4   .01 
8G5 58 
8I1 17                   .5  1  4    .1 
8I2           1 .1.01   .01   .01 .1    .1               .01
8I3 
8I4   .01 
8I5 59 
0A1 25                    1  3  2  2                      25 
0A2          .5      .01     2                  .01 
0A3       .1 
0A4   .01 .5 .1               .01                           .01 
0A5 56 
0C1 15                       3  4  4 
0C2          .5.01 .1 .1     1   .01          .1 .1 
0C3 
0C4    .1  1 .1.01            .01          .1.01 
0C5 57 
0E1 13                   .5 12 10  2    
0E2           1 .1 .1 .1      .01.01.01       .1          .1 
0E3 
0E4    .1 .1 .5               .01             .1   .01
0E5 56 
0G1 15                    2  3     4                       3 
0G2           1    .1.01      .01.01 .1      .01  1                        .01 
0G3 
0G4    .1  1 .5               .01            .01               .01 
0G5 57 
0I1  6     1              3  3 10  5    
0I2          .1 .5.01          .1 .1 .1       .5.01 .5   .01 
0I3 
0I4   .01.01 .5.01            .01                  .01 
0I5 57 
2A1 20                    4  3     2                      40  2 
2A2           1              1                               .5  1        1 
2A3       .5.01 
2A4   .01 .5                                       .01      .01 
2A5 53 
2C1 10                    7  6 10  1    
2C2          .5 .5 .1 .1 .5  3.01   .01        1 
2C3         .01 
2C4   .01 .5 .1 .1            .01                  .01 
2C5 55 
2E1  5                    1  3  5  1          .1 
2E2          .5 .5 .1.01    .1.01 .1.01        1         .01 
2E3 
2E4    .1 .5 .1               .01            .01   .01 
2E5 57 
2G1  2                    4  8  5  2                       5 
2G2           1   .01 .5     3.01   .01        1 .5                      .5.01 
2G3 
2G4    .5  1 .5               .01            .01   .01 
2G5 56 
2I1 10                   10  5  5  3    
2I2          .5 .1          .5.01    .1       .1 .5  1 
2I3 
2I4   .01 .5 .5.01            .01             .1   .01 
2I5 56 
4A1  8                    3  3 .1  1                      35 
4A2          .5   .01       .5                                 .01       .5 
4A3         .01 
4A4   .01 .1 .5.01                                 .01 
4A5 53 
4C1 15  2                 2 10  4  2 
4C2          .5.01.01        3   .01 
4C3 
4C4    .1 .1 .1.01            .01            .01 
4C5 55 
4E1 15                    3  6  4  4                       7 
4E2          .5 .1 .1 .1     5.01    .1       .5       .1 .1                .1 
4E3          .1 
4E4    .1  3 .1               .01                  .01 
4E5 56 
4G1 15                    2  5  4  4                      15 
4G2          .5    .1 .1     4                .5                         .1 
4G3          .5 
4G4    .1  2 .1.01            .01                  .01 
4G5 54 
4I1 20                    2 15  5  5                       2 .5 
4I2          .5    .1 .1     5 .1             .1          .1             .1 
4I3 
4I4    .1 .5 .1                .1             .1    .1 
4I5 56 
6A1 20                   .5  5  3  4 
6A2          .5 .1 .1 .1     1.01             .1 .1 
6A3 
6A4   .01 .5 .1                .1 
6A5 55 
6C1 20                      15  3  5 
6C2           2 .1 .1 .5     3   .01 .1       .5    .5    .1 
6C3 
6C4    .1  1 .1                .1             .1   .01 
6C5 55 
6E1 15                    2  7  5  5 
6E2           2 .1 .1 .1     4.01    .1       .1    .1 .5 .1                .1 
6E3                                  .1 
6E4    .1  2 .1                .1                  .01 
6E5 55 
6G1 15       .1          .1  3  5  4                   .5 
6G2          .5    .1 .1.01 10.01                  .01    .1 
6G3          .1 
6G4    .5  1 .1 .1             .1         .01      .01 
6G5 56 
6I1  7                   .5  7  8 10 
6I2           1 .5 .5 .1    .5 .1    .1        1     2   .01 
6I3 
6I4    .5 .5 .1                .1             .1    .1 
6I5 56 
8A1  3                       5  5  5 
8A2          .5 .5 .1 .5    .1.01    .1       .5 .1 .1    .5 
8A3          .1 
8A4    .1 .5 .1                .1             .1   .01 
8A5 56 
8C1  4       .1              5 15  4                               .5 
8C2          .5 .5 .1 .5.01       .1          .1 .1 .5    .1 
8C3 
8C4    .5 .1                   .1            .01   .01 
8C5 56 
8E1 30       .1          .5 30  2  4 
8E2           2 .1 .1 .5    .5    .1          .5 .1 
8E3 
8E4    .1    .5                .1             .1   .01 
8E5 54 
8G1  7                   .1 15 12  3 
8G2           1 .5 .1 .1 .5    .1 .1 .1       .1 .1       .1 
8G3                            .1 
8G4    .5    .5                .1                  .01 
8G5 56 
8I1  3       .1          .5 15 10  3 
8I2          .5 .5 .5 .1      .01 .1 .1          .1 .5    .1 
8I3 
8I4    .1    .5                .1                   .1 
8I5 57 
0A1 10                    3  4  1 
0A2                                                  3 
0A3 
0A4 
0A5 57 
0C1 13                   .1 12  4 
0C2 
0C3 
0C4 
0C5 56 
0E1  5                    4 20  4    .1 
0E2                      .5                          3 .1 
0E3 
0E4   .01 
0E5 57 
0G1  6                    4 13  3    .1 
0G2          .5.01        1   .01       .1             .5.01 
0G3 
0G4   .01 
0G5 56 
0I1 12                    4 15 10    .1 
0I2          .1          .5      .01    .5          .5    .5 
0I3 
0I4   .01 
0I5 55 
2A1  8                    4  8  3 
2A2                                                  2 
2A3 
2A4 
2A5 56 
2C1  4                    7 12  3 
2C2          .1          .1 
2C3 
2C4   .01 
2C5 56 
2E1 15                   .5  5 
2E2                      .1      .01 
2E3 
2E4 
2E5 56 
2G1  9          .1        2  8  2    .1 
2G2                       1 
2G3 
2G4   .01 
2G5 56 
2I1 17                    2 .5  1 
2I2                           .01 
2I3 
2I4 
2I5 55 
4A1 17                   .1 10  1 
4A2 
4A3 
4A4 
4A5 56 
4C1 20                    1 15  2 
4C2                      .5                         .5 .1 
4C3 
4C4 
4C5 56 
4E1 .5                    7  4  5 
4E2                       2       .1                  .01 
4E3 
4E4   .01 
4E5 56 
4G1  3                    3  2  4 
4G2         .01         .01 
4G3 
4G4                  .01 
4G5 56 
4I1  7                   15  4  1 
4I2          .1                        .01 
4I3 
4I4   .01 
4I5 56 
6A1  8                    5  2 12 
6A2                      .1 
6A3 
6A4 
6A5 56 
6C1 20                    1  7 .5 
6C2                     .01 
6C3 
6C4            .01 
6C5 56 
6E1 20                   .1  7  4 
6E2                      .5   .01      .01 
6E3 
6E4   .01 
6E5 56 
6G1  2                   10  4  2   .01 
6G2          .5          .1   .01       .1       .1.01 
6G3 
6G4    .1      .01 
6G5 56 
6I1 20                    1  1  2 
6I2                      .1                           .01 
6I3 
6I4 
6I5 56 
8A1  8                    5 12 13 
8A2                     .01 
8A3 
8A4 
8A5 56 
8C1 10                    5  4  1 
8C2                                                    .1 
8C3 
8C4            .01 
8C5 56 
8E1  8                   .5  5  3 
8E2                                                 .1 
8E3 
8E4   .01 
8E5 56 
8G1  5                    3  4  1 
8G2                      .1   .01       .1         .01 
8G3 
8G4   .01 
8G5 56 
8I1 .5                   20    12 
8I2           1          .1   .01       .1               .01 
8I3 
8I4    .1 
8I5 58 
0A1.01                  .01       .1 
0A2               .01      .01                  .01                  .01 
0A3                                                    .1 
0A4       .1 
0A5 
0C1.01                  .01        3   .01                 2 
0C2                  .01                         .5                   .1.01 
0C3                                                 .1 .1 
0C4       .1 
0C5 
0E1.01                   .1   .01  1 .5                    1 
0E2                        .01                   .5                   .5.01 
0E3.01                                                .01 
0E4       .1 
0E5 
0G1 .1                   .1            .01 
0G2                   .1    .1.01                .5                   .1 
0G3 .1                                                 .1 
0G4   .01 .5                                           .1 
0G5 
0I1 .1                   .5          .1 
0I2         .01          .1 .5                   .1                      
0I3 .1                                                 .1 
0I4       .1                                           .1 
0I5 
2A1 .1                  .01        1.01                    3 
2A2                                                            .01    .5 
2A3                                                .01  1 
2A4       .5 
2A5 
2C1.01                   .1        2  1 
2C2               .01.01                        .01                   .5 
2C3                                                 .1 .1 
2C4       .5                                           .1 
2C5 
2E1.01                         .1  4                       1 
2E2                  .01   .01 
2E3                                                 .1 .5      .01 
2E4       .1   .01 
2E5 
2G1 .1                   .5   .01 .5 
2G2                  .01   .01.01                .1                   .5 
2G3.01 
2G4   .01 .5                                          .01 
2G5 
2I1.01                   .5   .01      .01 
2I2                         .1                   .1 
2I3 .1                                             .01 .5      .01 
2I4   .01 .5                                          .01 
2I5 
4A1 .5                             1 .5                    2 
4A2                   .1                        .01.01         .01     1 
4A3.01                                              .5  3       .1 
4A4   .01 .5 
4A5 
4C1.01                   .1    .1  2  1.01                 1 
4C2                  .01   .01                  .01 
4C3.01                                              .1 .5      .01 
4C4       .5 
4C5 
4E1.01                   .1        1                       3 
4E2                  .01                                              .5 
4E3                                                   .01 
4E4      .01                                          .01 
4E5 
4G1.01                  .01        1   .01 
4G2                   .1   .01                   .1                    1 
4G3                                                   .01 
4G4   .01 .5                                           .1 
4G5 
4I1.01                   .5       .5   .01 
4I2                  .01   .01                  .01                   .1 
4I3 
4I4   .01 .1                                           .1 
4I5 
6A1 .1                             2 .5 
6A2           1      .01                                              .1 
6A3                                                .01  1 
6A4   .01 
6A5 
6C1.01                  .01        3.01                    2 
6C2                   .1                                              .5 
6C3                                                 .5  2 
6C4       .5 
6C5 
6E1.01                   .1        3                       2 
6E2                        .01                                        .5 
6E3                                                .01  1       .5 
6E4       .1 
6E5 
6G1.01                   .5                                4 
6G2                                                                   .1 
6G3                                                    .5       .1 
6G4                                                   .01 
6G5 
6I1 .1                   .1    .1 .5   .01 
6I2                  .01   .01                   .1                  .01 
6I3                                                 .1 .5      .01 
6I4   .01 .1   .01 
6I5 
8A1 .5                   .1        2                       3 
8A2                   .1    .1                   .1             .5    .1 
8A3                                                 .1  1       .1 
8A4       .1 
8A5 
8C1 .1                             3  1                    2 
8C2                   .1    .1                   .1                   .1 
8C3                                                 .1 .5 
8C4       .1                                           .1 
8C5 
8E1 .1                   .5        2  1                   .5 
8E2                     .01.01                  .01                   .1 
8E3                                                     1       .1 
8E4   .01.01                                           .1 
8E5 
8G1 .1                    2    .1      .01 
8G2                  .01    .1                   .1                  .01 
8G3                                                    .5       .1 
8G4   .01 .1   .01                                     .1 
8G5 
8I1 .1                   .5   .01 .5.01 
8I2                         .1                   .1                   .1 
8I3.01                                                 .1      .01 
8I4   .01                                             .01 
8I5 
0A1 10                    4 10 
0A2         .01           1 
0A3 
0A4   .01 
0A5 57 
0C1  5                    3  5 
0C2          .1           1  2 
0C3 
0C4   .01 
0C5 56 
0E1 18                   10 10         .01 
0E2         .01   .01     1  1                         .1 
0E3 
0E4   .01 
0E5 56 
0G1  7                    6  4 
0G2          .1          .5  3                         .1 
0G3 
0G4   .01 
0G5 56 
0I1 10                    4  3 
0I2          .5          .5                         .5 
0I3 
0I4   .01 
0I5 57 
2A1 15                   .5  6       
2A2          .5   .01    .5  1.01 
2A3 
2A4    .1 
2A5 56 
2C1 25                   .5  1       
2C2           1   .01          
2C3 
2C4    .5         .01 
2C5 56 
2E1 12                    4 12 
2E2         .01    .1    .5 
2E3 
2E4    .1 
2E5 57 
2G1  9                    5  3 
2G2         .01          .5 
2G3 
2G4   .01 
2G5 57 
2I1 20                    4  2 
2I2         .01           1                          1 
2I3 
2I4   .01 
2I5 57 
4A1 12                    2 15 
4A2         .01          .5  2 
4A3 
4A4   .01 
4A5 57 
4C1 20                    1  2 
4C2         .01      .01  1 .1 
4C3 
4C4   .01 
4C5 57 
4E1 15                   20 35 
4E2                       3 .1 
4E3 
4E4 
4E5 56 
4G1 15                   15 15       
4G2                       2  1                         .1 
4G3 
4G4    .1 
4G5 56 
4I1 20                   15 20 
4I2          .5          .5 .5                         .1 
4I3 
4I4   .01 
4I5 56 
6A1 25                   .5  5 
6A2          .1         .01                            .1 
6A3 
6A4 
6A5 56 
6C1 10                    5 20 
6C2          .1          .5                            .1 
6C3 
6C4    .1 
6C5 56 
6E1 20                    3 20 
6E2          .1   .01     1 .5                      .5 
6E3 
6E4    .1 
6E5 56 
6G1 20                    4 25 
6G2          .1          .1  1                         .1 
6G3 
6G4    .1                           .01 
6G5 56 
6I1 10                    8 15       
6I2          .1          .5 
6I3 
6I4    .1 
6I5 56 
8A1 20                      .1 
8A2                     .01                            .1 
8A3 
8A4 
8A5 56 
8C1  7                    1  4       
8C2          .1          .1 .5                       2 .5 
8C3 
8C4    .1 
8C5 56 
8E1 20                    4 20 
8E2          .5          .1  3 
8E3 
8E4    .1 
8E5 56 
8G1  4                    7 25 
8G2          .5          .1  3.01 
8G3 
8G4   .01 
8G5 56 
8I1 15                   10 20 
8I2          .5          .5 
8I3 
8I4    .1 
8I5 57 
0A1  5                    7 15 10       .1 
0A2          .1          .1  4 .1                .1  2   .01    .1        2 
0A3 
0A4    .5       .1 .5                                       .01 
0A5 60 
0C1  6                    3  3 20       .5 
0C2          .5                             1       .1                    1 
0C3 
0C4    .1      .01.01 
0C5 61 
0E1  6                    4  7 20       .1 
0E2           1          .1  4.01           1    .5  2                    1 
0E3 
0E4    .5 
0E5 61 
0G1  4                    6 10 17 
0G2           2              3 .1                    1                    5 
0G3 
0G4    .5 .5 
0G5 57 
0I1 .5                    2 12 15        1 
0I2           1           1  2                   .5  2 .1                 3 
0I3 
0I4    .1 .1 
0I5 57 
2A1  4                    7  6 12 
2A2          .5              2.01           2    .1 .1 .1                .1 
2A3 
2A4    .1       .1                                           .5 
2A5 59 
2C1 11                    4  3 20       .5 
2C2                      .5  2.01           1    .1  1 .1                 1 
2C3 
2C4    .1 .5 
2C5 61 
2E1  9                    8  5 15        1 
2E2           3           1  2              1   .01  1                    2 
2E3 
2E4    .5 
2E5 61 
2G1  4                   15    12                             1 
2G2           2          .5  3              1    .1                       3 
2G3 
2G4    .5 .5 
2G5 61 
2I1 15                    7  4 10       .5 
2I2          .5              3             .5   .01 .1                   .5 
2I3 
2I4    .1 
2I5 61 
4A1 11                    2  3  6       .5 
4A2          .5              1                  .01 .5 .1                .5 
4A3 
4A4    .5 .1 
4A5 61 
4C1 12                    4  2  7      .01 
4C2           1              2              1   .01    .1                .5 
4C3 
4C4    .1 .1      .01 
4C5 61 
4E1.01                    5  2 25       .1 
4E2           2          .5  2.01           2    .1  1 .5                 3 
4E3 
4E4    .5 .5 
4E5 60 
4G1  1                    8  7 20 
4G2           1          .1  2              2    .1  1 .1                .5 
4G3 
4G4    .1 
4G5 60 
4I1  3                    4  5 20       .1 
4I2           1          .1  1.01           1    .1 .1 .1                .5 
4I3 
4I4   .01 
4I5 60 
6A1 15                    2  3 15 
6A2          .5          .1 .5.01   .01    .1        1.01                .5 
6A3 
6A4    .5 .1 
6A5 58 
6C1 12                    3  3 25 .1    .5 
6C2           1          .1  3 .1          .5        1                   .5 
6C3 
6C4    .1 .1 
6C5 59 
6E1 10                    3  4 20       .5
6E2           2          .1 .5              2    .1                       1 
6E3 
6E4    .5 .1 
6E5 58 
6G1 15                    2  3 30       .1 
6G2           2          .1  2             .5    .1 .5 .1                .5 
6G3 
6G4    .1 .1 
6G5 59 
6I1  5                    1  2 20       .1 
6I2          .5          .1 .5              1       .1                   .1 
6I3 
6I4   .01.01 
6I5 60 
8A1 20                    5 10 20          
8A2          .1          .1  4.01           1        1 .1                 3 
8A3 
8A4   .01.01 
8A5 56 
8C1 15                    3  3 25 .1    .5 
8C2          .1          .1  2.01           1    .1 .5                   .5 
8C3 
8C4    .1 .1 
8C5 58 
8E1  1                   .5  1 20       .1 
8E2           1         .01  4.01           2    .1 .5                    1 
8E3 
8E4    .1 .1 
8E5 57 
8G1 15                    2  3 25       .1 
8G2           1          .1  2.01   .01     1       .5   .01             .5 
8G3 
8G4    .1 .1 
8G5 56 
8I1 .5                    3  2 15       .1 
8I2           1          .5  3.01           2    .1 .5 .1                .5 
8I3 
8I4   .01.01   .01.01 
8I5 58 
0A1 20    .5              1     6  2                    2     2              1 
0A2                       1 10                .5 .1                      10 
0A3          .1   .01    .5                                          .01 
0A4    .1 .5                                                .01             .1 
0A5 57   .01 
0C1 15     5              1 .5  4  3                   .5     5              7 
0C2        2                 6    .1           1.01       .1              3.01 
0C3      .01       .5 .5  1.01 .1                                    .01 .5 
0C4   .01  2.01                                             .01             .1 
0C5 56 
0E1 20 .5  2             .5     3  2                    2     1              3 
0E2       .5             .1 10   .01          .1 .1                       4 
0E3      .01       .1    .5.01 .1                                    .01 
0E4  1    .5 .5    .1                                       .01 .1           1 
0E5 58
0G1 20 .5 .5              2     1  3                   .5    20 
0G2                      .5  3               .01 .1                       2 
0G3             .1 
0G4       .5                                                                .5 
0G5 56 
0I1  7  2                 3        2                    2    30             .5 
0I2                      .1  3                   .1                       4 
0I3             .5 
0I4                                                                         .1 
0I5 57 
2A1 15     6              6     1  2                    2    25             .5 
2A2                      .1 .5                                            3 
2A3 
2A4                                 .01                     .01            .01 
2A5 57 
2C1 20  1                 3 .5  1  3                   .5    10 
2C2         .01          .1  1                .1                          5 
2C3            .01 
2C4      .01                                                 .1            .01 
2C5 58 
2E1 15     3              1  5  5  3                    2    12              1 
2E2         .01          .5  3   .01                   .1                 5 
2E3          .1 
2E4        1                                                    .1          .5 
2E5 58 
2G1  3     3              3     2  4                   .1    20              1 
2G2                      .1  2                   .5                       3 
2G3             .5 
2G4        1 
2G5 57 
2I1 10  2                 2     4  3                    1    25              1 
2I2                      .1  2                   .5                       2 
2I3                     .01 
2I4       .1                                                .01 
2I5 57 
4A1  8     4              4     2  2                    1     6              1 
4A2                          6               .01                          4 
4A3             .5       .1 
4A4    .1 .5 .1                      .1                     .01             .1 
4A5 60 
4C1 12     4              3 10  2  2                    2    15 
4C2                         .5                                            2 
4C3 
4C4   .01 .1                         .1                     .01            .01 
4C5 57 
4E1 15                    4  4     7                    2    30 
4E2          .5          .1  4                   .1    .1                 5 
4E3          .5 
4E4       .1                         .1                                     .1
4E5 
4G1 35     4              8  4     4                         30 
4G2          .1         .01  3                   .5                      10 
4G3 
4G4                                  .1                                     .1
4G5 
4I1  8     3              3        5                    2    25              3 
4I2                      .1  3                   .5                       8 
4I3 
4I4                                  .1                                     .1
4I5 
6A1 15     5              4  1     5                   .5    15 
6A2                      .1  7                .1 .5                      10 
6A3                      .1 
6A4       .5                         .1                      .1             .1
6A5 
6C1 25     5              3  2     5                    1    25              3 
6C2                      .1  4                   .1                       8 
6C3             .1 
6C4    .1 .5                                                 .1             .1
6C5 
6E1  7     5              4  1     7                    2    20              7 
6E2       .5             .1  3                .1 .1                      10 
6E3                      .1 
6E4       .5                                                                .1
6E5 
6G1 15     1              3  2 .1  4                         20 
6G2       .1            .01  3                   .1    .1                 7 
6G3             .1 
6G4   .01 .1                                                                .1
6G5 
6I1 10     2              2  1     6    .5              1    25              4 
6I2                      .1  7                   .1                      20 
6I3                      .1 
6I4   .01 .1                         .1                                     .5
6I5 
8A1 15                    4  2  2  5                         20              2 
8A2       .1             .1  2   .01          .1 .5                       7 
8A3             .1      .01 
8A4       .1                                                 .1            .01
8A5 
8C1 10    .5 .1           1    .1  3                    1    40              2 
8C2       .5             .1  5                   .1    .1                10 .1 
8C3 
8C4       .1                                     .1         .01 
8C5 
8E1 25                    2  5     3                         25              1 
8E2                      .5  4                                            7 
8E3 
8E4       .1                                                 .1             .5
8E5 
8G1 15    .5              3  3     4                    2     8 
8G2                      .1  4                .5 .1          .5           3 
8G3             .1 
8G4       .5                         .1                     .01             .1
8G5 
8I1 10                    1  1     5                    1    20 
8I2                      .1  4                .1 .5                       5 
8I3             .1 
8I4   .01 .5                         .1                                     .1
8I5 
0A1 13                    3 .5     1                    1     4              7 
0A2    .5                 2  6                .1.01      .01 .1 .5       10 
0A3    .5       .5             .1 
0A4    .1  1                         .5 
0A5 60 
0C1  7  1    .1          10  3     4                   .5 
0C2    .5                .5  3                   .1              1        7 
0C3              1    .1 
0C4        1                          1                 1 
0C5 57 
0E1 17     3.01           3  3     2                    1     1                
0E2                      .5  3                .1 .5    .5.01              3 
0E3             .5         .01 
0E4       .5                                                             .5 
0E5 60 
0G1  8    .5              8  8  1  4                    1                   .5
0G2     1                .5  3               .01 .1       .1    .5       10 
0G3              1   .01 
0G4        2 
0G5 57 
0I1 17                    3  6     2                    2    .5 
0I2     3                .1  2                   .1      .01              6 
0I3    .1    .1 .1 
0I4        2 
0I5 59 
2A1 18      .01           3 .5     1 
2A2                      .1  3                .5.01       .1             10 
2A3         .01  1      .01 
2A4        2                         .5 
2A5 59 
2C1 15    .5              3  5     2                    3     3             .5 
2C2                      .5  4                            .1              5 
2C3             .5 
2C4        4 
2C5 58 
2E1 20  1 .5              2  2  1                 2                          5 
2E2    .5                    6                .5          .1 .1  2       12 
2E3    .5        1 .1 .5   .01                                             .01 
2E4        6                         .5                 1 
2E5 61 
2G1  4     4 .1           5  6  3  3              2     2                    8 
2G2                      .5  2                 1.01          .1 .5       10 
2G3    .1.01     1 .1  2  1                                          .01 
2G4    .5  3 
2G5 60 
2I1 15     5 .1           3  3     1                    2     4 
2I2                          2                .5.01             .5        6 
2I3    .5       .5 
2I4        4 
2I5 57 
4A1  4  1  3 .5           2 .5     2                    2     2 
4A2    .5               .01  4                .1         .01    .5        7 
4A3                      .1.01 .5 
4A4        3                                              .5 
4A5 57
4C1 10  1                 4  3     3                    2     3             .5 
4C2    .5                    4                .1          .1 .5 .1        4 
4C3         .01  2       .1 
4C4        4 
4C5 61 
4E1 15                    3 15     4                   .5                   10 
4E2    .1                    6                .5 .1       .1 .1  2       10 
4E3    .5    .1 .5 .1 .5 
4E4        4                         .1                   .5 
4E5             .1 
4G1 20     2             .5  5                          1     2 
4G2    .1                .1  5                .1                .1        7 
4G3             .5    .5 .1 .1 
4G4        4 
4G5          .1 
4I1 30     1              4 .5 .5                             2 .1 
4I2                         10                .1 .1       .1    .1       10 
4I3     1    .1 .5 
4I4        7                                            2 .1 
4I5 
6A1 20    .1 .5          .5  4 .5  2             .5    .1                   .1 
6A2                      .1 10                .5 .1    .1 .1 .5 .1       10 
6A3             .5       .5    .1 
6A4        7                                            1  5 
6A5 
6C1 15    .5              3 10     2                   .1     1 
6C2    .1                .1  5                   .5       .1             10 
6C3    .5        1 .1 
6C4        3                         .1                    2 
6C5 
6E1  2       .5 .1        5  7     3                   .5    10 
6E2    .5                .1  3                 1 .5       .5             15.01 
6E3    .5        2     1 .5 .5 .5 
6E4        7 
6E5 
6G1 16      .01           2 .5                          1    .5 
6G2    .5                 1  4                .1          .1              8 
6G3             .1       .1 
6G4        4 
6G5 
6I1 15     1 .1       .1 .5 .5  2  2                   .1     5              1 
6I2    .1                .1  7    .1          .5 .1       .1 .1           5 
6I3    .1       .1 
6I4        4                                           .5             .1 
6I5 
8A1 10       .5           3  2 .1  1                   .1     2 
8A2                      .1  3                .1 .1      .01             10 
8A3             .5       .1 
8A4        6                                               5 
8A5 
8C1 10     3 .5           1 10     1                   .5     3 
8C2                      .1  3                .5 .1       .1             25.01 
8C3     1 .1     4       .1 
8C4       15                                              .5                .1 
8C5 
8E1 12    .1              4 10  1  4                          2 
8E2                      .1  7                .1          .1              5 
8E3     1    .1  1 
8E4       15                                           .5 
8E5 
8G1 15     1 .5           2  2     2                         .5 
8G2                      .1  5                .1 .1    .1    .1           8 
8G3    .5 
8G4        1.01                                        .1 .1   .01 
8G5 
8I1 30     8 .1           1    .5  1                   .1 
8I2    .1                    3    .1          .1.01       .1              5 
8I3                     .01 
8I4       .5                         .1                        .01   .01   .01 
8I5 
