 1B  0  0  0  0  0  0  0  1  0  0 .1  0.01  0  0 .1.01  0  0.01  0  0.01 15  1 
 1B  0  0  0  0  0  0  0  0  0  0  1  0  0  0  0 
 1D  0  0  0  0  0  0  0  0  0  0  0  0  0  0.01  0  0  0  0  0  0  0  0 15  0 
 1D .1  0  0  0  0  0 .1  0  0  0  0.01.01  0  0 
 1F  0  0  0  0  0  0  0  0  0  0.01  0.01  0  0  0  0  0  0  0  0  0  0  7.01 
 1F  0  0  0  0  0  0  0  0  0  0  0  0  0  0  0 
 1H  0  0  0  0  0  1  0  0  0  0  0  0.01  0  0  0  0  0  0  0  0  0  0  5  1 
 1H  0  0  0  0  0  0  0  0  0  0  0  0  0  0  0 
 1J  0  0  1  0  0  5  0  0  0  0  0  0.01  0  0.01  0  0  0  0  0.01 .1 25  0 
 1J  0  0  0  0  0  0  0  0  0  0  0  0.01  0  0 
 3J  0  0  0  0  0  0  0  0  0  0  0  0  0  0  0  0 .1.01  0  0  0  0 .1 35 .1 
 3J  0  0  0  0  0  0  0  0  0  0  0  0  0  0  0 
 3H  0  0 .1  0  0  1  0  0  0  0 .1  0  0  0  0  0  0  0  0  0  0  0  0 90 .1 
 3H  0  0  1  0  0  0  0  0  0  0  0  0  0  0  0 
 3F  0  0  1  0  0  1  0  0  0  0  0  0  0  0  0  0  0  0.01  0  0  0  0 25 .1 
 3F  0  0  0  0  0  0  0  0 30  0  0  0 .1  0  0 
 3D  0  0  1  0  0  2  0  0  0 .1.01  0.01  0  0.01  0  0  0  0  0  0.01 25 .1 
 3D  0.01  0  0  0  0  0  0  2  0  0  0.01.01  0 
 3B  0  0  0  0  0  0  0.01  0  0  0  0  0  0  0  0.01  0  0  0.01  0  0 85 .1 
 3B  0  0  0  0  0  0  0  0  1  0  0  1  0  0  0 
 5B  0  0  0  0  0  0.01  5  0  0  0  0.01  0 .1  1 .1  0  0 .1  0.01  0  4  0 
 5B .1.01.01  0  0  0  0  0  0  0  0  0 .1  0  0 
 5D  0  3  0  0  0  0 .1.01  0  0 .1  0  0  0  0.01 .1  0  0.01  0  0 .1 55.01 
 5D  0  0  0  0  0  0  0  0  3  0 .1  0  0  0  0 
 5F  0  0  0  0  0 .1.01  0  0  0  0  0.01  0  0  1  0  0  0.01  0  0  1 30 .1 
 5F  0  0  0  0  0  0  0  1 10  0  0  0  0  0  0 
 5H  0  0  0  0  0  0  3  0  0  0  0  0  0  0  0  0  5  0  0  0  0  1 .1 10.01 
 5H  0  0  0  0  0.01  0  0  0  0  0  0 .1  0  0 
 5J  0  0  0  0  0  0  0  0  0  0  0  0 .1  0  0.01.01.01  0.01  0  0  0  1  0 
 5J  0  0  0  0  0  0  0  0  0  0  0  0  0  0  0 
 7J  0  0  0  0  0  0  0  0  0  0  0  0  0  0  0  0  0  0  0  0  0  0 .1 25 .1 
 7J  0  0  0  0  0  0  0 .1  0  0  0  0  0  0  0 
 7H  0  0  0  0  0  0  0  0  0  0 .1  0  0  0  0  0  0  0  0.01  0.01  0 85 .1 
 7H .1  0  0  0  0  0  0  0  0  0  0  0  0  0  0 
 7F  0  0  0  0  0  0  0  0  0  0  1  0.01  0  0 .1 .1  0  0  0  0  0  0 55  2 
 7F  0  0  0  0  0  0  0  0  0  0  0  0 .1  0  0 
 7D  0  0  0  0  0  0  0  0  0  0 .1  0.01  0  0  0  0  0  0  0  0  0  0 40 .1 
 7D  0  0  0  0  0  0  0  0  0  0  0  0  0  0  0 
 7B  0  0  0  0  0  0  0  0  0  0  0  0  0  0  0.01  0  0  0 .1  0  0.01 90 .1 
 7B.01  0  1  0  0  0  0  0  0  0  0  0  0  0  0 
 9B  0  0  0  0  0  0  0.01  0  0  0  0  0  0  0  0  0  0  0  0  0  0.01 30  1 
 9B.01  0  0  0  0  0  0  0  0  0  0  0  0  0  0 
 9D  0  0  0  0  0  0  0  0  0  0  0  0  0  0  0.01  0  0  0  0  0  0  0  5 .1 
 9D  0  0  0  0  0  0  0  0  0  0  0  0  0  0  0 
 9F  0  0  0  0  0  0  0  2  0  0  0  0  0  0  0.01  0  0  0  0  0  0  0 95.01 
 9F  1.01.01  0  0  0  0  0  0  0  0  0  0  0  0 
 9H  0  0  0  0  0.01  0  0  0  0  0  0 .1  0  0.01  0  0  0  0  0  0.01  5.01 
 9H  0  0  0  0  0  0  0  0  0  0  0  0  0  0  0 
 9J  0  0  0.01  0.01.01  0  0.01  0  0.01  0  0.01  0  0  0  0  0  0.01 70  1 
 9J  0  0  0  0  0  0  0  0  0  0  0  0.01  0  0 
 1B  0  0  0  0  0  0  0  1  0  0 .1  0.01  0  0 .1 .1  0  0  0  0  0.01 20  1 
 1B.01  0  0  0  0  0  0  0  0  0  1  0  0  0  0 
 1D  0  0  0  0  0  0  0  0  0  0  0  0  0  0.01  0  0  0  0  0  0.01  0  7  0 
 1D  1  0  0  0  0  0  1  0  0  0  0.01  0  0  0 
 1F  0  0  0  0  0  0  0  0  0  0 .1  0.01  0  0  0  0  0  0  0  0  0  0  5  0 
 1F.01  0  0  0  0  0  0  0  0  0  0  0  0  0  0 
 1H  0  0  0  0  0  2  0  0  0  0  0  0  0  0  0  0  0  0  0  0  0  0  0  4 .1 
 1H  0  0  0  0  0  0  0  0  0  0  0  0  0  0  0 
 1J  0  0  1  0  0  7  0  0  0  0  0  0.01  0.01  0  0  0  0  0  0 .1 .1 20  0 
 1J  0  0  0  0  0  0  0  0  0  0  0  0.01  0  0 
 3J  0  0  0  0  0 .1  0  0  0  0  0  0  0  0  0  0  0  0  0  0  0  1 .1 40 .1 
 3J  0  0  0  0  0  0  0  0  0  0  0  0 .1  0  0 
 3H  0  0 .1 .1  0 .1  0  0  0  0  0  0 .1  0  0  0  0  0  0  0  0  0  0 90  1 
 3H  0  0  1  0  0  0  0  0  0  0  0  0  0  0  0 
 3F  0  0 .1  0  0 .1  0  0  0  0  1  0  0  0  0  0  0  0  0  0  0  0  0 15 .1 
 3F  0  0  0  0  0  0  0  0 15  0  0  0  0  0  0 
 3D  0  0  0  0  0  1  0  0 .1.01  0  0.01  0  0  0  0  0  0  0  0  0  0 30 .1 
 3D  0  0  0  0  0  0  0  0  1  0  0  0.01  0  0 
 3B  0  0.01  0  0  0  0 .1  0  0  0  0  0  0  0  0  0  0  0  0  0  0  0 80 .1 
 3B  0  0 .1  0  0  0  0  0  0  0  0  1  0  0  0 
 5B  0  0  0  0  0  0  0  3  0  0  0  0 .1  0  0 .1 .1  0  0  1  0 .1 .1  7 .1 
 5B  0.01  0  0  0  0  0  0  0  0  0  0  1  0  0 
 5D  0  2  0  0  0  0  0  0  0  0 .1  0  0  0  0  0.01  0  0  0  0.01 .1 50  0 
 5D  0  0  0  0  0  0  0  0  1  0  1  0  0  0  0 
 5F  0  0  0  0  0  0  0  0  0  0  0  0  0  0  0 .1  0  0  0  0  0  0  1 30.01 
 5F  0  0  0  0  0  0  0 .1 10  0  0  0  0  0  0 
 5H  0  0.01  0  0  0  1  0  0  0  0  0  0  0  0  0  2  0  0 .1  0  1 .1  6  0 
 5H  0  0  0  0  0  0  0  0  0  0  0  0  0  0  0 
 5J  0  0  0  0  0  0  0  0  0  0  0  0 .1.01  0 .1  0  0  0.01.01  0  0  1  0 
 5J  0  0  0  0  0  0 .1  0  0  0  0  0  0  0  0 
 7J  0  0  0  0  0  0  0  0  0  0  0  0  0  0  0  0  0  0.01  0  0  0  0 20 .1 
 7J .1  0  0  0  0  0  0 .1  0  0  0  0  0  0  0 
 7H  0  0  0  0  0  0  0  0  0  0 .1  0  0  0  0 .1  0  0  0 .1  0.01  0 85  0 
 7H .1  0  0  0  0  0  0  0  0  0  0  0  0  0  0 
 7F  0  0  0  0  0  0  0  0  0  0  1  0  0  0  0 .1 .1.01  0  0  0.01  0 65  1 
 7F .1  0  0  0  0  0  0  0  0  0  0  0  0  0  0 
 7D  0  0  0  0  0  0  0  0  0  0 .1  0.01  0  0  0  0  0  0  0  0  0  0 60  0 
 7D .1  0  0  0  0  0  0  0  0  0  0  0  0  0  0 
 7B  0  0  0  0  0  0  0  0  0  0 .1  0  0  0  0.01 .1  0  0  0  0  0  0 85 .1 
 7B .1  0  1  0  0.01  0  0  0  0  0  0  0  0  0 
 9B  0  0  0  0  0  0  0  0  0  0  0  0  0  0  0  0  0  0  0  0  0  0.01 60  1 
 9B  0  0  0  0  0.01  0  0  0  0  0  0  0  0  0 
 9D  0  0  0  0  0  0  0  0  0  0  0  0  0  0  0  0  0  0  0  0  0  0  0  7  0 
 9D.01  0  0  0  0  0  0  0  0  0  0  0  0  0  0 
 9F  0  0  0  0  0  0  0  2  0  0  0  0  0  0  0 .1  0  0  0  0  0  0  0 90  0 
 9F  1  0  0  0  0  0  0  0  0  0  0  0.01  0  0 
 9H  0  0  0  0  0.01  0  0  0  0  0  0 .1  0  0 .1  0.01  0  0  0  0  0  5  0 
 9H  0  0  0  0  0  0  0  0  0  0  0  0  0  0  0 
 9J  0  0  0  0  0  0  0  0  0  0  0  0.01  0  0  0  0  0  0  0  0  0  0 70  1 
 9J .1  0  0  0  0  0  0 .1  0  0  0  0  0  0  0 
 1B  0  0  0  0  0  0  0  1  0  0 .1  0.01  0  0 .1 .1  0  0 .1  0  0 .1 25  1 
 1B  0  0  0  0  0  0  0  0  0  0  1  0  0  0  0 
 1D  0  0  0  0  0  0  0  0  0  0  0  0.01  0  0  0  0  0  0  0  0 .1 .1 10 .1 
 1D  0  0  0  0  0  0  1  0  0  0  0  0  0  0  0 
 1F  0  0  0  0  0  0  0  0  0  0 .1  0.01  0  0  0  0  0  0  0  0  0  0  7 .1 
 1F  0  0  0  0  0  0  0  0  0  0  0  0  0  0  0 
 1H  0  0  0  0  0  1  0  0  0  0  0  0  0  0  0.01  0  0  0  0  0  0  0  6 .1 
 1H  0  0  0  0  0  0  0  0  0  0  0  0  0  0  0 
 1J  0  0 .1  0  0  5  0  0  0  0  0  0  0  0  0.01  0  0  0  0  0 .1 .1 20  0 
 1J  0  0  0  0  0  0  0  0  0  0  0  0 .1  0  0 
 3J  0  0  0  0  0 .1  0  0  0  0  0  0  0  0  0.01  0.01  0  0  0  1 .1 40 .1 
 3J  0  0  0  0  0  0  0  0  0  0  0  0  0  0  0 
 3H  0  0 .1 .1  0  0  0  0  0  0.01  0.01  0  0  0  0  0  0  0  0  0  0 85  1 
 3H  0  0  2  0  0  0  0  0  0  0  0  0  0  0  0 
 3F  0  0 .1.01  0.01  0  0  0  0  0  0.01  0  0  0  0  0  0  0  0  0.01 25 .1 
 3F  0  0  0  0  0  0  0  0 20  0  0  0.01  0  0 
 3D .1  0  1  0  0  5  0  0  0 .1  0  0  0  0  0.01  0  0  0  0  0.01 .1 35  1 
 3D .1  0  0  0  0  0  0  0  2  0  0  0.01  0  0 
 3B  0  0  0  0  0.01  0.01  0  0  0  0  0  0  0.01  0  0  0  0  0  0  0 75 .1 
 3B  0  0  0  0  0  0  0  0 .1  0  0  1  0  0  0 
 5B  0  0  0  0  0  0 .1  4  0  0  0  0 .1  0  1  1 .1  0  0  1  0  0  1  6  0 
 5B .1  0  0  0  0  0  0  0  0  0  0  0 .1  0  0 
 5D  0  5  0  0  0  0 .1.01  0  0 .1  0  0  0  0.01 .1  0  0.01  0  0  0 50 .1 
 5D .1  0  0  0  0  0  0  0  2  0  1  0  0  0  0 
 5F  0  0  0  0  0 .1  0  0  0  0  0  0  0  0  0 .1  0  0  0  0  0  0 .1 35 .1 
 5F  0  0  0  0  0  0  0 .1  8  0  2  0  0  0  0 
 5H  0  0  0  0  0  0  1  0  0  0  0  0  0  0 .1 .1  3  0  0  1  0  2  0  8 .1 
 5H.01  0  0  0  0.01  0  0  0  0  0  0 .1  0  0 
 5J  0  0  0  0  0  0  0  0  0  0  0  0 .1  0  0 .1.01  0  0.01  0  0  0  1  0 
 5J.01  0  0  0  0  0  0  0  0  0  0  0 .1  0  0 
 7J  0  0  0  0  0  0  0  0  0  0  0  0  0  0  0  0  0  0  0  0  0  0  0 30 .1 
 7J.01  0  0  0  0  0  0  1  0  0  0  0  0  0  0 
 7H  0  0  0  0  0  0  0  0  0  0 .1  0  0  0  0  0  0  0  0.01  0.01  0 90  1 
 7H  0  0  0  0  0  0  0  0  0  0  0  0  0  0  0 
 7F  0  0.01  0  0  0  0  0  0  0  1  0  0  0  0  1 .1  0  0  0  0  0 .1 45  1 
 7F .1  0  0  0  0  0  0  0  0  0  0  0  0  0  0 
 7D  0  0  0  0  0  0  0  0  0  0 .1  0  0  0  0  0  0  0  0  0  0  0.01 40 .1 
 7D  0  0  0  0  0  0  0  0  0  0  0  0  0  0  0 
 7B  0  0  0  0  0  0  0  0  0  0 .1  0  0  0  0  0  1  0  0.01  0  0.01 85 .1 
 7B .1  0  1  0  0.01  0  0  0  0  0  0 .1  0  0 
 9B  0  0  0  0  0  0.01  0  0  0  0  0  0  0  0  0  0  0  0  0  0  0.01 75  2 
 9B  0  0  0  0  0  0  0  0  0  0  0  0  0  0  0 
 9D  0  0  0  0  0  0  0  0  0  0  0  0  0  0.01.01  0  0  0  0  0  0  0  7 .1 
 9D.01  0  0  0  0  0  0  0  0  0  0  0  0  0  0 
 9F  0  0  0  0  0  0  0  2  0  0  0  0  0  0  0  0  0  0  0  0  0  0 .1 90 .1 
 9F  1 .1  0  0  0  0  0  0  0  0  0  0 .1  0  0 
 9H  0  0  0  0  0.01  0  0  0  0  0  0 .1  0  0 .1  0  0  0  0  0  0  0  5 .1 
 9H.01  0  0  0  0  0  0  0  0  0  0  0.01  0  0 
 9J  0  0  0.01  0  0.01  0  0.01  0  0  0  0  0.01  0  0  0  0  0  0  0 75  2 
 9J  0  0  0  0  0  0  0  0  0  0.01  0  0  0  0 
 1B  0  0  0  0  0  0  0  1  0  0 .1  0  0  0  0 .1.01  0  0.01  0  0  0 25 .1 
 1B  0  0  0  0  0  0  0  0  0  0.01  0  0  0  0 
 1D  0  0  0  0  0  0  0  0.01  0  0  0  0  0  0.01  0  0  0  0  0  0  0  5.01 
 1D .1  0  0  0  0  0  0  0  0  0  0  0  0  0  0 
 1F  0  0  0  0  0  0  0  0  0  0 .1  0.01  0  0  0  0  0  0  0  0  0  0  8 .1 
 1F  0  0  0  0  0  0  0  0  0  0  0  0  0  0  0 
 1H  0  0  0  0  0  1  0  0  0  0  0  0  0  0  0  0  0  0  0  0  0  0.01  5 .1 
 1H  0  0  0  0  0  0  0  0  0  0  0  0  0  0  0 
 1J  0  0.01  0  0 10  0  0  0  0  0  0.01  0.01.01  0  0  0  0  0  0.01 20 .1 
 1J  0  0  0  0  0  0  0  0  0  0  0  0  0  0  0 
 3J  0  0  0  0  0 .1  0  0  0  0  0  0  0  0  0  0  0  0  0  0  0 .1 .1 35  1 
 3J  0  0  0  0  0  0  0  0  0  0  0  0  0  0  0 
 3H  0  0  0  0  0 .1  0  0  0  0.01  0 .1  0  0  0  0  0  0  0  0  0  0 85 .1 
 3H  0  0 .1  0  0  0  0  0  0  0  0  0  0  0  0 
 3F  0  0 .1  0  0 .1  0  0  0  0  0  0  0  0  0  0  0  0  0  0  0  0  0 15  1 
 3F  0  0  0  0  0  0  0  0 30  0  0  0  0  0  0 
 3D  0  0 .1  0  0  3  0  0  0 .1.01  0 .1  0.01.01  0  0  0  0  0  0 .1 30  1 
 3D  0  0  0  0  0  0  0  0  2  0  0  0.01  0  0 
 3B  0  0  0  0  0  0  0  0  0  0  0  0.01  0  0  0  0.01  0  0  0  0  0 75.01 
 3B  0  0  0  0  0  0  0  0  1  0  0 .1  0  0  0 
 5B  0  0  0  0  0  0  0  5  0  0 .1  0  0  0 .1 .1  2  0  0 .1  0 .1.01  5  2 
 5B  0  0  0  0  0  0  0  0  0  0  0  0  1  0  0 
 5D  0  3  0  0  0  0 .1  0  0  0 .1  0  0  0  0 .1  0  0  0  0  0  0 .1 40 .1 
 5D  0.01  0  0  0  0  0  0  8  0 .1  0.01  0  0 
 5F  0  0  0  0  0 .1  0  0  0  0  0  0.01  0  0.01  0  0  0.01  0  0 .1 30 .1 
 5F  0  0  0  0  0  0  0  1 15  0  0  0  0  0  0 
 5H  0  0  0  0  0  0  2  0  0  0  0  0  0  0  0  1  5  0  0 .1  0  1  0 10 .1 
 5H  0  0  0  0  0.01  0  0  0  0  0  0 .1  0  0 
 5J  0  0  0  0  0  0  0  0  0  0  0  0.01  0  0.01  0.01  0.01  0  0  0  2.01 
 5J  0  0  0  0  0  0  0  0  0  0  0  0.01  0  0 
 7J  0  0  0  0  0  0  0  0  0  0  0  0  0  0  0  0  0  0  0  0  0  0  0 30  1 
 7J  0  0  0  0  0  0  0  2  0  0  0  0  0  0  0 
 7H  0  0  0  0  0  0  0  0  0  0.01  0.01  0  0  0  0  0  0.01  0.01  0 80  1 
 7H.01  0  0  0  0  0  0  0  0  0  0  0  0  0  0 
 7F  0  0  0  0  0  0  0  0  0  0  2  0  0  0  0 .1 .1  0  0  0  0  0  0 60  2 
 7F  0  0  0  0  0  0  0  0  0  0  0  0.01  0  0 
 7D  0  0  0  0  0  0  0  0  0  0.01  0.01  0  0  0  0  0  0  0  0  0  0 50.01 
 7D  0  0  0  0  0  0  0  0  0  0  0  0  0  0  0 
 7B  0  0  0  0  0  0  0 .1  0  0  0  0  0  0 .1.01  0  0  0 .1  0  0.01 80 .1 
 7B  0  0 .1  0  0.01  0  0  0  0  0  0  0  0  0 
 9B  0  0  0  0  0  0  0  0  0  0.01  0  0  0  0  0  0  0  0  0  0  0.01 80  2 
 9B  0  0  0  0  0  0  0  0  0  0  0  0  0  0  0 
 9D  0  0  0  0  0  0  0  0  0  0  0  0.01  0  0 .1  0  0  0  0  0  0  0  8  0 
 9D  0  0  0  0  0  0  0  0  0  0  0  0  0  0  0 
 9F  0  0  0  0  0  0  0  2  0  0  0  0  0  0  0.01  0  0  0  0  0  0 .1 90.01 
 9F  0.01  0  0  0  0  0  0  0  0  0  0  0  0  0 
 9H  0  0  0  0  0.01  0  0  0  0  0  0 .1  0  0 .1  0  0  0  0  0  0  0  5 .1 
 9H  0  0  0  0  0  0  0  0  0  0  0  0.01  0  0 
 9J  0  0  0  0  0  0  0  0  0  0  0 .1.01  0  0.01  0  0  0  0  0  0  0 75  2 
 9J  0  0  0  0  0  0  0 .1  0  0  0  0  0  0  0 
 1B  0  0  0  0  0  0  0  0  0  0 .1  0.01  0  0.01  0  0  0.01  0  0 .1 15.01 
 1B  0  0  0  0  0  0  0  0  0  0.01  0  0  0  0 
 1D  0  0  0  0  0  0  0  0  0  0  0  0.01  0 .1  0  0  0  0  0  0  0.01 10 .1 
 1D  0  0  0  0  0  0  0  0  0  0  0  0  0  0  0 
 1F  0  0  0  0  0  0  0  0  0  0 .1  0.01  0  0  0  0  0  0  0  0  0  0  6 .1 
 1F  0  0  0  0  0  0  0  0  0  0  0  0  0  0  0 
 1H  0  0  0  0  0  1  0  0  0  0  0  0  0  0  0  0  0  0  0  0  0  0  0  3 .1 
 1H  0  0  0  0  0  0  0  0  0  0  0  0  0  0  0 
 1J  0  0 .1  0  0  7  0  0  0  0.01  0  0  0 .1  0  0  0  0  0  0.01.01 15  0 
 1J  0  0  0  0  0  0  0  0  0  0  0  0.01  0  0 
 3J  0  0  0  0  0  1  0  0  0  0  0  0  0  0  0  0  0  0  0  0  0 .1 .1 35 .1 
 3J  0  0  0  0  0  0  0  0  0  0  0  0.01  0  0 
 3H  0  0 .1 .1  0 .1  0  0  0  0  0  0.01  0  0  0  0  0  0  0  0  0  0 75 .1 
 3H  0  0  1  0  0  0  0  0  0  0  0  0  0  0  0 
 3F  0  0 .1  0  0  1  0  0  0  0.01  0  0  0  0  0  0  0  0  0  0  0  0 15 .1 
 3F  0  0  0  0  0  0  0  0 10  0  0  0  0  0  0 
 3D  0  0 .1  0  0  2  0  0  0 .1  0  0.01  0.01  0  0  0  0  0  0.01.01 20 .1 
 3D  0  0.01  0  0  0  0  0  2  0  0  0.01  0  0 
 3B  0  0  0  0  0  0  0  0  0  0  0  0  0  0  0.01  0  0  0  0  0  0  0 75  0 
 3B  0  0.01  0  0  0  0  0 .1  0  0 .1  0  0  0 
 5B  0  0  0  0  0  0.01 .1  0  0  0  0.01  0 .1  1 .1  0  0 .1  0 .1 .1  5 .1 
 5B  0  0.01  0  0  0  0  0  0  0  0  0 .1  0  0 
 5D  0  5  0  0  0  0 .1  0  0  0 .1  0  0  0  0  0.01  0  0  0  0 .1.01 40.01 
 5D  0  0  0  0  0  0  0  0  1 .1  0  0  0  0  0 
 5F  0  0  0  0  0.01  0  0  0  0  0  0.01  0  0.01.01  0  0  0  0  0.01 30.01 
 5F  0.01  0  0  0  0  0  2  1  0  3  0  0  0  0 
 5H  0  0  0  0  0.01  1  0  0  0  0  0  0  0.01.01  1  0  0  1  0  2  0  8.01 
 5H  0  0  0  0  0.01  0  0  0  0  0  0 .1  0  0 
 5J  0  0  0  0  0  0  0  0  0  0  0  0.01  0  0.01  0  0  0.01  0  0  0.01  0 
 5J  0  0  0  0  0  0  0  0  0  0  0  0  0  0  0 
 7J  0  0  0  0  0  0  0  0  0  0  0  0  0  0  0  0  0  0  0  0  0  0  0 15 .1 
 7J  0  0  0  0  0  0  0  1  0  0  0  0  0  0  0 
 7H  0  0  0  0  0  0  0  0  0  0  0  0  0  0  0.01  0  0  0.01  0.01.01 80.01 
 7H  0  0 .1  0  0  0  0  0  0  0  0  0 .1  0  0 
 7F  0  0  0  0  0  0  0  0  0  0  1  0  0  0  0 .1.01  0  0.01  0.01.01 40 .1 
 7F  0  0  0  0  0  0  0  0  0  0  0  0 .1  0  0 
 7D  0  0  0  0  0  0  0  0  0  0.01  0.01  0  0  0 .1  0  0 .1  0  0  0 60  0 
 7D  0  0  0  0  0  0  0  0  0  0  0  0  0  0  0 
 7B  0  0  0  0  0  0  0  0  0  0 .1  0  0  0  0.01  0  0  0  0  0  0  0 80 .1 
 7B  0  0  1  0  0  0  0  0  0  0  0  0.01  0  0 
 9B  0  0  0  0  0  0  0  0  0  0  0  0  0  0.01  0  0  0  0  0  0  0.01 50  1 
 9B  0  0  0  0  0  0  0  0  0  0  0  0  0  0  0 
 9D  0  0  0  0  0  0  0  0  0  0  0  0.01  0  0.01  0  0  0  0  0  0  0 10.01 
 9D  0  0  0  0  0  0  0  0  0  0  0  0  0  0  0 
 9F  0  0  0  0  0  0  0  0  0  0  0  0  0  0  0  0  0  0  0  0  0  0 .1 85 .1 
 9F .1  0  0  0  0  0  0  0  0  0  0  0.01  0  0 
 9H  0  0  0  0  0.01  0  0  0  0  0  0  1  0  0.01  0  0  0  0  0  0  0  4 .1 
 9H  0  0  0  0  0  0  0  0  0  0  0  0  0  0  0 
 9J  0  0  0 .1  0  0  0  0  0  0  0 .1.01  0  0.01  0  0  0  0  0  0  0 65 .1 
 9J  0  0  0  0  0  0  0 .1  0  0  0  0  0  0  0 
