1B1  0  0  0  0  0  0  0  1  0  0  1  0  0  0  0 .5 .1  0  0 .5  0  0 .5 30  0 
1B2 .5  0  0  0  0  0  0  0  0  0  0  0  0  0 
1D1  0  0  0  0  0  0  0  0  0  0  0  0  0  0  0 .5  0  0  0  0  0  0  0  5  0
1D2  1  0  0  0  1  0  0  0  0  0  0 .5  0  0 
1F1  0  0  0  0  0  0  0  0  0  0 .5  0  0  0  0  0  0  0  0  0  0  0  0  8  0
1F2  0  0  0  0  0  0  0  0  0  0  0  0  0  0 
1H1  0  0  0  0  0 .5  0  0  0  0  0  0  0  0  0  0  0  0  0  0  0  0  0  2  1
1H2  0  0  0  0  0  0  0  0  0  0  0  0  0  0 
1J1  0  0 .5 .1  0  3  0  0  0  0  0  0  0  0 .1 .1  0  0  0  0  0 .5 .5 20  0
1J2 .1  0  0  0  0  0  0  0  0  0  0  0 .5  0 
3J1  0  0  0  0  0  0  0  0  0  0  0  0  0  0  0  0  0  0  0  0  0 .5 .5 35  1
3J2  0  0  0  0  0  0  0  0  0  0  0  0 .1  0 
3H1  0  0 .5  0  0 .5  0  0  0  0 .5  0  0  0  0  0  0  0  0  0  0  0 .1 80 .5
3H2  0  0  1  0  0  0  0  0  0  0  0  0  0  0 
3F1  0  0 .5  0  0 .5  0  0  0 .1  0  0  0  0  0  0  0  0  0  0  0  0 .1 15  2
3F2  0  0  0  0  0  0  0  0 20  0  0  0 .1  0 
3D1  0  0  1  0  0  2  0  0 .1 .5  0  0  0  0  0  0  0  0  0  0  0  0 .5 35  1
3D2  0 .1  0  0  0  0  0  0  1  0  0  0 .5  0 
3B1  0  0  0  0  0  0  0 .1  0  0  0  0  0  0  0 .1  0  0  0  0  0  0  0 75 .5
3B2  0  0  0  0  0  0  0  0  1  0  0 .5  0  0 
5B1  0  0  0  0  0  0 .1  4  0  0  0  0 .5  0  1  0  0  0 .5  1  0  2  1  5 .5
5B2  0 .5  0  0  0  0  0  0  0  0  0  0 .5  0 
5D1  0  2  0  0  0  0 .5  0  0  0 .5  0  0  0  0  0 .5  0  0 .1  0  0  0 40  1
5D2 .5  0  0  0  0  0  0  0  3  0  0  0  0  0 
5F1  0  0  0  0  0 .5  0  0  0  0  0  0  0  0  0 .5  0  0 .1 .1  0  0 .5 35  0
5F2 .5  0  0  0  0  0  0 .5  4  0  0  0 .1  0 
5H1  0  0 .1  0  0 .1 .5 .1  0  0  0  0  0  0  0  0  2  0  0  0  0  2  0  8  1
5H2 .5  0  0  0  0 .1  0  0  0  0  0  0 .5  0 
5J1  0  0  0  0  0  0 .5  0  0  0 .5  0  0  0  0 .5 .1  0  0 .1  0  0  0  2  0
5J2  0  0  0  0  0  0  0  0  0  0  0  0 .1  0 
7J1  0  0  0  0  0  0  0  0  0  0  0  0  0  0  0  0  0  0  0  0  0  0  0 15 .1
7J2 .5  0  0  0  0  0  0  1  0  0  0  0  0  0 
7H1  0  0  0  0  0  0  0  0  0  0 .1  0  0  0  0  0 .1  0  0  0  0 .1 .5 80 .5
7H2 .1  0  0  0  0  0  0  0  0  0  0  0  0  0 
7F1  0  0  0  0  0  0  0  0  0  0  2  0  0  0  0  1 .5 .1 .5  0  0 .5  0 60  1
7F2  0 .1  0  0  0  0  0  0  0  0  0  0  0  0 
7D1  0  0  0  0  0  0  0  0  0  0 .5  0 .1  0  0  0  0  0  0  0  0  0  0 60 .1
7D2  0  0  0  0  0  0  0  0  0  0  0  0 .1  0 
7B1  0  0  0  0  0  0  0  0  0  0 .5  0  0  0  0 .1 .5  0  0  0  0  0 .5 85 .5
7B2  0  0 .5  0  0 .1  0  0  0  0  0  0  0  0 
9B1  0  0  0  0  0  0  0  0  0  0  0  0  0  0  0 .1  0  0  0  0  0  0 .1 80  2
9B2  0 .1  0  0  0  0  0  0  0  0  0  0  0  0 
9D1  0  0  0  0  0  0  0  0  0  0  0  0 .1  0  0 .5  0  0  0  0  0  0  0  8  0
9D2  0  0  0  0  0  0  0  0  0  0  0  0  0  0 
9F1  0  0  0  0  0  0  0 .5  0  0  0  0  0  0  0  0  0  0  0  0  0  0 .5 90  0
9F2 .5  0 .1  0  0  0  0  0  0  0  0  0  0  0 
9H1  0  0  0  0  0 .1  0  0  0  0  0  0 .5  0  0 .5  0  0  0  0  0  0  0  5  1 
9H2  0  0  0  0  0  0  0  0  0  0  0  0 .1  0 
9J1  0  0  0  0  0  0 .1  0  0  0  0 .5 .1  0  0  0  0  0  0  0  0  0  0 75  2
9J2  0  0  0  0  0  0  0 .5  0  0  0  0  0  0 
1B1  0  0  0  0  0  0  0 .5  0  0 .5  0 .1  0  0 .1 .1  0  0  0  0  0  0 10 .5
1B2 .1  0  0  0  0  0  0  0  0  0  0  0  0  0 
1D1  0  0  0  0  0  0  0  0  0  0  0  0  0  0 .1  0  0  0  0  0  0  0  0  5 .1
1D2  0  0  0  0  0  0  0  0  0  0  0  0  0  0 
1F1  0  0  0  0  0  0  0  0  0  0 .5  0  0  0  0  0  0  0  0  0  0  0  0  2 .1
1F2  0  0  0  0  0  0  0  0  0  0  0  0  0  0 
1H1  0  0  0  0  0  1  0  0  0  0  0  0  0  0  0  0  0  0  0  0  0  0  0  3 .5
1H2 .1  0  0  0  0  0  0  0  0  0  0  0  0  0 
1J1  0  0 .1  0  0  5  0  0  0  0  0  0  0  0 .1  0  0  0  0  0  0 .1  0 15  0
1J2  0  0  0  0  0  0  0  0  0  0  0  0 .1  0 .5
3J1  0  0  0  0  0 .5  0  0  0  0  0  0  0  0 .1  0  0 .1  0  0  0 .5 .5 30 .5
3J2  0  0  0  0  0  0  0  0  0  0  0  0  0  0 
3H1  0  0 .5 .5  0 .5  0  0  0  0  0  0  0  0  0  0  0  0  0  0  0  0 .1 80 .5
3H2  0  0  1  0  0  0  0  0  0  0  0  0  0  0 
3F1  0  0 .5  0  0 .5  0  0  0  0  0  0  0  0  0  0  0  0  0  0  0  0  0 10  1
3F2  0  0  0  0  0  0  0  0 10  0  0  0  0  0 
3D1  0  0  1  0  0  4  0  0  0  0  0  0  0  0  0 .1  0  0  0 .1  0  0 .1 30  1
3D2  0  0  0  0  0  0  0  0  2  0  0  0 .1  0 
3B1  0  0  0  0  0  0  0  0  0  0  0  0  0  0  0  0  0  0  0  0  0  0  0 75 .1
3B2  0  0  0  0  0  0  0  0 .5  0  0 .5  0  0 
5B1  0  4  0  0  0  0 .1  1  0  0  0  0 .1  0 .5 .5  0  0  0  1  0 .5 .1  5  0
5B2  0  0  0  0  0  0  0  0  0  0  0  0  1  0 
5D1  0  0  0  0  0  0 .1 .5  0  0 .5  0  0  0  0  0 .5  0  0  0  0  0  0 40 .5
5D2  0  0  0  0  0  0  0  0 .5  0 .5  0  0  0 
5F1  0  0  0  0  0 .5  0  0  0  0  0  0  0  0  0 .1  0  0  0  0  0  0 .5 30  0
5F2  0  0  0  0  0  0  0  0  5  0  3  0  0  0 
5H1  0  0 .1  0  0  0  1 .1  0  0  0  0  0  0  0  0  2  0  0  0  0  1 .1  4 .1
5H2  0  0  0  0  0 .1  0  0  0  0  0  0  0  0 
5J1  0  0  0  0  0  0  0  0  0  0  0  0 .5  0  0  0  0  0  0  0  0  0  0  1  0
5J2  0  0  0  0  0  0  0  0  0  0  0  0 .1  0 
7J1  0  0  0  0  0  0  0  0  0  0  0  0  0  0  0  0  0  0  0  0  0  0 .1 15 .5
7J2  0  0  0  0  0  0  0  1  0  0  0  0  0  0 
7H1  0  0  0  0  0  0  0  0  0  0 .5  0  0  0  0  0  0  0  0 .1  0 .1 .1 75  0
7H2 .5  0  1  0  0  0  0  0  0  0  0  0 .1  0 
7F1  0  0  0  0  0  0  0  0  0  0  2  0  0  0  0 .5 .1  0  0  0  0  0 .5 50  0
7F2 .5  0  0  0  0  0  0  0  0  0  0  0 .1  0 
7D1  0  0  0  0  0  0  0  0  0  0 .5  0 .1  0  0  0  0  0  0  0  0  0  0 60 .5
7D2  0  0  0  0  0  0  0  0  0  0  0  0  0  0 
7B1  0  0  0  0  0  0  0  0  0  0 .1  0  0  0  0 .1  0  0  0 .5  0  0  0 80 .5
7B2  0  0 .5  0  0  0  0  0  0  0  0  0 .1  0 
9B1  0  0  0  0  0  0  0  0  0  0  0  0  0  0  0  0  0  0  0  0  0  0 .5 70  1
9B2 .5  0  0  0  0  0  0  0  0  0  0  0  0  0 
9D1  0  0  0  0  0  0  0  0  0  0  0  0 .1  0  0 .5  0  0  0  0  0  0  0 10  0
9D2  0  0  0  0  0  0  0  0  0  0  0  0  0  0 
9F1  0  0  0  0  0  0  0  1  0  0  0  0  0  0  0  0  0  0  0  0  0  0 .5 90  0
9F2  1  0  0  0  0  0  0  0  0  0  0  0  0  0 
9H1  0  0  0  0  0  0  0  0  0  0  0  0 .5  0  0 .5  0  0  0  0  0  0 .1  2  0
9H2  0  0  0  0  0  0  0  0  0  0  0  0  0  0 
9J1  0  0  0 .1  0  0 .1  0  0  0  0 .5  0  0  0  0  0  0  0  0  0  0  0 70  0
9J2 .5  0  0  0  0  0  0  0  0  0  0  0  0  0 
1B1  0  0  0  0  0  0  0  1  0  0  1  0  0  0  0 .1 .5  0  0 .1  0  0  0 20 .5
1B2 .1  0  0  0  0  0  0  0  0  0  0  0  0  0 
1D1  0  0  0  0  0  0  0  0  0  0  0  0  0  0 .5  0  0  0  0  0  0  0  0  7 .5
1D2 .5  0  0  0  0  0  0  0  0  0  0  0  0  0 
1F1  0  0  0  0  0  0  0  0  0  0  0 .5  0  0  0  0  0  0  0  0  0  0  0  5  0
1F2  0  0  0  0  0  0  0  0  0  0  0  0 .1  0 
1H1  0  0  0  0  0  1  0  0  0  0  0  0  0  0  0  0  0  0  0  0  0  0  0  6  1
1H2  0  0  0  0  0  0  0  0  0  0  0  0 .1  0 
1J1  0  0  1  0  0  7  0  0  0  0  0  0  0  0 .1  0  0  0  0  0  0  0 .5 25 .5
1J2  0  0  0  0  0  0  0  0  0  0  0  0 .5  0 
3J1  0  0  0  0  0  0  0  0  0  0  0  0  0  0  0  0  0  0  0  0  0 .5  0 50 .5
3J2  0  0  0  0  0  0  0  0  0  0  0  0  0  0 
3H1  0  0  0  0  0  0  0  0  0  0  0  0  0  0  0  0  0  0  0  0  0  0  0 85  1
3H2  0  0  1  0  0  0  0  0  0  0  0  0  0  0 
3F1  0  0 .5  0  0 .5  0  0  0  0  0  0  0  0  0  0  0  0  0  0  0  0  0 20  2
3F2 .1  0  0  0  0  0  0  0 15  0  0  0 .1  0 
3D1  0  0  1  0  0  5  0  0  0  0  0  0  0  0  0 .1  0  0  0  0  0  0 .5 25  1
3D2 .1  0  0  0  0  0  0  0  2  0  0  0 .5  0 
3B1  0  0  0  0  0  0  0  0  0  0  0  0  0  0  0 .1  0  0  0  0  0  0  0 80 .5
3B2  0  0 .5  0  0  0  0  0  1  0  0  1  0  0 
5B1  0  0  0  0  0  0 .1  2  0  0  0  0  0  0 .5  1  1  0  0  1  0  1  1  7  2
5B2  0 .5  0  0  0  0  0  0  0  0  0  0 .5  0 
5D1  0  5  0  0  0  0 .5  0  0  0 .5  0  0  0  0 .1  0  0  0  0  0  0  0 60 .5
5D2  0  0  0  0  0  0  0  0  3  0 .5  0  0  0 
5F1  0  0  0  0  0  0  0  0  0  0  0  0  0  0 .1  0 .1  0  0  0  0  0 .5 30 .1
5F2  0  0  0  0  0  0  0  0  5  0  0  0  0  0 
5H1  0  0  0  0  0  0 .5  0  0  0  0  0  0  0 .5  1  2  0  0  1  0  0  1  8 .5
5H2  0 .1  0  0  0 .1  0  0  0  0  0  0  0  0 
5J1  0  0  0  0  0  0  0  0  0  0  0  0 .5  0  0  1  0 .1  0 .1  0  0  0  2  0
5J2  0  0  0  0  0  0  0  0  0  0  0  0  0  0 
7J1  0  0  0  0  0  0  0  0  0  0  0  0  0  0  0  0  0  0  0  0  0  0  0 25  1
7J2 .5  0  0  0  0  0  0  1  0  0  0  0  0  0 
7H1  0  0  0  0  0  0  0  0  0  0 .5  0  0  0  0  0  0  0  0 .5  0 .1 .5 85 .5
7H2  0  0  0  0  0  0  0  0  0  0  0  0  0  0 
7F1  0  0  0  0  0  0  0  0  0  0  2  0  0  0  0 .5 .5 .1  0  0  0  0 .5 65  1
7F2  0  0  0  0  0  0  0  0  0  0  0  0  0  0 
7D1  0  0  0  0  0  0  0  0  0  0 .5  0  0  0  0  0  0  0  0  0  0  0  0 70 .5
7D2  0  0  0  0  0  0  0  0  0  0  0  0  0  0 
7B1  0  0  0  0  0  0  0  0  0  0 .5  0  0  0  0 .5  1  0  0  0  0  0 .5 80  1
7B2 .1  0  1  0  0  0  0  0  0  0  0  0  0  0 
9B1  0  0  0  0  0  0  0  0  0  0 .1  0  0  0  0  0  0  0  0  0  0  0  0 80  1
9B2 .5  0  0  0  0  0  0  0  0  0  0  0  0  0 
9D1  0  0  0  0  0  0  0  0  0  0  0  0  0  0 .1 .1  0  0  0  0  0  0 .5 10 .5
9D2  0  0  0  0  0  0  0  0  0  0  0  0  0  0 
9F1  0  0  0  0  0  0  0  1  0  0  0  0  0  0  0  0  0  0  0  0  0  0 .1 90 .5
9F2 .5  0  0  0  0  0  0  0  0  0  0  0  0  0 
9H1  0  0  0  0  0  0  0  0  0  0  0  0  0  0  0 .5  0  0  0  0  0  0 .1  7 .5
9H2  0  0  0  0  0  0  0  0  0  0  0  0 .5  0 
9J1  0  0  0  0  0  0  0  0  0  0  0  0  0  0  0 .1  0  0  0  0  0  0  0 75  2
9J2  0  0  0  0  0  0  0  1  0  0  0  0  0  0 
1B1  0  0  0  0  0  0  0  2  0  0  1  0  0  0 .1 .1 .5  0  0  0  0  0  1 20 .5
1B2  0  0  0  0  0  0  0  0  0  0  0  0 .5  0 
1D1  0  0  0  0  0  0  0  0  0  0  0  0 .1  0  0 .1  0 .5  0  0  0 .5 .1  5  0
1D2  0  0  0  0  0  0 .5  0  0  0  0 .1 .1  0 
1F1  0  0  0  0  0  0  0  0  0  0 .5  0  0  0  0  0  0  0  0  0  0  0  0  4 .1
1F2  0  0  0  0  0  0  0  0  0  0  0  0 .1  0 
1H1  0  0  0  0  0  1  0  0  0  0  0  0  0  0  0  0  0  0  0  0  0  0  0  4  1
1H2  0  0  0  0  0  0  0  0  0  0  0  0  0  0 
1J1  0  0  1  0  0  8  0  0  0  0  0  0  0  0 .1 .5  0  0  0  0  0 .1 .5 15 .5
1J2  0  0  0  0  0  0  0  0  0  0  0  0 .5  0 
3J1  0  0  0  0  0  1  0  0  0  0  0  0  0  0  0  0  0  0  0  0  0 .5  0  4  1
3J2  0  0  0  0  0  0  0  0  0  0  0  0  0  0 
3H1  0  0  0  0  0  2  0  0  0  0 .5  0  0  0  0  0  0  0  0  0  0  0  0 85 .5
3H2  0  0  1  0  0  0  0  0  0  0  0  0  0  0 
3F1  0  0 .5  0  0  2  0  0  0  0  1  0  0  0  0  0  0  0  0  0  0  0  0 20  1
3F2  0  0  0  0  0  0  0  0 20  0  0  0 .5  0 
3D1  0  0  1  0  0 10  0  0  0  0  0  0  0  0  0 .1  0  0  0  0  0  0  1 30  2
3D2  0  0  0  0  0  0  0  0  1  0  0  0 .5  0 
3B1  0  0  0  0  0  0  0  0  0  0  0  0  0  0  0  0  0  0  0  0  0  0  0 80 .5
3B2  0  0  0  0  0  0  0  0 .5  0  0  1 .1  0 
5B1  0  0  0  0  0  0 .5  5  0  0  0  0  0  0  1  2  1  0  0  1  0 .5  2  5  1
5B2  0  0  0  0  0  0  0  0  0  0  0  0  1  0 
5D1  0  2  0  0  0  0 .5  0  0  0  1  0  0  0  0 .5 .1  0  0  0  0  0 .5 40 .5
5D2  0  0  0  0  0  0  0  0  4  0 .5  0 .1  0 
5F1  0  0  0  0  0 .5  0  0  0  0  0  0  0  0  0 .5  0  0  0  0  0  0 .5 30 .5
5F2  0  0  0  0  0  0  0  1 10  0  0  0  0  0 
5H1  0  0  0  0  0 .5  1 .1  0  0  0  0  0  0  0  0  3  0  0  0  0  1  2  7 .5
5H2  0 .1  0  0  0 .5  0  0  0  0  0  0  0  0 
5J1  0  0  0  0  0  0  0  0  0  0  0  0 .5  0  0 .5  0  0  0 .1  0  0  0  1  0
5J2  0  0  0  0  0 .1  0  0  0  0  0  0 .5  0 
7J1  0  0  0  0  0  0  0  0  0  0  0  0  0  0  0  0  0  0  0  0  0  0  0 30  1
7J2  0  0  0  0  0  0  0  1  0  0  0  0  0  0 
7H1  0  0  0  0  0  0  0  0  0  0  0  0  0  0  0 .1  0  0  0 .1  0 .1 .1 85  0
7H2  0  0  0  0  0  0  0  0  0  0  0  0 .5  0 
7F1  0  0  0  0  0  0  0  0  0  0  1  0  0  0  0  0 .5  0  0  0  0 .5  1 60  2
7F2  0  0  0  0  0  0  0  0  0  0  0  0 .5  0 
7D1  0  0  0  0  0  0  0  0  0  0 .5  0  0  0  0  0  0  0  0  0  0  0  0 60 .5
7D2  0  0  0  0  0  0  0  0  0  0  0  0  0  0 
7B1  0  0  0  0  0  0  0 .5  0  0 .5  0  0  0  0  0  0  0  0 .5  0  0 .5 85 .5
7B2  0  0  0  0  0  0  0  0  0  0  0  0 .1  0 
9B1  0  0  0  0  0  0  0  0  0  0 .1  0  0  0  0  0  0  0  0  0  0  0 .5 75  2
9B2  0  0  0  0  0  0  0  0  0  0  0  0  0  0 
9D1  0  0  0  0  0  0  0  0  0  0  0  0  0  0  0  0  0  0  0  0  0  0  0 10 .5
9D2  0  0  0  0  0  0  0  0  0  0  0  0  0  0 
9F1  0  0  0  0  0  0  0 .5  0  0  0  0  0  0  0 .1  0  0  0  0  0 .1 .5 95 .5
9F2  0  0 .1  0  0  0  0  0  0  0  0  0 .1  0 
9H1  0  0  0  0  0  0  0  0  0  0  0  0  0  0  0 .1  0  0  0  0  0 .5  0  6 .5
9H2  0  0  0  0  0  0  0  0  0  0  0  0 .5  0 
9J1  0  0  0  0  0  0  0  0  0  0  0 .5  0  0  0 .1  0  0  0  0  0  0 .1 75  1
9J2  0  0  0  0  0  0  0 .5  0  0  0  0  0  0 
1B1  0  0  0  0  0  0  0  2  0  0  1  0  0  0 .1 .5  0  0  0 .1  0  0 .5 30 .5
1B2  0 .1  0  0  0  0  0  0  0  0  0  0 .1  0 
1D1  0  0  0  0  0  0  0  0  0  0  0  0  0  0  0 .1  0  0  0  0  0  0  0 10  1
1D2  0  0  0  0  0  0  0  0  0  0  0  0 .1  0 
1F1  0  0  0  0  0  0  0  0  0  0 .5  0  0  0  0  0  0  0  0  0  0  0  0 10 .1
1F2  0  0  0  0  0  0  0  0  0  0  0  0  0  0 
1H1  0  0  0  0  0  1  0  0  0  0  0  0  0  0  0  0  0  0  0  0  0  0  0  5 .5
1H2  0  0  0  0  0  0  0  0  0  0  0  0  0  0 
1J1  0  0  1  0  0 15  0  0  0  0  0  0  0  0 .1 .5  0  0  0  0  0 .1 .1 20 .1
1J2  0  0  0  0  0  0  0  0  0  0  0  0 .1  0 
3J1  0  0  0  0  0  1  0  0  0  0  0  0  0  0  0  0  0  0  0  0  0  0 .5 40 .5
3J2  0  0  0  0  0  0  0  0  0  0  0  0 .1  0 
3H1  0  0 .5  0  0  2  0  0  0  0 .5  0  0  0  0  0  0  0  0  0  0  0 .5 80 .5
3H2  0  0  1  0  0  0  0  0  0  0  0  0  0  0 
3F1  0  0 .1 .1  0  1  0  0  0 .1 .1  0  0  0  0  0  0  0  0  0  0  0  0 25  1
3F2  0  0  0  0  0  0  0  0 20  0  0  0  0  0 
3D1  0  0 .5  0  0  2  0  0  0 .1  0  0  0  0  0 .1  0  0  0  0  0  0 .5 40  2
3D2  0  0  0  0  0  0  0  0  2  0  0  0 .5  0 
3B1  0  0  0  0  0 .1  0  0  0  0  0  0  0  0  0  0  0  0  0  0  0  0  0 75  1
3B2  0  0  0  0  0  0  0  0 .5  0  0 .5  0  0 
5B1  0  0  0  0  0  0 .1  2  0  0  0  0 .1  0  0 .5  1  0  0 .5  0 .1 .5 10  1
5B2  0 .1  0  0  0  0  0  0  0  0  0  0  1  0 
5D1  0  5  0  0  0  0 .5  0  0  0 .5  0  0  0  0 .1 .1  0  0  0  0  0 .5 60 .5
5D2 .5  0  0  0  0  0  0  0  2  0 .1  0  0  0 
5F1  0  0  0  0  0 .5  0  0  0  0 .1  0  0  0  0 .1  0  0  0 .1  0  0 .5 30 .5
5F2  0  0  0  0  0  0  0 .5 10  0 .5  0  0  0 
5H1  0  0 .1  0  0  0  1  0  0  0  0  0  0  0 .5  0  2  0  0 .5  0 .5 .5 15 .5
5H2  0  0  0  0  0 .1  0  0  0  0  0  0 .1  0 
5J1  0  0  0  0  0  0  0  0  0  0  0  0 .5  0  0 .5  0  0  0 .1  0  0  0  2  0
5J2  0  0  0  0  0  0  0  0  0  0  0  0  0  0 
7J1  0  0  0  0  0  0  0  0  0  0  0  0  0  0  0  0  0  0  0  0  0  0 .1 20 .5
7J2  0  0  0  0  0  0  0  1  0  0  0  0  0  0 
7H1  0  0  0  0  0  0  0  0  0  0  0  0  0  0  0 .1  0  0  0 .1  0  0 .5 80 .5
7H2 .1  0  0  0  0  0  0  0  0  0  0  0 .5  0 
7F1  0  0  0  0  0  0  0  0  0  0  2  0  0  0  0 .5 .1  0  0  0  0 .1 .1 55  1
7F2 .1  0  0  0  0  0  0  0  0  0  0  0 .5  0 
7D1  0  0  0  0  0  0  0  0  0  0 .5  0 .1  0  0  0  0  0  0  0  0  0  0 65 .5
7D2  0  0  0  0  0  0  0  0  0  0  0  0  0  0 
7B1  0  0  0  0  0  0  0 .1  0  0 .1  0  0  0  0  0  0  0  0 .5  0  0 .5 80  1
7B2  0  0 .5  0  0 .1  0  0  0  0  0  0  0  0 
9B1  0  0  0  0  0  0  0  0  0  0 .1  0  0  0  0  0  0  0  0  0  0  0  0 80  1
9B2  0  0  0  0  0  0  0  0  0  0  0  0  0  0 
9D1  0  0  0  0  0  0  0  0  0  0  0  0  0  0  0  0  0  0  0  0  0  0 .1 10  0
9D2  0  0  0  0  0  0  0  0  0  0  0  0  0  0 
9F1  0  0  0  0  0  0  0  1  0  0  0  0  0  0  0 .1  0  0  0  0  0  0 .5 90 .5
9F2  1 .1  0  0  0  0  0  0  0  0  0  0  0  0 
9H1  0  0  0  0  0  0  0  0  0  0  0  0 .5  0  0 .5 .1  0  0  0  0  0  0  7 .5
9H2  0  0  0  0  0  0  0  0  0  0  0  0 .1  0 
9J1  0  0  0  0  0  0  0  0  0  0  0 .5  0  0  0 .1  0  0  0  0  0  0  0 75  1
9J2 .5  0  0  0  0  0  0  0  0  0  0  0  0  0 
