1B1  0  0  0  0  0  0  0  0  0  0  0  0 .5  0 .1  0  0  0  0  0 .1  0  1 75  0
1B2 .1  0  1  0 .5  0  0  0  0  0  0  0  0  0 
1D1  1  0  0  0  0 .5  1  0  0  0 .5  0  0  0  2  0  0  0  0  0  0  0  0 15 .5
1D2  0  0  0  0  0  0  0  0  0  0  0  0  0  0 
1F1  0  0 .5  0  0  0 .5  0  0  0  0  0  0  0  0  0  0  0  0  0  0  0  0 50  1
1F2  0  0  0  0  0  0  0  0 10  0  0  0  0  0 
1H1  0  0  0  0  0  0  0  0  0  0  0  0 .1  0  0  0  0  0  0  0  0  0  0  4 .5
1H2  0  0  0 .5  0  0  0  0  0  0  0  0  0  0 
1J1  0  0  0  0  0  0  1  0  0  0  0  0  0  0  0  0  0  0  0  0  0  0  0  1  0
1J2  0  0  0  0  0  0  0  0  0  0  0  0  0  0 
3J1  0  0 .1  0  0  2 40  0  0  0 .5  0  0  0  0  0  0  0  0  0  0  0  0  0  0
3J2  0  0  0  0  0  0  0  0  0  0  0  0  0  0 
3H1  0  0 .5  0  0  0 55  0  0  0  2  0  0  0  0  0  0  0  0  0  0  0  0  0  0
3H2  0  0  0  0  0  0  0  0  0  0  0  0  0  0 
3F1  0  0 .1  0  0  0  1  0  0  0 .5  0  0  0  0  0  0  0  0  0  0  0 .1 25  1
3F2  0  0  0  0  0  0  0 .1 10  0  0  0  0  0 
3D1  0  0  0  0  0 .1 .5  0  0  0  0  0  0  0  0  0  0  0  0  0  0  0 .1  1  1
3D2  0  0  0  0  0  0  0  0  0  0  0  0  0  0 
3B1  0  0  0  0  0 .5 20  0  0  0 .5  0  0  0  0  0  0  0  0  0  0  0  0 35  0
3B2  0  0  0  0  0  0  0  0  0  0  0  0  0  0 
5B1  0  0  0  0  0  0  0  0  3  0  0  0  0  0 .1  0  0  0  0  0  0  0  1 60 .1
5B2  0  0  0  0  0 .1  0  0 .5  0  0  0  0  0 
5D1  0  0  0  0  0  0  0  0  0  0  0  0  0  0  0  0  0  0  0  0  0  0 .1 30  0
5D2  1  0  0  0  0  0  0  0  0  0  0  0  0  0 
5F1  0  0  0  0  0  0  1  0  0  0  1  0  0  0  0  0  0  0  0  0  0  0  1 65  0
5F2  0  0  0  0  0  0  0  0  0  0  0  0  0  0 
5H1  0  0  0  0  0  0  0  0  0  0  0  0  0  0  0  0  0  0  0  0  0 .1  0 15 .5
5H2  0  0  0  0  0  0  0  0  0  0  0  0  0  0 
5J1  0  0  0  0  0  0  0  0  0  0  0  0  0  0  0  0  0  0  0  0  0  0  0 80  0
5J2 .5  0  0  2  0  0  0  0  0  0  0  0  0  0 
7J1  1  0  0  0  0  0 .5  0  0  0  1  0  0  0  0  0  0  0  0  0  0  0  0  2  0
7J2  0  0  0  0  0  0  0  0  0  0  0  0  0  0 
7H1  0  0  0  0  0  0  0  0  0  0  0  0  0  0  0  0  0  0  0  0  0  0  1 65  0
7H2  1 .1  0  0  0  0  0  0  0  0  0  0  0  0 
7F1  0  0 .5  0  0  0 .1  0  0  0  0  0  1  0  0 .1  0  0  0  0  0  0 .5 85 .1
7F2  0  0  0  0  0  0  0  0  0  0  0  0  0  0 
7D1  0  0  0  0  0  0 .1  0  0  0  0  0  0  0  0  0  0  0  0  0  0  0  0 35 .1
7D2  0  0  0  0  0  0  0  0  0  0  0  0  0  0 
7B1  0  0  0  0  0  0  0  0  0  0  0  0  0  0  0  0  0  0  0  0  0  0  0  3 .5
7B2  0  0  0  0  0  0  0  0  0  0  0  0  0  0 
9B1  0  0  0  0  0  1 85  0  0  0  0  0  0  0  0  0  0  0  0  0  0  0  0  1 .1
9B2  0  0  0  0  0  0  0  0  0  0  0  0  0  0 
9D1  1  0 .5  0  0  0  0  0  0  0  1  0  0  0  0  0  0  0  0  0  0  0  0  0  0
9D2  0  0  0  0  0  0  0  0  0  0  0  0  0  0 
9F1 .5  0  0  0  0  0 35  0  0  0  3  0  0  0  0  0  0  0  0  0  0  0  0  0  0
9F2  0  0  0  0  0  0  0  0  0  0  0  0  0  0 
9H1  0  0  0  0  0  1 10  0  0  0 .5  0  0  0  0  0  0  0  0  0  0  0  0 25  0
9H2  0  0  0  0  0  0  0  0  0  0  0  0  0  0 
9J1  0  0  0  0  0  0  0  0  0  0  0  0  0  0 .5 .1  0  0  0  0  0  0  0  0  0
9J2  0  0  0  0  0  0  0  0  0  0  0  0  0  0 
1B1  0  0  0  0  0  0  0  0 .1  0  0  0 .5  0 .1  0  0  0  0  0  0  0  1 80  0
1B2  0  0  0  0  1  0  0  0  0  0  0  0  0  0 
1D1  1  0  0  0  0  0  1  0  0  0 .5  0  0  0  2  0  0  0 .1  0  0  0  0 20 .5
1D2  0  0  0  0  0  0  0  0  0  0  0  0  0  0 
1F1  0  0 .5  0  0  0  0  0  0  0  0  0  0  0  0  0  0  0  0  0  0  0  0 60  1
2F2 .5  0  0  0  0  0  0  0 10  0  0  0  0  0 
1H1  0  0  0  0  0  0  0  0  0  0  0  0  0  0  0  0  0  0  0  0  0  0  0 .1  1
1H2  0  0  0  0  0  0  0  0  0  0  0  0  0  0 
1J1  0  0  0  0  0  0  1  0  0  0  0  0  0  0  0  0  0  0  0  0  0  0  0  2 .1
1J2  0  0  0  0  0  0  0  0  0  0  0  0  0  0 
3J1  0  0 .5  0  0 .1 75  0  0  0 .1  0  0  0  0  0  0  0  0  0  0  0  0  0  0
3J2  0  0  0  0  0  0  0  0  0  0  0  0  0  0 
3H1  0  0 .5  0  0  0 60 .1  0  0 15  0  0  0  0  0  0  0  0  0  0  0  0  0  0
3H2  0  0  0  0  0  0  0  0  0  0  0  0  0  0 
3F1  0  0  0  0  0  0  1  0  0  0  0  0  0  0  0  0  0  0 .1  0  0  0 .5 30  2
3F2  0  0  0  0  0  0  0 .1  7  0  0  0  0  0 
3D1  0  0  0  0  0 .1 .5  0  0  0  0  0  0  0  0  0  0  0  0  0  0  0  0  1  1
3D2  0  0  0  0  0  0  0  0  0  0  0  0  0  0 
3B1  0  0  0  0  0  0 10  0  0  0  1  0  0  0  0  0  0  0  0  0  0  0  0 35 .5
3B2  0  0  0  0  0  0  0  0  0  0  0  0  0  0 
5B1  0  0  0  0  0  0  0  0  2  0  0  0 .5  0  0 .1  0  0 .1  0  0  0  2 65 .5
5B2 .5  0  0  0  0  0  0  0  0  0  0  0  0  0 
5D1  0  0  0  0  0  0  0  0  0  0  0  0  0  0  0  0  0  0 .1  0  0  0 .1 25  1
5D2  0  0  0  0  0  0  0  0  0  0  0  0  0  0 
5F1  0  0  0  0  0  0 .5  0  0  0 .5  0  0  0  0  0  0  0  0  0  0  0  0 75  1
5F2  0  0  0  0  0  0  0  0  0  0  0  0  0  0 
5H1  0  0  0  0  0  0  0  0  0  0  0  0  0  0  0 .5  0  0  0  0  0  0  0 20 .5
5H2 .1  0  0  0  0  0  0  0  0  0  0  0  0  0 
5J1  0  0  0  0  0  0  0  0  0  0  0  0  0  0  0  0  0  0  0  0  0  0  0 85  0
5J2 .5  0  0  1  0  0  0  0  0  0  0  0  0  0 
7J1  0  0  0  0  0  0 .5  0  0  0 .5  0  0  0  0  0  0  0  0  0  0  0  0  2  0
7J2  0  0  0  0  0  0  0  0  0  0  0  0  0  0 
7H1  0  0  0  0  0  0  0 .1  0  0  0  0  0  0  0  0  0  0  0  0  0  0 .1 75 .1
7H2 .5  0  0  0  0  0  0  0  0  0  0  0  0  0 
7F1  0  0 .5  0  0  0 .1  0  0  0  0  0  1  0  0  0  0  0 .1  0  0  0 .5 85  0
7F2  0  0  0  0  0  0  0  0  0  0  0  0  0  0 
7D1  0  0  0  0  0  0  0  0  0  0  0  0  0  0 .1  0  0  0  0  0  0  0  0 25  1
7D2 .5  0  0  0  0  0  0  0  0  0  0  0  0  0 
7B1  0  0  0  0  0  0  0  0  0  0  0  0  0  0  0  0  0  0  0  0  0  0  0  2 .5
7B2  0  0  0  0  0  0  0  0  0  0  0  0  0  0 
9B1  0  0  0  0  0 .5 85  0  0  0  0  0  0  0  0  0  0  0  0  0  0  0  0  1 .5
9B2  0  0  0  0  0  0  0  0  0  0  0  0  0  0 
9D1  0  0 .5  0  0  0  1  0  0  0  1  0  0  0  0  0  0  0  0  0  0  0  0  0  0
9D2  0  0  0  0  0  0  0  0  0  0  0  0  0  0 
9F1  0  0  0  0  0  0 25  0  0  0  2  0  0  0  0  0  0  0  0  0  0  0  0 .5  0
9F2  0  0  0  0  0  0  0  0  0  0  0  0  0  0 
9H1  0  0 .5  0  0 .5 10  0  0  0  0  0  0  0  0  0  0  0  0  0  0  0  0 50  0
9H2  0  0  0  0  0  0  0  0  0  0  0  0  0  0 
9J1  0  0  0  0  0  0  0  0  0  0  0  0  0  0 .5 .1  0  0  0  0  0  0  0  0  0
9J2  0  0  0  0  0  0  0  0  0  0  0  0  0  0 
1B1  0  0  0  0  0  0  0  0 .5  0  0  0 .5  0  0  0  0  0  0  0  0  0 .5 80  1
1B2  0  0  0  0  0  0  0  0 .5  0  0  0  0  0 
1D1  1  0  0  0  0  0  2  0  0  0 .5  0  0  0  1  0  0  0  0  0  0  0  0 20 .5
1D2  0  0  0  0  0  0  0  0  0  0  0  0  0  0 
1F1  0  0 .5  0  0  0 .1  0  0  0  0  0  0  0  0  0  0  0 .1  0  0  0 .1 70  1
1F2  0  0  0  0  0  0  0  0 10  0  0  0  0  0 
1H1  0  0  0  0  0  0  0  0  0  0  0  0  0  0  0  0  0  0  0  0  0  0  0 10 .5
1H2  0  0  0  0  0  0  0  0  0  0  0  0  0  0 
1J1  0  0  0  0  0  0  1  0  0  0  0  0  0  0  0  0  0  0  0  0  0  0  0  1 .5
1J2  0  0  0  0  0  0  0  0  0  0  0  0  0  0 
3J1  1  0  0  0  0 .5 65  0  0  0 .5  0  0  0  0  0  0  0  0  0  0  0  0  0  0
3J2  0  0  0  0  0  0  0  0  0  0  0  0  0  0 
3H1  0  0  1  0  0 .5 75  0  0  0  3  0  0  0  0  0  0  0  0  0  0  0  0  0  0
3H2  0  0  0  0  0  0  0  0  0  0  0  0  0  0 
3F1  0  0  0 .5  0  0  1  0  0  0  0  0  0  0  0  0  0 .1  0  0  0  0 .1 30  1
3F2  0  0  0  0  0  0  0  1  7  0  0  0  0  0 
3D1  0  0  0  0  0  0 .1  0  0  0  0  0  0  0  0  0  0  0  0  0  0  0 .5 .1  0
3D2  0  0  0  0  0  0  0  0  0  0  0  0  0  0 
3B1  0  0  0  0  0 .5 .1  0  0  0  1  0  0  0  0  0  0  0  0  0  0  0  0 35  0
3B2  0  0  0  0  0  0  0  0 .5  0  0  0  0  0 
5B1  0  0  0  0  0  0  0  0  3  0  0  0 .5  0  0  0 .1  0  0  0  0  0  1 45 .5
5B2 .1  0  0  0  0  0  0  0 .1  0  0  0  0  0 
5D1  0  0  0  0  0  0  0  0  0  0  0  0  0  0  0  0  0  0 .5  0  0  0  0 25  0
5D2  0  0  0  0  0  0  0  0  0  0  0  0  0 .1 
5F1  0  0  0  0  0  0  1  0  0  0 .5  0  0  0  0  0  0  0  0  0  0  0 .1 75  0
5F2  0  0  0  0  0  0  0  0  0  0  0  0  0  0 
5H1  0  0  0  0  0  0  0  0  0  0  0  0  0  0  0 .5  0  0  0  0  0  0  0 20 .5
5H2  0  0  0  0  0  0  0  0  0  0  0  0  0  0 
5J1  0  0  0  0  0  0  0  0  0  0  0  0  0  0  0  0  0  0  0  0  0  0  0 85 .5
5J2  0  0  0  1  0  0  0  0  0  0  0  0  0  0 
7J1 .1  0  0  0  0  0 .5  0  0  0 .5  0  0  0  0  0  0  0  0  0  0  0  0  1  0
7J2  0  0  0  0  0  0  0  0  0  0  0  0  0  0 
7H1  0  0  0  0  0  0  0  0  0  0  0  0  0  0  0  0  0  0  0  0  0  0  0 35  0
7H2  0  0  0  0  0  0  0  0  0  0  0  0  0  0 
7F1  0  0  0  0  0  0  0  0  0  0  0  0  0  0  0  0  0  0  0  0  0  0  0 50 .1
7F2  0  0  0  0  0  0  0  0  0  0  0  0  0  0 
7D1  0  0  0  0  0  0 .1  0  0  0  0  0  0  0  0  0  0  0  0  0  0  0  0 30 .1
7D2  0  0  0  0  0  0  0  0  0  0  0  0  0  0 
7B1  0  0  0  0  0  0  0  0  0  0  0  0  0  0  0  0  0  0  0  0  0  0  0  2  0
7B2  0  0  0  0  0  0  0  0  0  0  0  0  0  0 
9B1  0  0  0  0  0  0 85  0  0  0  0  0  0  0  0  0  0  0  0  0  0  0  0  1  0
9B2  0  0  0  0  0  0  0  0  0  0  0  0  0  0 
9D1  1  0 .5  0  0  0  0  0  0  0 .5  0  0  0  0  0  0  0  0  0  0  0  0  0  0
9D2  0  0  0  0  0  0  0  0  0  0  0  0  0  0 
9F1 .5  0  0  0  0  0 10  0  0  0  2  0  0  0  0  0  0  0  0  0  0  0  0 .1  0
9F2  0  0  0  0  0  0  0  0  0  0  0  0  0  0 
9H1  0  0  0  0  0  1 10  0  0  0 .5  0  0  0  0  0  0  0  0  0  0  0  0 30  0
9H2  0  0  0  0  0  0  0  0  1  0  0  0  0  0 
9J1  0  0  0  0  0  0  0  0  0  0  0  0  0  0 .1 .1  0  0  0  0  0  0  0  0  0
9J2  0  0  0  0  0  0  0  0  0  0  0  0  0  0 
1B1  0  0  0  0  0  0  0  0  0  0  0  0 .5  0 .1  0  0  0  0  0  0  0 .5 80 .5
1B2  0  0  0  0 .5  0  0  0 .5  0  0  0  0  0 
1D1  1  0  0  0  0  0  2  0  0  0 .5  0  0  0  1  0  0  0  0  0  0  0 .1 20 .5
1D2  0  0  0  0  0  0  0  0  0  0  0  0  0  0 
1F1  0  0 .1  0  0  0 .1  0  0  0  0  0  0  0  0  0  0  0  0  0  0  0 .5 40  1
1F2  0  0  0  0  0  0  0  0 15  0  0  0  0  0 
1H1  0  0  0  0  0  0  0  0  0  0  0  0  0  0  0  0  0  0  0  0  0  0 .1  3 .1
1H2  0  0  0  0  0  0  0  0  0  0  0  0  0  0 
1J1  0  0  0  0  0  0  1  0  0  0  0  0  0  0  0  0  0  0 .1  0  0  0  0  1 .1
1J2  0  0  0  0  0  0  0  0  0  0  0  0  0  0 
3J1  3  0  0  0  0 .5 65  0  0  0  0  0  0  0  0  0  0  0  0  0  0  0  0  0  0
3J2  0  0  0  0  0  0  0  0  0  0  0  0  0  0 
3H1  0  0  0  0  0  1 80  0  0  0 .1  0  0  0  0  0  0  0  0  0  0  0  0  0  0
3H2  0  0  0  0  0  0  0  0  0  0  0  0  0  0 
3F1  0  0  0  0  0  0  1  0  0  0  0  0  0  0  0 .1  0  0 .1  0  0  0  0 40 .5
3F2  0  0  0  0  0  0  0  0 10  0  0  0  0  0 
3D1  0  0  0  0  0  0 .5  0  0  0  0  0  0  0  0  0  0  0  0  0  0  0 .1 .5  0
3D2  0  0  0  0  0  0  0  0  0  0  0  0  0  0 
3B1  0  0  0  0  0 .5 20  0  0  0 .1  0  0  0  0  0  0  0  0  0  0  0  0 35 .1
3B2  0  0  0  0  0  0  0  0  1  0  0  0  0  0 
5B1  0  0  0  0  0  0  0  0 .1  0  0  0  0  0  0  0  0  0  0  0 .1  0  1 40  0
5B2  0  0  0  0  0  0  0  0  0  0  0  0  0  0 
5D1  0  0  0  0  0  0  0  0  0  0  0  0  0  0  0  0  0  0 .5  0  0  0  0 25 .5
5D2  1  0  0  0  0  0  0  0  0  0  0  0  0  0 
5F1  0  0  0  0  0  0  2  0  0  0 .5  0  0  0  0 .1  0  0  0  0  0  0 .1 65 .1
5F2  0  0  0  0  0  0  0  0  0  0  0  0  0  0 
5H1  0  0  0  0  0  0  0  0  0  0  0  0  0  0  0  0  0  0  0  0  0  0  0 15 .5
5H2  0  0  0  0  0  0  0  0  0  0  0  0  0  0 
5J1  0  0  0  0  0  0  0  0  0  0  0  0  0  0  0  0  0  0  0  0  0  0  0 80 .5
5J2  0  0  0  1  0  0  0  0  0  0  0  0  0  0 
7J1 .5  0  0  0  0  0 .5  0  0  0 .1  0  0  0  0  0  0  0  0  0  0  0  0  2  0
7J2  0  0  0  0  0  0  0  0  0  0  0  0  0  0 
7H1  0  0  0  0  0  0  0  0  0  0  0  0  0  0  0  0  0  0  0  0  0  0  0 75 .5
7H2  0  0  0  0  0  0  0  0  0  0  0  0  0  0 
7F1  0  0 .1  0  0  0  0  0  0  0  0  0  0  0  0 .1  0  0 .1  0  0  0 .1 75 .5
7F2  0  0  0  0  0  0  0  0  0  0  0  0  0  0 
7D1  0  0  0  0  0  0 .1  0  0  0  0  0  0  0  0  0  0  0  0  0  0  0  0 20  0
7D2  0  0  0  0  0  0  0  0  0  0  0  0  0  0 
7B1  0  0  0  0  0  0  0  0  0  0  0  0  0  0  0  0  0  0  0  0  0  0  0  3 .5
7B2  0  0  0  0  0  0  0  0  0  0  0  0  0  0 
9B1  0  0  0  0  0  0 85  0  0  0  0  0  0  0  0  0  0  0  0  0  0  0  0 .5  0
9B2  0  0  0  0  0  0  0  0  0  0  0  0  0  0 
9D1  1  0 .5  0  0  0 .5  0  0  0  1  0  0  0  0  0  0  0  0  0  0  0  0  0  0
9D2  0  0  0  0  0  0  0  0  0  0  0  0  0  0 
9F1  1  0  0  0  0  0 10  0  0  0  2  0  0  0  0  0  0  0  0  0  0  0  0 .1  0
9F2  0  0  0  0  0  0  0  0  0  0  0  0  0  0 
9H1  0  0  0  0  0  0 15  0  0  0  0  0  0  0  0  0  0  0  0  0  0  0  0 45  0
9H2  0  0  0  0  0  0  0  0  1  0  0  0  0  0 
9J1  0  0  0  0  0  0  0  0  0  0  0  0  0  0 .1 .1  0  0  0  0  0  0  0  0  0
9J2  0  0  0  0  0  0  0  0  0  0  0  0  0  0 
1B1  0  0  0  0  0  0 .1  0 .5  0 .5  0  1  0  0 .1  0  0  0  0  0  0  1 75  0
1B2  0  0  0  0  0  0  0  0  0  0  0  0  0  0 
1D1  1  0  0  0  0  0  0  0  0  0  0  0  0  0  1  0  0  0  0  0  0  0  0 25 .5
1D2  0  0  0  0  0  0  0  0  0  0  0  0  0  0 
1F1  0  0 .5  0  0  0  1  0  0  0  0  0  0  0  0  0  0  0  0  0  0  0  0 40  1
1F2  0  0  0  0  0  0  0  0 20  0  0  0  0  0 
1H1  0  0  0  0  0  0  0  0  0  0  0  0 .1  0  0  0  0  0  0  0  0  0 .5 10 .5
1H2  0  0  0  0  0  0  0  0  0  0  0  0  0  0 
1J1  0  0  0  0  0  0 .5  0  0  0  0  0  0  0  0  0  0  0  0  0  0  0  0  2  1
1J2  0  0  0  0  0  0  0  0  0  0  0  0  0  0 
3J1 .5  0 .5  0  0  1 75  0  0  0  0  0  0  0  0  0  0  0  0  0  0  0  0  0  0
3J2  0  0  0  0  0  0  0  0  0  0  0  0  0  0 
3H1  0  0  1  0  0  3 80  0  0  0 .1  0  0  0  0  0  0  0  0  0  0  0  0  0  0
3H2  0  0  0  0  0  0  0  0  0  0  0  0  0  0 
3F1  0  0 .5  0  0  0  1  0  0  0  0  0  0  0  0  0  0  0  0  0  0  0  0 25  1
3F2  0  0  0  0  0  0  0 .1 20  0  0  0  0  0 
3D1  0  0  0  0  0  0 .5  0  0  0  0  0  0  0  0  0  0  0  0  0  0  0  0 .5 .5
3D2  0  0  0  0  0  0  0  0  0  0  0  0  0  0 
3B1  0  0  0  0  0  0 20  0  0  0 .1  0  0  0  0  0  0  0  0  0  0  0  0 30 .5
3B2  0  0  0  0  0  0  0  0  0  0  0  0  0  0 
5B1  0  0  0  0  0  0  0  0  7  0  0  0  0  0  0  0  0  0  0 .1  0  0  1 55 .5
5B2  0  0  0  0  0  0  0  0  0  0  0  0  0  0 
5D1  0  0  0  0  0  0  0  0  0  0  0  0  0  0  0  0  0  0 .5  0  0  0 .5 25 .5
5D2  1  0  0  0  0  0  0  0  0  0  0  0  0  0 
5F1  0  0  0  0  0  0  2  0  0  0  0  0  0  0  0  0  0  0  0  0  0  0 .1 75 .5
5F2  0  0  0  0  0  0  0  0  0  0  0  0  0  0 
5H1  0  0  0  0  0  0  0  0  0  0  0  0  0  0  0  0  0  0  0  0  0  0 .1 20 .5
5H2  0  0  0  0  0  0  0  0  0  0  0  0  0  0 
5J1  0  0  0  0  0  0  0  0  0  0  0  0  0  0  0  0  0  0 .1  0  0  0  0 85 .5
5J2  0  0  0  1  0  0  0  0  0  0  0  0  0  0 
7J1 .5  0  0  0  0  0  1  0  0  0 .5  0  0  0  0  0  0  0  0  0  0  0  0  2  0
7J2  0  0  0  0  0  0  0  0  0  0  0  0  0  0 
7H1  0  0  0  0 .1  0  0  0  0  0  0  0  0  0  0  0  0  0 .1  0  0  0  0 75  1
7H2 .5  0  0  0  0  0  0  0  0  0  0  0  0  0 
7F1  0  0 .5  0  0  0  0  0  0  0  0  0  1  0  0  0  0  0  0  0  0  0 .5 80  0
7F2  0  0  0  0  0  0  0  0  0  0  0  0  0  0 
7D1  0  0  0  0  0  0  0  0  0  0  0  0  0  0  0  0  0  0  0  0  0  0 .1 30  1
7D2 .5  0  0  0  0  0  0  0  0  0  0  0  0  0 
7B1  0  0  0  0  0  0  0  0  0  0  0  0  0  0  0  0  0  0  0  0  0  0  0 .1 .5
7B2  0  0  0  0  0  0  0  0  0  0  0  0  0  0 
9B1  0  0  0  0  0  0 90  0  0  0  0  0  0  0  0  0  0  0  0  0  0  0  0 .5  0
9B2  0  0  0  0  0  0  0  0  0  0  0  0  0  0 
9D1  0  0 .5  0  0  0 .1  0  0  0 .1  0  0  0  0  0  0  0  0  0  0  0  0  0  0
9D2  0  0  0  0  0  0  0  0  0  0  0  0  0  0 
9F1  0  0  0  0  0  0 35  0  0  0  7  0  0  0  0  0  0  0  0  0  0  0  0 .1  0
9F2  0  0  0  0  0  0  0  0  0  0  0  0  0  0 
9H1  0  0 .5  0  0  0 25  0  0  0 .5  0  0  0  0  0  0  0  0  0  0  0  0 35  0
9H2  0  0  0  0  0  0  0  0  3  0  0  0  0  0 
9J1  0  0  0  0  0  0  0  0  0  0  0  0  0  0 .5 .5  0  0  0  0  0  0  0  0  0
9J2  0  0  0  0  0  0  0  0  0  0  0  0  0  0 
