1B1  0  0  1  0  1  0  0 30  0  0  0 .1  0  0  0  0 .1 .1  0  0  0  0  0  0  0
1B2  0  0
1D1  0  0  0  0  0  0  0  5  6  0  0  2  0  0  0  0 .5  0  0  0  0  0  0  0  0
1D2  0  0
1F1  0  0  0  0  0  0  0 15  0  0  0 25  0  0  0  0  0  0  0  0  0  0  0  0  0
1F2  0  0
1H1  0  0  5  0 40  0  0  5  0  0  0  1  0  0  0  0  0  0  0  0  0  0  0  0  0
1H2  0  0
1J1  0  0 .5  0  4  0  0 65  0  0  0  0  0  0  0  0  0 .1  0  0  0  0  0  0  0
1J2  0  0
3J1  0  0  0  0  0  0  0 70  0  0  0 .5  0  0  0  0  0  0  0  0  0  0  0  0  0
3J2  0  0
3H1  0  0  6  0  0  0  0 20  0  0  0 15  0  0  0  0  0  0  0  0  0  0  0  0  0
3H2  0  0
3F1  0  0  1  0 15  0  0 75  0  0  0  0  0  0  0  0  0  0  0  0  0  0  0  0  0
3F2  0  0
3D1 .5  0  1  0  1  0  0 40  0  0  0  7  0  0  0  0  0  0  0  0  0  0  0  0  0
3D2  0  0
3B1  0  0  0  0  1  0  0 80  0  0  0  0  0  0  0  0  0  0  0  0  0  0  0  0  0
3B2  0  0
5B1  5  0 .5  0  0  0  0  3  0  0  0 15  0  0  0  0  0  0  0  0  0  0  0  0  0
5B2  0  0
5D1  0  0 .5  0  3  0  0 75  0  0  0  0  0  0  0  0  0  0  0  0  0  0  0  0  0
5D2  0  0
5F1  1  0  4  0  1  0  0 30  0  0  0  0  0  0  0  0  0  0  0  0  0  0  0  0  0
5F2  0  0
5H1  0  0 10  0  1  0  0  1  0  0  0 75  0  0  0  0  0  0  0  0  0  0  0  0  0
5H2  0  0
5J1 .5  0  0  0  4  0  0  6  0  0  0  2  0  0  0  0  0  0  0  0  0  0  0  0  0
5J2  0  0
7J1  0  0  0  0  0  7  0 60  0  0  0  0 .5  0  0  0  0  0  0 .1  0 .1  0  0  0
7J2  0  0
7H1  7  0  0  0  0  0  0  1  0  0  0  0  0  0  0  0  0 .1  0  0  0  0  0  0  0
7H2  0  0
7F1  0  0  1  0  2  0  0 60  0  0  0  5  0  0  0  0  0  0  0  0  0  0  0  0  0
7F2  0  0
7D1  0  0  2  0  0  0  0 55  0  0  0  0  0  0  0  0  0  0  0  0  0  0  0  0  0
7D2  0  0
7B1  0  0  2  0 20  0  0 20  0  0  0 .5 .5  0  0  0  0  0  0  0  0  0  0  0  0
7B2  0  0
9B1  2  0 .5  0 45  0  0 15  0  0  0  0  0  0  0  0  0  0  0  0  0  0  0  0  0
9B2  0  0
9D1  3  0  0  0  5  0  0 40  0  0  0  0  0  0  0  0  0  0  0  0  0  0  0  0  0
9D2  0  0
9F1  0  0  0  0 .1  0  0  7  0  0  0  0  0 .1  0  0 .5  0  0  0  0  0  0  0  0
9F2  0  0
9H1  0  0  3  0  1  0  0 75  0  0  0  0  0  0  0  0  0  0  0  0  0  0  0  0  0
9H2  0  0
9J1  0  0  0  0 20  0  0 50  0  0  0  0  0  0  0  0  0  0  0  0  0  0  0  0  0
9J2  0  0
1B1  0  0  4  0  3  0  0 40  0  0  0  0 .1  0  0  0 .1 .1  0  0  0  0  0  0  0
1B2  0  0
1D1  0  0  0  0  0  0  0 10  5  0  0  2  0  0  0  0 .1  0  0  0  0  0  0  0  0
1D2  0  0
1F1  0  0  0  0 .5  0  0 15  0  0  0 20  0  0  0  0  0  0  0  0  0  0  0  0  0
1F2  0  0
1H1  0  0  5  0 40  0  0  4  0  0  0  1  0  0  0  0  0  0  0  0  0  0  0  0  0
1H2  0  0
1J1 .1  0  0  0  5  0  0 75  0  0  0  0  0  0  0  0  0  0  0  0  0  0  0  0  0
1J2  0  0
3J1  0  0  0  0 .1  0  0 80  0  0  0  1  0  0  0  0  0  0  0  0  0  0  0  0  0
3J2  0  0
3H1  0  0  3  0  0  0  0 50  0  0  0 20  0  0  0  0  0  0  0  0  0  0  0  0  0
3H2  0  0
3F1  0  0  2  0 10  0  0 75  0  0  0  0  0  0  0  0  0  0  0  0  0  0  0  0  0
3F2  0  0
3D1  0  0  1  0  4  0  0 65  0  0  0  5  0  0  0  0  0  0  0  0  0  0  0  0  0
3D2  0  0
3B1  0  0  0  0  2  0  0 75  0  0  0  0  0  0  0  0  0  0  0  0  0  0  0  0  0
3B2  0  0
5B1  3  0  0  0  1  0  0  2  0  0  0  5  0  0  0  0  0  0  0  0  0  0  0  0  0
5B2  0  0
5D1  0  0  1  0  2  0  0 80  0  0  0  0  0  0  0  0  0  0  0  0  0  0  0  0  0
5D2  0  0
5F1  0  0  2  0  2  0  0 15  0  0  0  0  0  0  0  0  0  0  0  0  0  0  0  0  0
5F2  0  0
5H1  0  0  5  0  2  0  0  1  0  0  0 75  0  0  0  0  0  0  0  0  0  0  0  0  0
5H2  0  0
5J1  0  0 .5  0  2  0  0  3  0  0  0  1  0  0  0  0  0  0  0  0  0  0  0  0  0
5J2  0  0
7J1  0  0  0  0  0  6  0 65  0  0  0  0  0  0  0  0  0  0  0 .1  0 .1  0  0  0
7J2  0  0
7H1  3  0  0  0  0  0  0  4  0  0  0  0  0  0  0  0  0  0  0  0  0  0  0  0  0
7H2  0  0
7F1  0  0  1  0  2  0  0 75  0  0  0  3  0  0  0  0  0  0  0  0  0  0  0  0  0
7F2  0  0
7D1  0  0  2  0  0  0  0 60  0  0  0  0  0  0  0  0  0  0  0  0  0  0  0  0  0
7D2  0  0
7B1  0  0  3  0 20  0  0 25  0  0  0  1  0  0  0  0  0  0  0  0  0  0  0  0  0
7B2  0  0
9B1  1  0  1  0 20  0  0 10  0  0  0  0  0  0  0  0  0  0  0  0  0  0  0  0  0
9B2  0  0
9D1  1  0  0  0  3  0  0 55  0  0  0  0  0  0  0  0  0  0  0  0  0  0  0  0  0
9D2  0  0
9F1  0  0  0  0  0  0  0 10  0  0  0  0  0  0  0  0 .5  0  0  0  0  0  0  0  0
9F2  0  0
9H1  0  0  3  0  3  0  0 65  0  0  0 .5  0  0  0  0  0  0  0  0  0  0  0  0  0
9H2  0  0
9J1  0  0  0  0 25  0  0 40  0  0  0  0  0  0  0  0  0  0  0  0  0  0  0  0  0
9J2  0  0
1B1  0  0  1  0  2  0  0 65  0  0  0  0 .5  0  0  0  0 .1  0  0  0  0  0  0  0
1B2  0  0
1D1  0  0  0  0  0  3  0 10  4  0  0  3  0  0  0  0 .5  0  0  0  0  0  0  0  0
1D2  0  0
1F1  0  0  0  0  1  0  0 10  0  0  0 25  0  0  0  0  0  0  0  0  0  0  0  0  0
1F2  0  0
1H1  0  0  2  0 70  0  0  5  0  0  0  1  0  0  0  0  0  0  0  0  0  0  0  0  0
1H2  0  0
1J1  0  0  0  0  5  0  0 70  0  0  0  0  0  0  0  0  0  0  0  0  0  0  0  0  0
1J2  0  0
3J1  0  0 .1  0  2  0  0 60  0  0  0  1  0  0  0  0  0  0  0  0  0  0  0  0  0
3J2  0  0
3H1  0  0 10  0  0  0  0 35  0  0  0 20  0  0  0  0  0  0  0  0  0  0  0  0  0
3H2  0  0
3F1  0  0  1  0 20  0  0 60  0  0  0  0  0  0  0  0  0  0  0  0  0  0  0  0  0
3F2  0  0
3D1  0  0  0  0 15  0  0 40  0  0  0 10  0  0  0  0  0  0  0  0  0  0  0  0  0
3D2  0  0
3B1  0  0  0  0 .5  0  0 70  0  0  0  0  0  0  0  0  0  0  0  0  0  0  0  0  0
3B2  0  0
5B1 10  0 .5  0 .5  0  0  3  0  0  0 20  0  0  0  0  0  0  0  0  0  0  0  0  0
5B2  0  0
5D1  0  0  2  0 10  0  0 75  0  0  0  0  0  0  0  0  0  0  0  0  0  0  0  0  0
5D2  0  0
5F1  4  0  3  0  2  0  0 30  0  0  0  0  0  0  0  0  0  0  0  0  0  0  0  0  0
5F2  0  0
5H1  0  0  1  0  3  0  0  0  0  0  0 80  0  0  0  0  0  0  0  0  0  0  0  0  0
5H2  0  0
5J1  2  0  0  0  3  0  0  4  0  0  0  2  0  0  0  0  0  0  0  0  0  0  0  0  0
5J2  0  0
7J1  0  0 .5  0  0  5  0 60  0  0  0  0  1  0  0  0 .1  0  0  0  0 .1  0  0  0
7J2  0  0
7H1  3  0  0  0  0  0  0  5  0  0  0  0  0  0  0  0  0  0  0  0  0  0  0  0  0
7H2  0  0
7F1  0  0  0  0  5  0  0 75  0  0  0  5  0  0  0  0  0  0  0  0  0  0  0  0  0
7F2  0  0
7D1  0  0  2  0 .1  0  0 60  0  0  0  0  0  0  0  0  0  0  0  0  0  0  0  0  0
7D2  0  0
7B1  0  0  5  0 35  0  0 25  0  0  0  1 .5  0  0  0  0  0  0  0  0  0  0  0  0
7B2  0  0
9B1  0  0  1  0 30  0  0 10  0  0  0  0  0  0  0  0  0  0  0  0  0  0  0  0  0
9B2  0  0
9D1  2  0  0  0  5  0  0 25  0  0  0  0  0  0  0  0  0  0  0  0  0  0  0  0  0
9D2  0  0
9F1  0  0  0  0  0  0  0 15  0  0  0  0  0  0  0 .5  0 .1  0  0  0  0  0  0  0
9F2  0  0
9H1  0  0  4  0  2  0  0 60  0  0  0 .5  0  0  0  0  0  0  0  0  0  0  0  0  0
9H2  0  0
9J1  0  0  0  0 30  0  0 40  0  0  0  0  0  0  0  0  0  0  0  0  0  0  0  0  0
9J2  0  0
1B1  0  0  2  0 10  0  0 50  0  0  0  0  0  0  0  0  0  0  0  0  0  0  0  0  0
1B2  0  0
1D1  0  0  0  0  0  2  0 15  5  0  0 10 .1  0  0  0 .5  0  0  0  0  0  0  0  0
1D2  0  0
1F1  0  0  0  0  0  0  0  2  0  0  0  5  0  0  0  0  0  0  0  0  0  0  0  0  0
1F2  0  0
1H1  0  0  0  0 20  0  0 25  2  0  0 20  0  0  0  0  0  0  0  0  0  0  0  0  0
1H2  0  0
1J1  0  0  0  0 10  0  0 65  0  0  0  0  0  0  0  0  0 .1  0  0  0  0  0  0  0
1J2  0  0
3J1  0  0 .5  0  0  0  0 65  0  0  0 .5  0  0  0  0  0  0  0  0  0  0  0  0  0
3J2  0  0
3H1  0  0  5  0 .5  0  0 30  0  0  0 20  0  0  0  0  0  0  0  0  0  0  0  0  0
3H2  0  0
3F1  0  0  3  0 35  0  0 40  0  0  0  0  0  0  0  0  0  0  0  0  0  0  0  0  0
3F2  0  0
3D1  0  0  0  0 15  0  0 50  0  0  0  5  0  0  0  0  0  0  0  0  0  0  0  0  0
3D2  0  0
3B1  0  0  0  0  5  0  0 20  0  0  0 .5  0  0  0  0  0  0  0  0  0  0  0  0  0
3B2  0  0
5B1  5  0  0  0  2  0  0  5  0  0  0 10  0  0  0  0  0  0  0  0  0  0  0  0  0
5B2  0  0
5D1  0  0  0  0  5  0  0 65  0  0  0  0  0  0  0  0  0  0  0  0  0  0  0  0  0
5D2  0  0
5F1  2  0  5  0  1  0  0 50  0  0  0  0  0  0  0  0  0  0  0  0  0  0  0  0  0
5F2  0  0
5H1  0  0  2  0  2  0  0  0  0  0  0 75  0  0  0  0  0  0  0  0  0  0  0  0  0
5H2  0  0
5J1  0  0  1  0 20  0  0  5  0  0  0  2  0  0  0  0  0  0  0  0  0  0  0  0  0
5J2  0  0
7J1  0  0  0  0  0  4  0 40  0  0  0  0  1  0  0  0  0  0  0  0  0  0  0  0  0
7J2  0  0
7H1 10  0  0  0  0  0  0  5  0  0  0  0  0  0  0  0  0  0  0  0  0  0  0  0  0
7H2  0  0
7F1  0  0  0  0  1  0  0 70  0  0  0  2  0  0  0  0  0  0  0  0  0  0  0  0  0
7F2  0  0
7D1  0  0  2  0  0  0  0 60  0  0  0  0  0  0  0  0  0  0  0  0  0  0  0  0  0
7D2  0  0
7B1  0  0  2  0 35  0  0 25  0  0  0  0  0  0  0  0  0  0  0  0  0  0  0  0  0
7B2  0  0
9B1  0  0  0  0 40  0  0 20  0  0  0  0  0  0  0  0  0  0  0  0  0  0  0  0  0
9B2  0  0
9D1  5  0  0  0  5  0  0 50  0  0  0  0  0  0  0  0  0  0  0  0  0  0  0  0  0
9D2  0  0
9F1  0  0  0  0  0  0  0 10  0  0  0  0  0  0  0  0 .5 .1 .5  0  0  0  0  0  0
9F2  0  0
9H1  0  0  2  0  2  0  0 40  0  0  0  1  0  0  0  0  0  0  0  0  0  0  0  0  0
9H2  0  0
9J1  0  0  0  0 10  0  0 65  0  0  0  0  0  0  0  0  0  0  0  0  0  0  0  0  0
9J2  0  0
1B1 .5  0  3  0 15  0  0 55  0  0  0 .1 .1  0  0  0  0 .1  0  0  0  0  0  0  0
1B2  0  0
1D1  0  0  0  0  0  2  0 15  3  0  0 10 .1  0  0  0 .5  0  0  0  0  0  0  0  0
1D2  0  0
1F1  0  0  0  0  0  0  0 15  0  0  0 20 .1  0  0  0  0  0  0  0  0  0  0  0  0
1F2  0  0
1H1  0  0  2  0 70  0  0 10  0  0  0  3  0  0  0  0  0  0  0  0  0  0  0  0  0
1H2  0  0
1J1  0  0  0  0  5 .1  0 70  0  0  0  0  0  0  0  0 .1  0  0  0  0  0  0  0  0
1J2  0  0
3J1  0  0 .1  0 .5  0  0 70  0  0  0  2  0  0  0  0  0  0  0  0  0  0  0  0  0
3J2  0  0
3H1  0  0  3  0  0  0  0 20  0  0  0 40  0  0  0  0  0  0  0  0  0  0  0  0  0
3H2  0  0
3F1  0  0  1  0 20  0  0 60  0  0  0  0  0  0  0  0  0  0  0  0  0  0  0  0  0
3F2  0  0
3D1  0  0 .5  0 20  0  0 40  0  0  0 10  0  0  0  0  0  0  0  0  0  0  0  0  0
3D2  0  0
3B1  0  0  0  0  3  0  0 75  0  0  0  1  0  0  0  0  0  0  0  0  0  0  0  0  0
3B2  0  0
5B1 10  0 .1  0  5  0  0  5  0  0  0 20  0  0  0  0  0  0  0  0  0  0  0  0  0
5B2  0  0
5D1  0  0  1  0  1  0  0 85  0  0  0  0  0  0  0  0  0  0  0  0  0  0  0  0  0
5D2  0  0
5F1  0  0  1  0  5  0  0 40  0  0  0  0  0  0  0  0  0  0  0  0  0  0  0  0  0
5F2  0  0
5H1  0  0  2  0 10  0  0  3  0  0  0 75  0  0  0  0  0  0  0  0  0  0  0  0  0
5H2  0  0
5J1  1  0 .5  0 10  0  0 15  0  0  0  2  0  0  0  0  0  0  0  0  0  0  0  0  0
5J2  0  0
7J1  0  0 .1  0  0  3  0 60  0  0  0  0  1  0  0  0  0  0  0 .1 .1  0  0  0  0
7J2  0  0
7H1  0  0  1  0  1  0  0 75  0  0  0  5  0  0  0  0  0  0  0  0  0  0  0  0  0
7H2  0  0
7F1  0  0 .5  0 .5  0  0 70  0  0  0  0  0  0  0  0  0  0  0  0  0  0  0  0  0
7F2  0  0
7D1  0  0  1  0 30  0  0 30  0  0  0 .5 .5  0  0  0  0  0  0  0  0  0  0  0  0
7D2  0  0
7B1  0  0  1  0 30  0  0 30  0  0  0 .5 .5  0  0  0  0  0  0  0  0  0  0  0  0
7B2  0  0
9B1  2  0  0  0 35  0  0 20  0  0  0  0  0  0  0  0  0  0  0  0  0  0  0  0  0
9B2  0  0
9D1  5  0  0  0 10  0  0 40  0  0  0  0  0  0  0  0  0  0  0  0  0  0  0  0  0
9D2  0  0
9F1  0  0  0  0 .1  0  0 10  0  0  0  0  0  0  0  0 .1  0 .1  0  0  0  0  0  0
9F2  0  0
9H1  0  0  3  0  3  0  0 75  0  0  0  1  0  0  0  0  0  0  0  0  0  0  0  0  0
9H2  0  0
9J1  0  0  0  0 10  0  0 75  0  0  0  0  0  0  0  0  0  0  0  0  0  0  0  0  0
9J2  0  0
1B1  0  0  1  0  1  0  0 30  0  0  0 .1  0  0  0  0 .1 .1  0  0  0  0  0  0  0
1B2  0  0
1D1  0  0  0  0  0  0  0  5  6  0  0  2  0  0  0  0 .5  0  0  0  0  0  0  0  0
1D2  0  0
1F1  0  0  0  0  0  0  0 15  0  0  0 25  0  0  0  0  0  0  0  0  0  0  0  0  0
1F2  0  0
1H1  0  0  5  0 40  0  0  5  0  0  0  1  0  0  0  0  0  0  0  0  0  0  0  0  0
1H2  0  0
1J1  0  0 .5  0  4  0  0 65  0  0  0  0  0  0  0  0  0 .1  0  0  0  0  0  0  0
1J2  0  0
3J1  0  0  0  0  0  0  0 70  0  0  0 .5  0  0  0  0  0  0  0  0  0  0  0  0  0
3J2  0  0
3H1  0  0  6  0  0  0  0 20  0  0  0 15  0  0  0  0  0  0  0  0  0  0  0  0  0
3H2  0  0
3F1  0  0  1  0 15  0  0 75  0  0  0  0  0  0  0  0  0  0  0  0  0  0  0  0  0
3F2  0  0
3D1 .5  0  1  0  1  0  0 40  0  0  0  7  0  0  0  0  0  0  0  0  0  0  0  0  0
3D2  0  0
3B1  0  0  0  0  1  0  0 80  0  0  0  0  0  0  0  0  0  0  0  0  0  0  0  0  0
3B2  0  0
5B1  5  0 .5  0  0  0  0  3  0  0  0 15  0  0  0  0  0  0  0  0  0  0  0  0  0
5B2  0  0
5D1  0  0 .5  0  3  0  0 75  0  0  0  0  0  0  0  0  0  0  0  0  0  0  0  0  0
5D2  0  0
5F1  1  0  4  0  1  0  0 30  0  0  0  0  0  0  0  0  0  0  0  0  0  0  0  0  0
5F2  0  0
5H1  0  0 10  0  1  0  0  1  0  0  0 75  0  0  0  0  0  0  0  0  0  0  0  0  0
5H2  0  0
5J1 .5  0  0  0  4  0  0  6  0  0  0  2  0  0  0  0  0  0  0  0  0  0  0  0  0
5J2  0  0
7J1  0  0  0  0  0  7  0 60  0  0  0  0 .5  0  0  0  0  0  0 .1  0 .1  0  0  0
7J2  0  0
7H1  7  0  0  0  0  0  0  1  0  0  0  0  0  0  0  0  0 .1  0  0  0  0  0  0  0
7H2  0  0
7F1  0  0  1  0  2  0  0 60  0  0  0  5  0  0  0  0  0  0  0  0  0  0  0  0  0
7F2  0  0
7D1  0  0  2  0  0  0  0 55  0  0  0  0  0  0  0  0  0  0  0  0  0  0  0  0  0
7D2  0  0
7B1  0  0  2  0 20  0  0 20  0  0  0 .5 .5  0  0  0  0  0  0  0  0  0  0  0  0
7B2  0  0
9B1  2  0 .5  0 45  0  0 15  0  0  0  0  0  0  0  0  0  0  0  0  0  0  0  0  0
9B2  0  0
9D1  3  0  0  0  5  0  0 40  0  0  0  0  0  0  0  0  0  0  0  0  0  0  0  0  0
9D2  0  0
9F1  0  0  0  0 .1  0  0  7  0  0  0  0  0 .1  0  0 .5  0  0  0  0  0  0  0  0
9F2  0  0
9H1  0  0  3  0  1  0  0 75  0  0  0  0  0  0  0  0  0  0  0  0  0  0  0  0  0
9H2  0  0
9J1  0  0  0  0 20  0  0 50  0  0  0  0  0  0  0  0  0  0  0  0  0  0  0  0  0
9J2  0  0
