 0A.01  0  0  0  2 40.01  0  1 15  0.01 .1  0  0  0.01  0  0  0  0  0  0  0  0 
 0A  0  0  0  0 
 0C  0  0  0  0 .1 50  0  0  0 25  0 .1  0  0  0  0.01  0  0  0  0  0  0  0.01 
 0C.01  0  0  0 
 0E  0  0  0.01 .1 50.01  0  0 10  0  1 .1  0  0  0  0.01  0  0  0  0  0  0  0 
 0E  0  0  0  0 
 0G  0  0.01  0 .1 45.01  0  0 10  0 30  1.01  0  0.01.01  0  0.01  0  0  0  0 
 0G  0  0  0  0 
 0I  0  0 .1  0.01 50 .1  0 .1 10  0 .1.01  0  0.01.01.01  0  0  0  0  0  0 .1 
 0I  0  0.01  0 
 2I .1  0 .1  0.01 10  0  0.01  2  0 10  0  0  0  0.01  0  0  0  0  0  0  0  0 
 2I  0  0  0  0 
 2G .1  0  0  0.01 25  0  0  0 25  0  5.01  0  0  0.01.01  0  0  0  0  0  0  0 
 2G  0  0  0  0 
 2E .1  0  0  0 .1 60.01.01.01 15  0  2 .1  0  0.01.01  0  0  0  0  0  0  0  0 
 2E.01  0  0  0 
 2C  1  0  0  0 .1 30.01  0.01  4  0  4.01  0  0  0  0  0  0  0  0  0  0  0.01 
 2C  0  0  0  0 
 2A  0  0  0  0 .1 20.01  0.01 15  0 15.01  0  0.01.01.01  0  0  0  0  0  0  0 
 2A.01  0  0  0 
 4A .1  0  0  0  0 25.01  0  0 20  0 20 .1  0  0  0.01 .1  0  0  0  0  0  0.01 
 4A  0 .1  0  0 
 4C  0  0  0  0 .1 45 .1  0 .1 15  0 10 .1  0  0.01.01.01  0  0  0  0.01  0.01 
 4C.01  0  0  0 
 4E  0  0  0.01 .1 60  0  0.01 10  0 20.01  0  0.01.01  0  0  0  0  0  0  0  0 
 4E  0  0  0  0 
 4G  1.01  0  0 .1 40 .1  0  0  3  0 30.01  0  0  0.01 .1  0  0  0  0  0  0.01 
 4G  0  0  0  0 
 4I .1  0  0  0 .1 30  0  0  0 20  0 25 .1  0  0  0 .1  0  0  0  0  0  0  0  0 
 4I  0  0  0  0 
 6I  0  0.01  0  0 25.01  0.01 25  0 25.01  0  0  0.01.01.01  0  0  0  0  0  0 
 6I  0  0  0  0 
 6G.01  0.01  0  0 40  0  0.01 20  0 10 .1  0  0.01.01  0  0  0  0  0  0  0  0 
 6G  0  0  0  0 
 6E.01  0.01  0 .1 20  0  0.01 15  0  5  0  0  0  0.01  0  0  0  0  0  0  0  0 
 6E.01  0  0  0 
 6C  0  0  0  0  0 50 .1  0.01  5  0 15 .1  0  0.01.01 .1  0  0  0  0  0  0  0 
 6C .1  0  0  0 
 6A.01  0  0  0.01  3 .1  0  0 15  0 20 .1  0  0.01.01.01  0  0  0  0  0  0  0 
 6A .1  0  0.01 
 8A.01  0  0  0  0 20  0  0  0 35  0 15.01  0  0.01.01.01  0  0.01  0  0  0  0 
 8A.01  0  0  0 
 8C.01  0  0  0  0 10  0  0  0 10  0 15 .1  0  0.01  1 .1  0  0  0  0  0  0  0 
 8C  0.01  0  0 
 8E.01  0 .1  0.01 50  0  0  0 15  0 25 .1  0  0.01.01  0  0  0  0  0  0  0  0 
 8E  0  0  0  0 
 8G  0  0 .1  0  0 20  0  0.01 40  0  1 .1  0  0  0.01  0  0  0  0  0  0  0  0 
 8G  0 .1  0  0 
 8I  0  0.01  0.01 25  0  0  0 20  0 20  2  0  0  0.01  0  0  0  0  0  0  0  0 
 8I  0  0  0  0 
