This is one of the Hondo-Slave Lake vascular stand tables (1981 or
1982) that were generated as a result of the fix-up effort of
11-1983 thru 2-1984. In particular, variable order is the same for
both years and will hopefully remain so for 1983 stand tables.
The observer code variable has also been added.
 
0A   2  0  0  0 .5 25  0 .5  0  0  0 .5  0  0  0  0  0  0 .1 .5  0  0  2  0  0
     0 .5  0  0  0 .5  0 .1  0 .5  0 .5  0  0  1 15  0  0
0C   5  0  0  0 .5 30  0  1  0  0  0  0  0  0  0  0 .1  0 .5  0  0  0  0  0  0
     0  0 .1  0  0 .5  0  0  0 .5  0 .1  0  0  0 15  0  0
0E   2  0  0  3 .5 25  0 .5  0  0  0  0  0  0  0  0 .1  0  0  0  0  0  0  0  0
     0 .1  0  0  0 .5  0 .5 .1  1  0 .1  0  0  0 10  0  0
0G  20  0  0 .5 .1 40  0 .5  0  0  0  0  0  0  0  0  0  0  0  0  0  0  0  0  0
     0 .5 .1  0  0 .1  0  0  0 .1  0  0  0  0  0  4  0  0
0I  35  0  0  8 .1 10  0 .1  0  0 .5  0  0  0  0  0  0  0  0  0  0  0 .1  0  0
    .5  0  0  0  0  0  0 .1  0 .1  0  0  0  0  0  5  0  0
2A  15  0  0 .5  0 15  0 .5  0  0  0 .5  0  0  0  0 .5  0 .5  0  0  0  0  0  0
     0 .1 .1 .1  0 .5  0 .5  0  1  0  1  0  0  1 10  0  0
2C  20  0  0  6  0 10 .1 .5  0 .5  0 .5  0  0  0  0  0  0  0  0 .1  0  0  0  0
    .5  0  0 .1  0  0  0 .5  0 .5  0 .1  0  0 .5 10  0  0
2E  15  0  0  0 .5 15 .1  1  0  0  0  4  0  0 .1  0  0  0  0  0  0  0  1  0  0
     1  0  0  0  0  0  0  0  0 .1  0  0  0  0  2 30  0  0
2G  30  0  0 10 .1 15  0 .5  0  0  0  0  0  0  0  0  0  0  0  0 .1  0  2  0  0
     0  0  0  0  0  0  0  0  0 .5  0  0  0  0  1 25  0  0
2I  35  0  0  7  0 15 .1 .5  0  0  0 .1  0  0  0  0  0 .1  0  0  0  0  2  0  0
    .5  0  0  0  0  0  0 .5  0  0  0  0  0  0 .5 30  0  0
4A   5  0  0  0 .5 30  0  1  0  0  0 .5  0  0  0  0 .1  0  0  0  0  0  0  0  0
     0  0 .5  0  0  1 .1  0  0  1  0 .1  0  0  1  2  0  0
4C   7  0  0  3 .1  5 .5  1  0  0  0  1  0  0  0  0 .1  0 .1 .1  0  0  0  0  0
     0  0 .5  0  0  1 .1  0  0  1  0  0  0  0 .5  0  0  0
4E  15  1  0  4 .1 20  0 .5  0  0  0  0  0 .1 .1  0 .1  0  0  0  0  0  3  0  0
    .1 .1  0  0  0  0  0 .1  0 .5  0  0  0  0  2 10  0  0
4G  25  0  0  0  0 35  0 .5  0  0  0  0  0  0  0  0  0  0  0  0 .1  0  0  0  0
     0 .1  0  0  0 .1  0 .1  0  1  0 .1  0  0  1  5  0  0
4I   0  0  0  1  0 10  0 .5  0  0  1  0  0  0  0  0  0  0  0  0  0 .1  0  0  0
     0 .5 .1  0  0 .5  0 .1  0 .5  0  0  0  0  0  5  0  0
6A  25  0  0  7  0  2  0 .1  0  0  0  0  0  0  0  0 .1  0  0  0  0  0  0  0  0
     0 .1 .5  0  0  0  0 .1  0 .1  0  0  0  0  2 .5  0  0
6C  15  1  0  5 .1  7  0  1  0  0  0  0  0  0  0  0  0  0 .1 .1  0  0  0  0  0
     0 .1 .1  0  0  0  0 .1  0 .1  0  0  0  0 .1  2  0  0
6E  20  0  0  4 .1  2  0 .5  0  0  0  0  0  0  0  0 .1  0 .1 .1  0  0 .5  0  0
     0 .1 .1  0  0  0  0 .1  0 .1  0  0  0  0  1  4 .1  0
6G  20  0  0  0  0 20  0  1  0  0  0  0  0 .1  0  0  0  0 .1  0  0  0  0  0  0
     0  0  0  0  0  0  0 .1  0  1  0 .1  0  0  1 30  0  0
6I   7  3  0  3  0 25 .1  1  0  0  0  0  0  0  0  0  0  0  0  0  0 .5  0  0  0
     0  0 .1  0  0  1  0 .1  0 .5  0 .1 .5  0  2  5  0  0
8A  25 .1  0 10  0  1  0  0  0  0  0  0  0  0  0  0  0  0  0  0 .1  0  0  0  0
     0 .5 .1  0  0  0  0 .5  0  0  0 .1  0  0 .1 15  0  0
6C  30  0  0  510 .1  3 .1 .5  0 .1  0  0  0  0  0  0  0  0  0  0 .5  0  2  0  0
    .1 .1  0  0  0  0  0 .1  0  0  0  0  0  0  0 17  0  0
8E  20  0  0  3 .1 15  0  1  0 .1  0  0  0  0  0  0  0  0  0  0 .5  0  3  0  0
    .1 .5  0  0  0  0  0 .5  0 .5  0 .1  2  0 .5 20  0  0
8G  15  0  0  5  1  3  0  1  0  0  0  0  0  0  0  0  0  0 .1  0  0  0  2  0  0
    .5 .5  0  0  0  0  0 .5  0 .5  0 .1  0  0  2 25  0  0
8I  10  0  0 .5  0 15  0 .5  0  0  0  0  0  0  0  0  0  0  0  0  0  0 .5  0  0
    .1 .1  0 .1  0 .5  0  1  0  1  0 .1  0  0  3 15  0  0
0A   2  0  0  0  2 20  0  3  0  0  0  1  0 .5 .5  0 .5  0 .5 .5  0 .1  0  0  0
     0 .5 .5 .1  0 .5  0 .5 .1  1  0  0  0 56  3 10  1  2
0C   5  0  0  0  2 30  0  2  0  0  0  0  0 .1  0  0 .5  0 .5 .1  0  0  0  0 .1
     0 .1 .5  0  0 .5  0 .5  0  1  0 .1  0 55  0  5 .1  2
0E  .5  0  0  6  1 20 .1  3  0  0  0  0  0 .5 .5  0  2 .1  0  1  0  0  0  0  0
     0 .5  1 .1  0 .5  0 .5  0  2  0 .1  0 55  0  8  2  2
0G   8  0  0 .5 .5 30  0  1  0  0  0  0  0  1 .1  0  0  0 .1  1  0  0  0  0  0
     0 .1 .5 .1  0  1  0  0  0  1  0  0  0 54  0  4 .5  2
0I  30  0  0 30 .5  6 .5  2  0  0  0  0  0  0  0  0  0 .1  0 .1 .1  0 .5  0  0
     0  0  0  0  0  0  0 .5  0 .1  0  0  0 51  0 10  1  2
2A  20  0  0  1 .5 15  0  3  0  0  0 .5  0 .1  0  0  1  0 .5  1  0 .1  0  0  0
     0  0 .5 .1  0  0  0 .5  1  2  0 .5  0 53  4 10  2  2
2C  20  0  0 15 .1  6  1  4  0  1  0 .5  0 .5  0  0  1  0  0 .5  4  0  0  0  0
     1  0  0  0  0  0  0 .1 .1 .5  0 .1  0 51  3 10  2  2
2E  15  0  0  0  3 20  0  3 .5  0  0 20  0 .5 .5  0 .5 .5  0 .5  0  0  2  0  0
    .5  0  0 .5  0 .1  0  0  0 .1  0  0  0 52  3 25  1  2
2G  15  0  0 20 .5 15  1  2  0 .5  0  0  0  0  0  0 .5 .1  0 .5  2  0  2  0  0
     0  0  0 .5  0  0  0  0  0 .5  0  0  0 52  4 20  2  2
2I  25  0  0 12  1 10  1  3  0  0  0  0  0 .5  0  2  1 .5  0  1  1  0  6  0  0
     0  0  0  0  0  0  0 .5  0  0  0  0  0 50  3 30  4  2
4A   4  0  0  0  3 30  0  3  0  0  0  1  0 .1  0  0  1 .1 .5 .5  0 .5  0  0 .5
     0  0  1  0  0  2  1  0 .5  2  0 .5  0 57  2  2  0  2
4C  10  0  0  3 .1  5 .5  3  0  0  0  1  0  0  0  0 .5  0  0 .5  0  0  0  0  0
     0  0  1  0 .5  4  0  0  0 .5  0 .1  0 56 .5 .5 .5  2
4E  15  3  0 13 .5  8  0  4  0  0  0 .5  0  1  0 .5  1 .5  0 .1  1  0  1  0  0
     0 .5 .1  0  0  0  0 .5  0  1  0  0  0 54  5  6  2  3
4G  15  0  0 .1  0 35  0  2  0  0  0  0  0 .5 .5  0  1  0  0 .5  1  0  0  0  0
     0  0 .1 .1  0 .5  0 .5  0 .1  0 .5  0 53  2  3 .5  3
4I   0  0  0  4  1  4  0  2  0  0  2 .5  0 .5  0  0  1 .5  0 .5 .5 .5  0  0  0
     0 .5 .5 .5  0 .5  0  1  0  1  0 .5  0 54  1  3 .5  3
6A  20  0  0 10 .5  2  0  4  0  0  0  0  0 .5  0  0 .5  0  0 .5  0  0  0  0  0
     0 .5  1  0  0 .1  0 .5  0 .5  0  0  0 53  3  1 .5  3
6C  10  0  0 20 .1  5  0  5  0  0  0  0 .1 .5  0  0  1  0  0 .5  0  0 .1  0  0
     0 .5  1 .1  0  0  0 .5  0 .5  0  0  0 52  1 .5  3  3
6E  15  0  0 10  2  2  0  5  0  0  0  0  0 .5  0  0 .5 .1  0 .5  0  0 .5  0  0
     0  0 .5  0  0  0  0 .5  0 .5  0  0  0 53  3  3  2  3
6G   8  0  0  0  0 10  0  4  0  0  0  0  0 .5  0  0 .5  0  0 .5  1 .1  0  0  0
     0  0 .5 .1  0 .5  0 .5 .5  1  0 .1  0 53  3 15 .5  3
6I   5  0  0  3  2 15 .5  3  0  0  0  0  0 .5  0  0  1 .5  0 .5 .1  0  0  0  0
     0 .1 .5  0  0 .5  0  1  0  1  0  0  1 55  4  1  3  3
8A  25  0  0 15  0  1  0  4  0  0  0  0  0  0  0  1  0  0  0  0  3  0  0  0  0
     0  1 .1  0  0  0  0 .5  0 .5 .1  0  0 51  1  4 .1  3
8C  20  0  0  8 .5 .5 .5  6  0  0  0  0  0  0  0  3  0  0  0  0  3  0  2  0  0
     0 .5  0  0  0  0  0 .5  0 .5  0  0  0 52 .5  8  3  3
8E  15  0  0  8  2  3 .5  4  0  0  0  0  0  1  0  6 .5 .5  0 .5  2  0 .5  0  0
     0  0  0  0  0  0  0  1  0 .5  0  0  2 50  2 20  4  3
8G   8  0  0 12  3 .5  0  3  0 .5  0  0  0 .5 .5  3 .5  0  0 .1 .5  0 .5  0  0
    .1 .5  0  0  0  0  0 .5  0 .5  0  0  0 52  3 10  1  3
8I   4  0  0 .5 .5  3 .5  3  0  0  0  0  0 .5  0  0 .5 .5  0 .5  0  0  0  0  0
     0  0 .5  0  0  0  0 .5  0  1  0  0  0 54  5  7  3  3
0A   3  0 .1  0  1 30  0  2  0  0  0  1  0 .5 .1  0  2 .1 .1 .5 .1 .1  0  0 .5
     0 .1 .5 .1  0 .1 .1 .5 .5  1 .1  0  0  0  2  5  2  3
0C   2  0  0  0  1 35 .1  3  0  0  0  0  0 .1  0  0  1  0 .5 .1  0  0  0  0 .5
     0 .1 .5  0  0 .5  0 .5  0 .5  0.01  0  0  0  2  0  3
0E  .5  0  0 15  0 25 .5  3  0  0  0  0 .1 .5 .5  0  3 .1  0 .5  0  0  0  0  0
     0  0 .5 .1  0 .1  0  2  0 .5  0  0  0  0  0  3  2  3
0G   7  0  0  0 .5 40  0  2  0  0  0  0  0 .5 .1  0  1  0  0 .1  0  0  0  0  0
     0  0 .5 .1  0 .1  0 .1  0  2  0  0  0  0  0 .5 .5  3
0I  25  0  0 35 .5  1  1  3  0  0  0  0  0 .1  0  0  0.01 .1.01 .1  0 .5  0  0
    .5  0 .5  0  0 .1  0 .5  0 .1  0  0  0  0  0  3  1  3
2A  20  0  0  2  0 10  0  1  0  0  0  1  0 .1 .5  0  2.01 .1 .5  0  0  0  0 .5
     0  0 .5 .5  0 .1  0 .5 .1  1  0  0  0  0  3  7  2  3
2C  15  0  0 20  0  1  1  5  0  1  0 .5  0 .5 .5  0 .1  0 .5 .1  5  0  0  0 .1
    .5  0  0  0  0  0  0 .5  0 .5  0  0  0  0  1  7  2  3
2E   7  0  0  0  3  3  0  3  0  0  0 30  0 .5  0  0  1.01 .5 .1  0  0  2  0  0
    .1  0  0  0  0 .5  0  0  0 .1  0  0  0  0  2 30  1  3
2G  20  0  0 25 .1  3 .5  3  0 .5  0  0  0  0 .1  0 .5.01  0 .1  2  0  1  0  0
     0  0  0 .1  0  0  0 .1  0 .5  0  0  0  0  2 20  1  3
2I  25  0  0  7 .5  4 .5  4  0  0  0 .5  0 .5 .1  2 .5 .1 .1 .5 .5  0  1  0  0
    .1.01  0  0  0 .1  0 .5  0 .1  0  0  0  0 .5 40  2  3
4A   4  0  0  0  1 35  0  5  0  0  0 .5  0  0 .5  0  1.01 .5 .1  0 .1  0  0 .1
     0  0 .5  0  0 .1  0  1  0 .5  0  0  0  0 .5 .5  0  3
4C   7  0  0  5 .5  8  1  3  0  0  0  2  0  0  0  0 .5  0 .5 .1  0  0  0  0 .1
     0  0 .5  0  0 .5  0 .5  0  1  0.01  0  0 .1 .1 .1  3
4E  15  2  0 15 .5  5  0  4  0  0  0  0  0 .5 .5  0  1.01 .5 .1 .5  0  1  0  0
     0 .1 .5  0  0  0 .1 .5  0 .5  0  0  0  0  1  8 .5  3
4G  12  0  0 .1  0 35  0  1  0  0  0  0  0 .1 .5  0 .5.01 .1 .1 .1  0  0  0  0
     0  0 .5.01  0 .5  0  0  0 .1  0.01  0  0 .5 15 .1  2
4I   0  0  0  2 .1  5  0 .5  0  0  1  0  0  0 .1.01  1 .1 .1 .5 .1 .1  0  0 .1
     0.01 .5.01  0 .5  0 .5  0 .1  0  0  0  0 .1  0 .1  2
6A  20  0  0 10 .1  1  0  2  0  0  0  0  0 .1  0  0 .5.01 .1.01  0  0  0  0  0
   .01  0  1  0.01  0  0  0  0  0  0  0  0  0  1 .5 .5  2
6C  20  0  0 10 .5  4 .1  3  0  0  0  0  0  0 .1  0 .1.01 .5 .1  0  0 .1  0  0
     0.01 .5  0.01  0  0 .1.01 .1  0.01  0  0 .5  1 .5  2
6E  15  0  0  3 .5  2  0  2  0  0  0  0  0  0 .1  0 .5.01.01 .1  0  0 .5  0  0
     0  0 .1 .1  0  0  0 .1.01 .1  0.01  0  0  3  3  1  2
6G  10  0  0  0  0 12 .1  2  0  0  0  0  0 .5 .1  0  1  0 .1 .1 .1 .1  0  0  0
     0  0 .5 .1  0 .5  0.01.01 .5  0 .1  0  0  1 12 .5  2
6I   1  0  0  2  1 20  0  2  0  0  0  0  0  0 .1  0  2 .1 .1 .5  0  0  0  0  0
     0  0 .5  0  0 .1  0.01  1 .5  0 .1 .1  0  4  5  2  2
8A  30.01  0 15  0 .5  0  2  0  0  0  0  0  0  0 .5  0.01  0  0  3  0  0  0  0
     0 .1 .1  0.01  0  0 .5  0.01 .1  0  0  0 .5  7 .1  2
8C  25  0  0 12 .5  3  1  2  0 .5  0  0  0  0  0  2  0  0  0 .1  1  0  1  0  0
     0  0  0  0.01  0  0 .5  0  0  0  0  0  0  0 10  1  2
8E  12  0  0  6  1  7  0  3  0 .5  0  0  0 .1 .5  3 .5 .1  0 .5  2 .1  2  0  0
     0  0  0.01  0  0  0 .1  0 .1  0 .1 .5  0  2 10  2  2
8G  12  0  0 15  2  5  0  2  0  1  0  0  0  0 .5  4 .5  0  0  0 .1 .1  3 .1  0
     0  0  0 .1  0 .1  0 .5 .1 .5  0  0  0  0  5  8 .5  2
8I   5  0  0 .1 .5  7 .5  2  0  0  0  0  0 .1  0  0  1.01 .1 .5  0  0  1  0  0
     0  0 .1 .1  0  0  0 .5 .1 .1  0 .1  0  0  5  8  2  2
0A   1  0 .1  0  1 30  0  1  0  0  0 .5  0 .1 .1  0 .5.01 .1 .1  0 .1 .5  0 .5
     0 .1 .1 .1  0.01  0 .1.01 .5.01.01  0 54  1 15 .5  2
0C   3  0  0  0 .5 35 .1  2  0  0  0.01  0 .1  0  0 .5  0 .5 .1  0  0  0  0  1
     0.01 .5.01  0 .1  0 .1  0 .1  0.01  0 54  0  5 .1  2
0E   2  0  0 10 .1 15 .5  2  0  0  0  0  0 .1 .1  0  2.01 .1 .1  0  0  0  0  0
     0 .1 .1 .1  0 .1  0 .5  0 .5  0.01  0 52  0  6  2  2
0G   7  0  0 .5 .5 45  0  2  0  0  0  0  0.01 .1  0  1.01.01 .5  0  0  0  0  0
     0  0 .5 .1  0  1  0.01  0  1  0.01  0 53  0 10 .1  2
0I  20  0  0 15 .5  3  1  2  0  0  0  0  0.01  0 .1  0.01  0  0  0  0 .1  0  0
    .1.01.01  0.01  0  0 .5  0.01  0  0  0 53  0  5 .5  2
2I  20  0  0 12  1  4  1  3  0  0  0 .5  0 .1.01  5 .5 .1.01 .5  1  0  2  0  0
    .1.01.01.01  0.01  0 .1  0.01  0  0  0 52 .5 20  3  2
2G  25  0  0 15 .1 10 .5  2  0 .5  0  0  0.01  0  0 .5.01  0 .1  4  0  2  0  0
     0  0  0 .1.01  0  0.01  0 .5  0  0  0 53  1 10  2  2
2E  10  0  0  0  2 10 .5  1  2  0  0 15  0 .1 .1  0  2.01 .5  0  0  0  2  0  0
    .5  0 .1 .1  0  0  0 .1.01 .1  0  0  0 52  1 25 .5  2
2C  28  0  0 20.01  3 .5  3  0  1  0 .5  0 .1 .5  0 .5  0 .1 .1  2  0 .1  0 .1
     1  0  0 .1  0.01  0 .1 .1 .5  0  0  0 54  1  6  2  2
2A  15  0  0  1 .5 15  0  1  0  0  0  1  0 .5  0  0  2.01 .5 .5  0  0  0  0 .5
     0 .1 .5 .1  0 .1  0 .5  0  1 .1 .1  0 54  3  5  2  2
4A   4  0  0  0  1 40  0  3  0  0  0 .5  0.01  0  0  2.01  0 .5  0.01  0  0 .1
     0.01  1.01  0  1 .5  0 .1 .5  0  0  0 56 .5 .5  0  2
4C  10  0  0  3 .1  3 .5  2  0  0  0 .5  0  0  0  0 .5  0 .1.01  0  0  0  0 .1
     0  0 .5  0.01 .1  0  0  0 .1  0.01  0 55 .1 .1.01  3
4E  10  1  0  5 .1  4  0  2  0  0  0  0  0 .1  0  0 .5.01 .1 .1 .1  0 .5  0  0
     0 .1 .1.01  0  0  0.01  0 .1  0  0  0 55  1  4 .5  3
4G  25  0  0  0  0 40  0  1  0  0  0  0  0 .1 .1  0 .1.01 .1 .1 .5  0 .1  0  0
     0  0 .5  0  0.01  0.01  0 .1  0.01  0 54 .1  1 .1  3
4I   0  0  0  1 .1  5  0 .5  0  0 .5  0  0.01  0  0 .5.01 .1 .1 .1 .1  0  0 .1
     0  0 .1 .1  0 .1  0 .1  0.01  0  0  0 53 .1  2 .1  3
6I   1  0  0  3  1 25 .5  1  0  0  0  0  0  0 .1  0  1.01 .1 .1  0  0  0  0  0
     0  0 .5  0  0  0  0 .5  0.01  0.01 .1 54  2 .1  2  3
6G  10  0  0  0  0 20  0  2  0  0  0  0  0 .5  0  0 .5.01 .5 .1 .1 .1.01  0  0
     0  0 .1.01  0  0  0 .1  0.01  0  0  0 54 .5 15 .1  3
6E  20  0  0  6  1  2  0  3  0  0  0  0  0 .1.01  0 .5.01 .1 .1  0  0 .1  0  0
     0  0 .1 .1  0  0  0.01  0.01  0  0  0 54  3  2  1  3
6C  10  0  0  8 .1  4  0  3  0  0  0  0  0.01.01  0 .1.01 .5 .1  0  0  0  0  0
     0.01 .5  0  0  0  0.01  0 .1  0.01  0 54  1 .1  1  3
6A  25  0  0 10 .1 .1  0  2  0  0  0  0  0 .1  0  0 .1.01 .1.01  0  0  0  0  0
   .01  0 .5  0.01  0  0.01  0.01  0  0  0 54 .5 .5 .1  3
8A  35  0  0 10  0 .1  0  3  0  0  0  0  0  0  0 .5  0.01  0  0  1  0.01  0.01
     0 .1  0  0.01  0.01 .1  0  0  0.01  0 52  0  5 .1  3
8C  20  0  0  7.01 .1 .5  2  0 .1  0  0  0  0  0  2  0  0  0  0 .5  0 .5  0  0
    .1.01  0  0  0  0  0 .1  0  0  0  0  0 52 .1 15  1  3
8E   8  0  0  6  1 15 .1  2  0 .5  0  0  0 .1  0  3 .5.01  0 .1 .5.01  2  0  0
     0.01.01.01  0  0  0 .1  0  0  0  0 .1 52  2 10  2  3
8G  10  0  0  7  1  1  0  1  0 .5  0  0  0  0 .1  5 .5.01  0 .1 .1 .1  1  0  0
     0  0  0  0  0  0  0 .1  0.01  0.01  0 52  4 20 .5  3
8I   4  0  0 .1 .1  7 .5  1  0  0  0  0  0 .1  0  0 .5.01 .1 .1  0  0  0  0  0
     0  0 .1 .1  0  0  0 .1  0 .1  0.01  0 53  5  7  2  3
0A   2  0 .1  0 .1 35  0 .5  0  0  0 .5  0 .1  0  0 .5  0  0 .1  0  0  0  0  0
     0 .1 .5 .1  0 .1  0  0 .1.01  0  0  0 44 .1  3  0  3
0C   3  0  0  0.01 35.01 .5  0  0  0  0  0  0  0  0 .1  0 .5  0  0  0  0  0  0
     0.01 .5 .1  0 .1  0 .1  0 .1  0  0  0 46  0 .5  0  3
0E   1  0  0  3  0 25 .1 .5  0  0  0  0  0 .1  0  0  2  0 .1 .1  0  0  0  0  0
     0 .1  0 .1  0 .1  0 .5  0.01  0  0  0 46  0  3  0  3
0G   4  0  0  0 .1 40  0 .5  0  0  0  0  0.01  0  0 .5.01 .1.01  0  0  0  0  0
     0  0 .1 .1  0 .1  0.01  0 .1  0  0  0 46  0  1  0  3
0I  20  0  0  7 .1  2 .1  2  0  0  0  0  0  0  0  0 .1  0.01  0  0  0 .5  0  0
    .1.01  0  0.01 .1  0  0  0  0  0  0  0 45  0  2  0  3
2I  15  0  0  3 .1  2.01  1  0  0  0 .1  0.01  0  0 .1.01  0.01 .1  0  2  0  0
    .1  0  0 .1  0.01  0 .1  0.01  0  0  0 45 .1 30  0  3
2G  15  0  0  6.01  5  0 .5  0 .1  0  0  0  0  0  0 .1.01  0.01 .5  0 .5  0  0
     0  0  0 .1  0  0  0  0  0.01  0  0  0 46 .5 20  0  3
2E   5  0  0  0 .5  3 .5  2  0  0  0  7  0 .1  0  0  1.01  0  0  0  0  2  0  0
    .1  0  0 .1  0  0  0.01  0.01  0  0  0 46  1 30  0  3
2C   7  0  0 10.01  1 .1  2  0  1  0 .1  0 .1  0  0 .5  0 .1.01 .5  0  0  0.01
    .1  0  0.01  0  0  0 .5  0 .1  0  0  0 46  1  5  0  3
2A   7  0  0  0  0 20  0 .5  0  0  0 .5  0  0  0  0  1  0 .5 .1  0  0  0  0  0
     0  0 .1 .1  0 .1  0 .1  0.01  0.01  0 46  2  5  0  3
4A   2  0  0  0 .1 30  0  1  0  0  0  0  0.01  0  0  1  0 .1 .1  0.01  0  0  0
     0  0 .5 .1  0 .5  0 .1  0 .1  0  0  0 46 .1 .1  0  3
4C  10  0  0  3 .1  4 .5  1  0  0  0  1  0  0  0  0 .5  0 .1.01  0  0  0  0  0
     0  0 .5  0  0 .5  0 .1  0.01  0.01  0 46.01 .1  0  3
4E   5  1  0  0.01  7  0  2  0  0  0  3  0 .1  0  0 .5  0  0.01  0  0 .5  0  0
     0 .1 .1 .1  0  0  0 .1  0.01  0  0  0 46  1 10  0  3
4G  10  0  0  0  0 30  0  1  0  0  0  0  0 .1  0  0  1.01 .1 .1.01.01  0  0  0
     0.01  1.01  0  1  0  0  0 .5  0  0  0 45  1 10  0  2
4I   0  0  0  1  0  6  0 .5  0  0  1.01  0  0  0  0  1.01  1 .5.01.01  0  0  0
     0 .1 .5 .1  0  1  0 .5.01.01  0.01  0 46 .1  2  0  2
6I   2  0  0  2 .1 20 .1  1  0  0  0  0  0 .1.01  0  2.01 .5 .1  0  0  0  0  0
     0  0 .5 .1  0 .5  0  0  1 .1  0.01 .5 47  3  3  0  2
6G  14  0  0  0  0 15 .1  2  0  0  0  0  0 .5  0  0 .5.01 .5 .1 .1 .1  0  0  0
     0  0 .1.01.01 .1  0 .1 .1 .1  0.01  0 46  2 10  0  2
6E  12  0  0  4 .1  3  0  2  0  0  0  0  0.01  0  0  1.01  0 .1  0  0 .1  0  0
     0  0 .5 .1  0.01  0  0.01.01  0  0  0 46  2  3  0  2
6C  18  0  0  5 .1  5  1  4  0  0  0  0  0.01  0  0 .5.01  1 .1  0  0 .1  0  0
     0 .1 .5  0  0  0  0 .1.01 .1  0.01  0 45  1 .1  0  2
6A  25  0  0  4 .1  1 .1  2  0  0  0  0  0 .1  0  0 .5.01 .5  0  0  0  0  0  0
     0  0  1  0.01  0  0.01  0  0  0  0  0 44 .5  1  0  2
8A  30.01  0  2  0  1  0  3  0  0  0  0  0  0  0  0  0  0  0  0  2  0 .1  0  0
   .01 .1.01  0  0  0  0 .5  0.01  0  0  0 44  0  4  0  2
8C  20  0  0  4 .1  3 .5  2  0 .1  0  0  0  0  0  0  0  0  0  0 .5  0  2  0  0
    .1  0  0  0  0  0  0 .1  0  0  0  0  0 43 .5 12  0  2
8E  12  0  0  5  2  5 .1  2  0 .5  0  0  0 .1 .5  0 .5.01  0 .1  1.01  3  0  0
     0.01  0  0  0  0  0.01.01.01  0.01 .5 45  1 10  0  2
8G   8  0  0  5  1  3  0  2  0  1  0  0  0  0 .1  0  1.01  0 .5  0.01  3  0  0
    .5.01  0 .1  0  0  0 .1 .1.01  0.01  0 45  4 15  0  2
8I   4  0  0 .1 .1 12 .5  1  0  0  0  0  0 .1  0  0  2.01 .5 .1  0  0  1  0  0
     0  0  0 .5  0  0  0 .1  0 .1  0  0  0 45  5 10  0  2
0A  .5  0  0  0.01 30  0.01  0  0  0.01  0  0  0  0 .1  0  0  0  0  0  1  0  0
     0 .1 .1  0.01  1  0  0  0.01  0.01  0 36 .1 10  0  2
0C   4  0  0  0  0 30  0.01  0  0  0  0  0  0  0  0.01  0  0  0  0  0  0  0  0
     0.01  0.01  0 .5  0  0  0.01  0.01  0 36  0  5  0  2
0E   1  0  0 .5  0 15  0.01  0  0  0  0  0  0  0  0 .1  0 .1  0  0  0  0  0  0
     0.01  0  0  0  1  0  0  0.01  0.01  0 36  0  3  0  2
0G   8  0  0.01  0 35  0.01  0  0  0  0  0  0  0  0.01  0  0  0  0  0  0  0  0
     0  0 .1  0  0  1  0  0  0 .1  0  0  0 37  0  5  0  2
0I  13  0  0  1  0  1.01.01  0.01  0  0  0  0  0  0  0  0  0  0  0  0 .5  0  0
    .1  0  0  0  0  0  0  0  0  0  0  0  0 37  0  2  0  2
2I  20  0  0  1  0 15.01.01  0.01  0  0  0  0  0  0  0  0  0  0  0  0  2  0  0
    .5  0  0  0  0  0  0  0  0  0  0  0  0 38  0 15  0  2
2G  15  0  0  1  0 10.01.01  0  0  0  0  0  0  0  0  0  0  0  0  0  0  1  0  0
     0  0  0.01  0  0  0  0  0.01  0  0  0 37 .1 10  0  2
2E   7  0  0  0  0 10  0.01.01  0  0  1  0  0  0  0 .1  0 .1  0  0  0  1  0  0
    .1  0  0  0  0 .1  0  0  0.01  0  0  0 36  1 20  0  2
2C  12  0  0  2  0  2  0 .1  0.01  0.01  0  0  0  0  0  0.01  0  0  0  0  0  0
    .5  0  0  0  0.01  0  0  0.01  0.01  0 37 .1  5  0  2
2A   8  0  0 .1  0 15  0.01  0  0  0.01  0  0  0  0 .1  0 .5  0  0  0  0  0  0
     0 .1  0  0  0 .5  0  0  0.01  0.01  0 37 .5 10  0  2
4A   3  0  0  0  0 30  0.01  0  0  0  0  0  0  0  0 .1  0 .1  0  0  0  0  0  0
     0.01  0  0  0 .5  0  0  0  0  0  0  0 36 .1  0  0  3
4C   6  0  0 .5  0  4  0 .1  0  0  0  0  0  0  0  0  0  0.01  0  0  0  0  0  0
     0  0.01  0  0 .1  0  0  0  0  0.01  0 35 .1 .5  0  3
4E   8 .5  0  1  0 15  0.01  0  0  0  0  0  0  0  0.01  0  0  0  0  0  0  0  0
     0 .1  0  0  0.01  0  0  0.01  0  0  0 36 .1  5  0  3
4G  20  0  0  0  0 35  0.01  0  0  0  0  0  0  0  0  0  0 .1  0  0  0 .1  0  0
     0  0  0  0  0 .5  0  0  0  0  0  0  0 36 .1  5  0  3
4I   0  0  0 .1  0  7  0.01  0  0  0  0  0  0  0  0  0  0.01  0  0  0  0  0  0
     0 .1.01  0  0 .1  0  0  0  0  0  0  0 34  0  3  0  3
6I   2  0  0 .5  0 25  0.01  0  0  0  0  0  0  0  0 .1  0 .1  0  0  0  0  0  0
     0 .1 .1  0  0 .5  0  0  0  0  0  0 .1 35.01  2  0  3
6G   8  0  0  0  0 15  0 .1  0  0  0  0  0  0  0  0  0  0 .5  0  0  0  0  0  0
     0  0 .1  0  0 .1  0  0  0  0  0.01  0 36 .1 25  0  3
6E  10  0  0  0  0  1  0 .1  0  0  0  0  0  0  0  0  0  0  0  0  0  0 .5  0  0
     0 .1.01  0  0 .1  0  0  0.01  0  0  0 37 .1  3  0  3
6C   7  0  0  1  0  5  0 .1  0  0  0  0  0  0  0  0  0  0 .1  0  0  0  0  0  0
     0 .1.01  0  0  0  0  0  0.01  0  0  0 37  0 .5  0  3
6A  15  0  0 .5  0  1  0.01  0  0  0  0  0  0  0  0  0  0 .1  0  0  0  0  0  0
     0  0 .1  0  0  0  0  0  0  0  0  0  0 37 .1 .5  0  3
8A  25  0  0 .5  0 .1  0.01  0  0  0  0  0  0  0  0  0  0  0  0  0  0  1  0  0
     0 .5  0  0  0  0  0  0  0  0  0  0  0 37.01 10  0  3
8C  20  0  0 .5  0 .5  0 .1  0  0  0  0  0  0  0  0  0  0  0  0  0  0  2  0  0
    .1  0  0  0  0  0  0  0  0  0  0  0  0 37.01 15  0  3
8E  10  0  0 .1  0  5  0.01  0  0  0  0  0  0  0  0 .1  0  0  0  0  0  3  0  0
     0  0  0  0  0  0  0  0  0  0  0  0 .1 38 .1 15  0  3
8G   7  0  0 .5  0  5  0  0  0  0  0  0  0  0  0  0  0.01  0  0  0  0  2  0  0
     0  0  0  0  0 .1  0  0  0  0  0  0  0 37 .1 20  0  3
8I   2  0  0.01  0 15  0.01  0  0  0  0  0  0  0  0 .1  0  0  0  0  0 .1  0  0
     0  0  0  0  0.01  0  0  0.01  0  0  0 38 .1 15  0  3
