0A1 .5  0.01  0.01 18  0.01  0  0  0 .1  0  0  0  0.01  0.01.01  0  0 .5  0  0
0A2  0 .1.01  0  0 .5  0  0.01 .1  0.01  0 40 .1 12  0 24
0C1  1  0  0  0.01 34  0.01  0  0  0  0  0  0  0  0  0  0 .1  0  0  0  0  0  0
0C2  0  0 .1  0  0 .1  0.01  0.01  0.01  0 42  0  2  0 24
0E1 .5  0  0  2.01 19  0 .1  0  0  0  0  0  0  0  0 .1  0 .1  0  0  0  0  0  0
0E2  0 .1.01  0  0 .1  0.01.01.01  0.01  0 42  0  6  0 24
0G1  6  0  0  0.01 35  0.01  0  0  0  0  0  0  0  0.01  0  0  0  0  0  0  0  0
0G2  0.01  0  0  0 .1  0  0  0.01  0  0  0 45  0  2  0 24
0I1 19  0  0  2.01  2.01.01  0  0  0  0  0  0  0  0  0  0.01  0  0  0 .1  0  0
0I2.01.01  0  0  0  0  0.01  0  0  0  0  0 40  0  4  0 24
2I1 15  0  0  1.01 15.01.01  0  0  0.01  0  0  0  0.01  0  0  0  0  0 .1  0  0
2I2  0.01  0  0  0.01  0.01.01.01  0  0  0 42  0 20  0 24
2G1 10  0  0  3  0  7.01.01  0  0  0  0  0  0  0  0.01  0  0  0  0  0  1  0  0
2G2  0  0  0  0  0  0  0  0  0.01  0  0  0 46 .1 10  0 24
2E1 15  0  0  0.01  8  0 .1  0  0  0  6  0  0  0  0.01  0.01  0  0  0 .1  0  0
2E2.01  0  0  0  0  0  0  0  0.01  0  0  0 46  0 45  0 24
2C1 20  0  0  2  0  2.01.01  0  0  0.01  0  0  0  0  0  0  0  0  0  0  0  0  0
2C2  0.01  0  0  0  0  0  0  0.01  0  0  0 43.01  3  0 24
2A1  9  0  0  0  0 17  0.01  0  0  0.01  0  0  0  0.01  0  0  0  0  0  0  0  0
2A2  0  0.01  0  0.01  0.01  0.01  0.01  0 46 .1  8  0 24
4A1  1  0  0  0.01 35  0.01  0  0  0.01  0  0  0  0.01  0.01.01  0  0  0  0  0
4A2  0  0.01  0  0 .1  0  0  0.01  0  0  0 53.01  1  0 24
4C1  6  0  0  1.01  7.01.01  0  0  0  0  0  0  0  0.01  0  0  0  0  0  0  0  0
4C2  0  0.01  0  0 .1  0  0  0.01  0.01  0 47  0 .1  0 24
4E1  8  1  0  3.01  6.01.01  0  0  0  0  0  0.01  0.01  0  0  0  0  0.01  0  0
4E2  0.01.01  0  0.01  0.01  0.01  0  0  0 44 .1  8  0 24
4G1 12  0  0  0  0 30  0.01  0  0  0  0  0  0  0  0.01  0.01  0  0  0.01  0  0
4G2  0.01.01  0  0.01  0  0  0.01  0.01  0 47.01 10  0 24
4I1  0  0  0 .1.01  8.01.01  0  0  0  0  0  0  0  0.01  0  0  0  0  0  0  0  0
4I2  0  0  0  0  0 .1  0.01  0.01  0  0  0 44  0  2  0 24
6I1  1  0  0 .5.01 20.01.01  0  0  0  0  0  0  0  0.01  0 .1  0  0  0  0  0  0
6I2  0  0 .1  0  0 .5  0  0.01.01  0  0 .5 45 .1  3  0 24
6G1 10  0  0  0  0 15.01.01  0  0  0  0  0.01  0  0.01  0 .1  0  0  0 .1  0  0
6G2  0.01 .1  0  0 .5  0  0.01 .1  0.01  0 45 .1 15  0 24
6E1 15  0  0  1 .1 .5  0.01  0  0  0  0  0  0  0  0.01  0  0  0  0  0 .1  0  0
6E2  0.01.01.01  0  0  0  0  0.01  0.01  0 48 .1  4  0 24
6C1 14  0  0  2.01  5.01 .1  0  0  0  0  0  0  0  0.01  0 .1  0  0  0  0  0  0
6C2  0 .1 .1  0  0  0  0  0  0.01  0.01  0 45.01 .5  0 24
6A1 20  0  0  2  0  1  0.01.01  0  0  0  0  0  0  0  0  0.01  0  0  0  0  0  0
6A2  0.01 .1  0  0  0  0.01  0.01  0  0  0 45.01  1  0 24
8A1 20.01  0  3  0 .1  0.01  0  0  0  0  0  0  0  0  0  0  0  0  0  0 .1  0  0
8A2  0 .1.01  0  0  0  0.01  0  0  0  0  0 43.01  8  0 24
8C1 20  0  0  1.01  2.01 .1  0  0  0  0  0  0  0  0  0  0  0  0  0  0  2  0  0
8C2.01.01  0  0  0  0  0.01  0  0  0  0  0 46.01 10  0 24
8E1 14  0  0  1.01  5.01.01  0  0  0  0  0  0  0  0.01  0  0  0  0  0  2  0  0
8E2  0.01  0  0  0  0  0.01  0  0  0  0 .1 42.01  8  0 24
8G1 15  0  0  3 .1  3  0.01  0.01  0  0  0  0  0  0.01  0  0  0  0  0  3  0  0
8G2.01.01  0  0  0.01  0.01  0.01  0.01  0 41 .5 15  0 24
8I1  3  0  0.01.01  8.01.01  0  0  0  0  0  0  0  0 .1  0  0  0  0  0  0  0  0
8I2  0  0.01.01  0  0  0.01  0.01  0.01  0 44 .1  9  0 24
0A1  1  0 .1  0 .1 20  0  1  0  0  0  1  0 .1.01  0 .1.01 .1 .1  0.01  2  0  0
0A2  0.01 .1.01  0 .1  0.01  0 .1  0.01  0 48  1 10 .5  2
0C1  4  0  0  0 .1 25.01  2  0  0  0 .1  0  0.01  0 .5  0 .1.01  0  0  0  0  0
0C2  0  0 .1  0  0 .5  0.01  0.01  0  0  0 48  0  8 .1  2
0E1  1  0  0  3 .1 19 .1  2 .1  0  0  0.01 .1.01  0 .5.01 .1 .5  0  0  0  0  0
0E2  0  0  0.01  0 .1  0.01.01 .1  0  0  0 47 .1  8  1  2
0G1 12  0  0  0.01 33  0  1  0  0  0  0  0.01 .1  0 .5.01  0 .1  0  0 .5  0  0
0G2  0 .1 .1.01  0  1  0.01  0 .1  0  0  0 49  0  7 .1  2
0I1 20  0  0  5.01  3  1  1  0  0 .5  0  0  0 .1  0  0  0  0  0.01  0  1  0  0
0I2 .1  0.01  0.01.01  0.01  0.01  0  0  0 47  0  3  1  2
2I1 17  0  0  4.01  8  1  2  0  0  0.01  0.01  0 .1.01  0  0.01 .1  0  2  0  0
2I2 .1  0  0  0  0 .1  0 .1  0  0  0  0  0 50 .5 17  2  2
2G1 18  0  0  5  0 10 .5  2  0  0  0  0  0  0  0  0  0.01  0 .1 .1  0  1  0  0
2G2  0  0  0 .1  0  0  0  0  0 .1  0  0  0 49  2 10  2  2
2E1 11  0  0  0 .5  9 .1  2  1  0  0  5  0.01 .1  0 .5  0 .1  0  0  0  2  0  0
2E2 .1  0  0 .1.01  0  0  0  0.01  0  0  0 49  2 15 .1  2
2C1 15  0  0  3.01  3 .5  2  0 .1  0 .5  0 .1  0  0 .1.01.01.01 .5  0 .5  0  0
2C2.01  0  0.01  0  0  0 .1  0.01  0  0  0 49  1  5  1  2
2A1 13  0  0 .5 .1  8  0 .5  0  0  0  1  0.01.01  0 .5  0 .1.01  0  0  0  0  0
2A2  0  0.01 .1  0 .1  0.01.01 .1  0 .1  0 49  2  7 .1  2
4A1  2  0  0  0 .5 22  0  2  0  0  0 .5  0.01.01  0 .5.01.01 .1  0 .1  0  0  0
4A2  0  0 .5  0  0 .5  0  0.01 .1  0.01  0 50  1 .5  0  2
4C1  5  0  0  1 .1  4 .5  1  0  0  0  2  0  0  0  0 .1  0.01.01  0  0  0  0  0
4C2  0  0 .1  0.01 .1  0  0  0 .1  0.01  0 51 .1 .1 .1  2
4E1 10  2  0  3.01  8  0  1  0  0  0.01  0.01 .1  0 .1.01  0.01 .1  0  1  0  0
4E2  0  0  0  0  0  0  0.01  0.01  0  0  0 50  1  5 .5  2
4G1 14  0  0 .5  0 27  0 .1 .1  0  0  0  0.01 .1  0 .1.01 .1.01.01  0 .5  0  0
4G2  0  0.01.01  0 .1  0.01  0 .1  0.01  0 53  1 13.01  2
4I1  0  0  0 .5  0  4  0 .1  0  0 .1 .1  0.01  0  0 .5.01  0 .1  0  0  0  0  0
4I2  0  0 .1.01  0 .5  0 .1 .1 .1  0.01  0 54 .1  1  0  4
6I1  1  0  0  0 .1 20  0 .5  0  0  0  0  0 .1  0  0 .5.01 .1 .1  0  0  0  0  0
6I2  0  0 .1 .1  0  0  0 .5  0 .1  0  0  0 53  1 .5  3  4
6G1  5  0  0  0  0 20.01  1  0  0  0  0  0 .1  0  0 .1.01 .1 .1.01 .1 .1  0  0
6G2  0  0 .1.01  0.01  0 .1  0 .1  0 .1  0 51  1  5  1  4
6E1  7  0  0  2 .1 .5  0  1  0  0  0  0  0.01  0  0 .1.01  0 .1  0  0 .1  0  0
6E2  0  0.01.01  0  0  0.01  0.01  0.01  0 53 .5  4  1  4
6C1  6  0  0  4.01  6.01  2  0  0  0  0  0  0 .1  0 .1  0.01  0 .1  0 .1  0  0
6C2  0.01 .1  0  0  0  0 .1  0 .1  0.01  0 50 .1 .5  1  4
6A1 10  0  0  3 .1  1  0  1  0  0  0  0  0.01 .1  0.01  0.01  0  0  0  0  0  0
6A2  0  0 .1  0  0  0  0.01  0.01  0  0  0 51 .1 .1 .5  4
8A1 10  0  0  3  0 .1  0  1  0  0  0  0  0  0  0  0  0  0  0  0  1  0  0  0  0
8A2  0 .1.01  0  0.01  0 .1  0  0  0  0  0 49  0  3  0  4
8C1 10  0  0  2  0  2.01  1  0.01  0  0  0  0.01  0  0  0  0.01 .5  0 .5  0  0
8C2  0.01  0  0  0  0  0 .1  0  0  0  0  0 51.01  3  1  4
8E1  3  0  0  1.01  4.01 .5  0.01  0  0  0.01 .1  0  0  0  0 .1 .1.01  1  0  0
8E2  0  0  0  0  0  0  0.01  0  0  0  0 .1 48 .5  3  3  4
8G1  5  0  0  1 .1  3  0 .5  0 .1  0  0  0  0.01  0.01  0  0.01 .1  0  1  0  0
8G2.01.01  0  0  0  0  0 .1  0.01  0.01  0 48  1  8 .5  4
8I1  2  0  0.01  0  5.01 .5  0  0  0  0  0.01.01  0 .1  0  0 .1  0  0  0  0  0
8I2  0  0  0 .1  0  0  0 .1  0 .1  0.01  0 49  2  3  2  4
0A1 .5  0 .1  0  2 10  0  2  0  0  0  1  0 .1  0  0 .5.01  0 .5  0.01  0  0.01
0A2  0.01 .1.01  0 .1  0 .1 .1 .1.01  0  0 60 .5  5  1  4
0C1  1  0  0  0  2 15.01  3  0  0  0.01  0  0  0  0 .5  0 .1.01  0  0  0  0.01
0C2  0  0.01  0  0 .1  0.01  0 .1  0.01  0 61  0  3.01  4
0E1 .5  0  0  8 .1  8 .1  2  0  0  0  0.01 .5.01  0  3 .1 .1 .5  0  0  0  0.01
0E2  0  0.01 .1  0.01  0 .1 .1 .1  0  0  0 59  0  2  2  4
0G1  5  0  0  0 .1 18  0 .5  0  0  0  0  0 .1  0  0 .5.01.01 .1  0  0  0  0  0
0G2  0.01.01 .1  0 .1  0  0  0 .1  0  0  0 60  0  2 .1  4
0I1 11  0  0 16 .5  1 .1  2  0  0  0  0  0.01  0  0  0  0  0.01  0  0 .5  0  0
0I2 .1  0 .1  0  0.01  0.01  0  0  0  0  0 60  0  2  1  4
2I1 12  0  0  4 .5  4 .1  2  0  0  0.01  0.01  0  2 .1 .1.01 .1 .1  0 .1  0.01
2I2.01  0  0  0  0  0  0.01  0  0  0  0  0 60 .1  7  2  4
2G1 14  0  0  7  0  4.01  1  0 .1  0  0  0  0  0  0 .1.01  0 .1 .1  0  1  0  0
2G2  0  0  0 .1  0  0  0  0  0.01  0  0  0 59  1  5  2  4
2E1  2  0  0  0  4 10 .5  3  0  0  0 20  0 .1.01  0  1.01 .1.01  0  0  3  0  0
2E2 .1  0  0  0  0.01  0  0  0  0  0  0  0 59 .5 12  1  4
2C1  9  0  0  9  0  1.01  2  0  1  0  0  0 .1  0  0 .1  0.01.01 .5.01.01  0.01
2C2.01.01  0.01  0.01  0 .1  0.01  0.01  0 61  1  2  2  4
2A1  6  0  0  1 .5  5  0  1  0  0  0  1  0 .1.01  0  1.01 .1 .1  0  0  0  0.01
2A2  0  0.01 .1  0 .1  0 .1  0 .1.01 .1  0 62  2  7  2  4
4A1  2  0  0  0  2 25  0  4  0  0  0  1  0  0.01  0  2.01 .1 .1  0  0  0  0 .1
4A2  0  0 .5  0  0  1 .1  0.01 .1  0  0  0  0 .5  1  0  2
4C1 11  0  0  3 .1  3  1  4  0  0  0  2  0  0  0  0 .5  0 .1 .1  0  0  0  0.01
4C2  0  0 .5  0.01 .5  0.01  0.01  0.01  0  0 .1 .5 .1  2
4E1 16  2  0  7  1 15 .1  4  0  0  0 .5  0 .1 .1  0 .5.01  0 .1 .5  0  1  0  0
4E2  0 .1 .1.01  0  0  0 .1.01.01  0  0  0  0  3  7  1  2
4G1 13  0  0  0  0 35  0  2  0  0  0  0  0 .1.01  0  1.01 .1 .1 .1  0 .5  0  0
4G2  0  0 .1  0  0 .1  0.01  0 .1  0.01  0  0  1 20 .5  2
4I1  0  0  0  3  0  8  0  2  0  0  1 .1  0  0.01.01  1 .1 .1 .1 .1 .1  0  0 .1
4I2  0  0 .5 .1  0 .5  0 .1 .1 .1  0.01  0 58 .5  1 .5  2
6I1  3  0  0  5  3 28  1  3  0  0  0  0  0 .1 .5  0  3 .1 .5  1 .1  0  0  0  0
6I2  0  0  1 .1  0 .5  0 .1  1 .1  0 .1 .5 57  4  7 10  2
6G1 11  0  0  0  0 20 .5  3 .5  0  0  0  0 .5 .1  0  1.01 .1 .1.01 .1 .5  0  0
6G2  0  0 .5 .1  0 .5  0.01 .1 .1  0.01  0 60  2 20  1  2
6E1 18  0  0  4  2  2  0  4  0  0  0  0  0  0 .1  0  1.01 .1.01  0  0  0  0  0
6E2  0  0 .1 .1  0  0  0 .1  0.01  0.01  0 61  2  2  2  2
6C1 25  0  0 14 .5  4  1  5  0  0  0  0  0.01  0  0 .5 .1 .1 .1  0  0  0  0  0
6C2  0.01 .1  0.01  0  0.01  0.01  0.01  0 57 .5  2  3  2
6A1 33  0  0 11 .1  1  0  4  0  0  0  0  0  0.01  0 .1.01 .1.01  0  0  0  0  0
6A2  0  0 .5  0.01  0  0.01  0  0  0  0  0 57  1 .5 .5  2
8A1 30  0  0 16  0  1  0  4  0  0  0  0  0.01  0  2  0.01  0  0  3  0 .1  0.01
8A2  0 .1.01  0.01  0  0 .5  0  0  0  0  0 56 .1  5.01  2
8C1 30  0  0 12  2  4  1  3  0.01  0  0  0  0  0  6  0  0  0.01  3  0  1  0  0
8C2.01.01  0  0  0  0  0 .1  0  0  0  0  0 56 .5  7  3  2
8E1 11  0  0  8  5  7  1  5  0 .1  0  0  0 .1 .5  6  1.01  0 .1  1 .1  3  0  0
8E2  0  0 .1  0  0  0  0 .5  0.01  0  0 .5 55  2 13  8  2
8G1 13  0  0 10  7  8  0  4  0  1  0  0  0.01 .1  7  1 .1  0 .1  1.01  2.01  0
8G2.01 .1  0  0  0.01  0 .1 .5.01  0.01  0 56  4  8  3  2
8I1  4  0  0 .5  1 12 .5  4  0  0  0  0  0 .1.01  0  3 .1 .1 .1  0  0  1  0  0
8I2  0  0 .1 .1  0 .1  0 .1 .1 .1  0.01  0 56  4  6 10  2
0A1 .5  0 .5  0  2 30  0  2  0  0  0  2  0 .1 .1  0  1.01 .1 .5  0 .1 .1  0  3
0A2  0  0 .5  0.01 .1  0 .1.01 .1 .1.01  0 59  2 10  3  2
0C1  2  0  0  0  1 28 .1  3  0  0  0 .1  0.01.01  0  2  0 .5 .1  0  0  0  0  3
0C2  0  0 .5 .1  0 .5  0.01  0.01  0.01  0 59  0  6 .1  2
0E1 .5  0  0  8 .5 22  1  3  0  0  0  0 .1 .5 .1  0  5 .1 .5 .5  0  0  0  0 .5
0E2  0.01.01 .1  0 .1  0 .1.01 .1  0  0  0 59  0  5  3  2
0G1  6  0  0 .5 .5 29  0  1  0  0  0  0  0.01 .1  0  2.01 .1.01  0.01  1  0  0
0G2  0.01 .1 .1  0 .1  0.01  0 .5  0  0  0 59  0  4 .5  2
0I1 18  0  0 15 .5  3  1  2  0  0  0  0  0.01  0  0  0.01  0.01.01  0  1  0  0
0I2 .1  0 .1  0.01.01  0 .1  0.01  0  0  0 59  0  2  1  2
2I1 20  0  0 11 .5  7  1  3  0  0  0 .5  0  0.01  4  1 .1.01 .1 .1  0  2  0 .1
2I2.01  0  0.01  0.01  0 .1  0.01  0.01  0 59 .5 16  3  2
2G1 15  0  0 10  0  7 .5  2  0 .5  0  0  0  0  0  0 .1 .1  0 .1  1  0  1  0  0
2G2  0  0  0 .1.01  0  0  0  0.01  0  0  0 58  2  0  2  2
2E1  6  0  0  0  2 10  1  2  2  0  0 15  0.01 .1  0  1 .1 .5.01  0  0  3  0  0
2E2 .1  0  0  0.01 .1  0.01.01.01  0  0  0 58  3 12  1  2
2C1 12  0  0 10.01  3  1  3  0  3  0  1  0.01.01  0 .5.01 .1 .1 .5  0 .5  0 .5
2C2 .1  0  0 .1.01  0  0 .1  0.01  0.01  0 59  2  3  2  2
2A1  8  0  0  2 .5 10  0  1  0  0  0  2  0.01.01  0  1.01 .5 .5  0  0  0  0 .1
2A2  0  0 .5 .1  0 .1  0 .1  0 .1.01 .1  0 59  2  8  2  2
4A1  2  0  0  0  1 25  0  3  0  0  0  0  0 .1.01  0  4.01 .5 .1  0 .1  0  0 .5
4A2  0  0  1 .1  0  2 .5  0.01 .1  0  0  0 62  1  4  0  2
4C1  8  0  0  3 .1  5 .5  4  0  0  0  2  0  0  0  0  1  0.01.01  0  0  0  0 .1
4C2  0  0  1  0 .1 .5  0  0  0 .1  0.01  0 61 .1 .5 .1  2
4E1  8  2  0  6  1  8  0  5  0  0  0  0  0 .1 .1  0  1.01  0  0 .1  0 .5  0  0
4E2  0 .1 .1.01  0  0  0 .1.01 .1  0  0  0 61  2  5  1  2
4G1 12  0  0  0  0 30  0  2  0  0  0  0  0 .1 .5  0  1.01 .5 .1.01  0  1  0  0
4G2  0  0 .5  0  0 .5  0.01  0.01  0.01  0 63  1  8 .1  2
4I1  0  0  0  5.01  7  0 .5  0  0  1.01  0.01 .1.01  2.01 .5 .5 .1  0  0 .5  0
4I2  0 .5 .1.01 .1  0 .5 .1 .1  0.01  0.01 62 .1  1 .1  4
6I1  2  0  0  2  2 22 .5  1  0  0  0  0  0 .1 .5  0  3  0 .5 .5  0  0  0  0.01
6I2  0  0 .5.01  0 .1  0  0 .5 .5  0.01 .1 61  1  2  5  4
6G1  6  0  0  0  0 15 .1  3  0  0  0  0  0  1.01  0  2.01 .5 .1 .1 .1 .5  0  0
6G2  0  0 .5.01.01 .5  0 .1.01 .5  0 .1  0 62  1 10  1  4
6E1  9  0  0  8  1  2  0  3  0  0  0  0  0.01 .1  0 .5.01 .1 .1  0  0 .5  0  0
6E2  0  0 .1  0.01.01  0.01.01 .5  0.01  0 58  3  4  2  4
6C1  8  0  0 10 .1  6  0  4  0  0  0  0  0 .1 .1  0 .5.01 .5 .1  0  0.01  0  0
6C2  0.01 .5  0.01  0  0 .1 .1 .5  0.01  0 58 .1  1  2  4
6A1 15  0  0 14 .5  1  0  4  0  0  0  0  0 .1 .1  0 .5.01.01.01  0  0  0  0  0
6A2  0.01  1  0 .1  0  0 .1  0  0  0  0  0 58 .5  1 .5  4
8A1 12.01  0 13  0 .1  0  3  0  0  0  0  0.01  0  1  0.01  0  0  1  0 .1  0  0
8A2  0  0.01  0 .1  0  0 .5  0  0  0  0  0 57 .1  7  0  4
8C1 12  0  0 10 .1 .5 .5  2  0 .1  0  0  0  0  0  4  0  0  0  0 .5  0  1  0.01
8C2  0.01  0  0.01  0  0 .5  0  0  0  0  0 57 .1  7  1  4
8E1  5  0  0  6 .5  4 .1  1  0 .5  0  0  0.01 .1  7 .5.01  0 .1 .5 .1  2  0  0
8E2  0  0.01  0  0  0  0 .1  0.01  0  0 .1 57 .5  8  3  4
8G1  7  0  0 12  4  7  0  1  0  1  0  0  0  0.01  8 .1  0  0.01.01.01  5  0  0
8G2  0.01  0.01  0.01  0 .1  0 .1  0.01  0 56  2 10 .5  4
8I1  3  0  0 .5 .1  9 .1  2  0  0  0  0  0 .1 .1  0  3.01 .1 .1  0  0 .1  0  0
8I2  0  0 .1 .1  0 .1  0 .5  0 .5  0.01  0 58  3  6  4  4
0A1 .5  0 .1  0  1 15  0  1  0  0  0  1  0 .1 .1  0 .5  0  0 .5  0  0 .1  0  0
0A2  0  0 .1 .1  0 .1  0 .5  0 .1 .1  0  0 49 .5  4 .5  4
0C1  4  0  0  0  1 28  0  2  0  0  0 .1  0 .1  0  0  1  0 .1.01  0  0  0  0.01
0C2  0.01 .1  0  0 .5  0.01  0 .1  0  0  0 50  0  2  0  4
0E1 .5  0  0  7 .1 18 .5  2  0  0  0  0.01 .5 .1  0  4  0 .1 .5  0  0  0  0  0
0E2  0  0 .1 .1  0 .1  0 .5 .1 .1  0  0  0 49  0  2 .5  4
0G1  6  0  0  0 .5 30  0 .1  0  0  0  0  0 .1 .1  0  1  0  0 .1  0  0  0  0  0
0G2  0  0 .1 .1  0 .5  0.01  0.01  0  0  0 49  0  1.01  4
0I1 10  0  0 12 .1  4 .5  2  0  0  0  0  0  0  0  0  0  0  0  0  0  0  1  0  0
0I2 .1  0.01  0  0 .1  0 .1  0.01  0  0  0 48  0  3 .1  4
2I1  2  0  0 10 .1  5 .5  1  0  0  0  0  0.01  0  1 .5.01  0.01.01  0 .1  0.01
2I2 .1  0 .1  0  0  0  0 .5  0.01  0  0  0 48 .1 10 .1  4
2G1 12  0  0 10  0  8 .1  1  0 .5  0  0  0.01  0  0 .1.01  0.01 .1  0  1  0  0
2G2  0  0  0 .1  0  0  0  0  0 .1  0  0  0 49  1 10 .1  4
2E1  3  0  0  0  1  7 .5  3  0  0  0 12  0 .1 .1  0  3  0 .5  0  0  0  2  0  0
2E2 .1  0  0 .1  0 .1  0 .1.01 .1  0  0  0 50  1 16 .5  4
2C1 14  0  0 10  0  2  1  3  0  2  0  0  0 .1  0  0 .1  0.01 .1  0.01  0  0.01
2C2 .1.01 .1.01  0  0  0 .1  0 .1  0  0  0 50 .5  4 .5  4
2A1  6  0  0  1 .5  9  0  1  0  0  0  1  0 .1 .1  0  3  0 .1 .5  0  0  0  0.01
2A2  0  0 .5 .1  0  0  0 .5  0 .5.01.01  0 49  3  3  0  4
4A1  1  0  0  0 .5 23  0  2  0  0  0 .5  0 .1 .1  0  2  0 .1 .1  0  0  0  0  0
4A2  0  0 .5  0  0  1 .1  0.01 .5  0  0  0 50 .5  1  0  4
4C1  4  0  0  3 .5  5 .1  3  0  0  0  0  0  0  0  0 .5  0  0 .1  0  0  0  0  0
4C2  0  0 .5  0 .1  2  0  0  0 .5  0.01  0 50 .1 .5  0  4
4E1  6  1  0  4 .5  7  0  3  0  0  0 .1  0 .1 .1  0  2.01  0.01 .1  0  1  0  0
4E2  0  0.01.01  0  0  0 .1.01 .1  0  0  0 50  1  4 .1  4
4G1  8  0  0  0  0 35  0  1  2  0  0  0  0 .1 .1  0  2.01  0 .1  0  0 .1  0  0
4G2  0.01 .1 .1  0  0  0.01  0 .1  0.01  0 51  1  8 .1  2
4I1  0  0  0  4 .1 11  0  1  0  0  2 .1  0.01.01  0  1.01 .1 .1.01 .1  0  0 .1
4I2  0 .1 .5.01  0 .5  0 .5  0.01  0.01  0 52  0 .5.01  2
6I1  3  0  0  5  3 20  1  2  0  0  0  0  0 .5 .1  0  3.01 .5 .5  0  0  0  0 .1
6I2  0  0 .1 .1  0 .5  0 .1 .5 .5  0  0 .5 53  5  3  2  2
6G1  8  0  0  0  0 15 .5  2  0  0  0  0  0 .1 .1  0  2.01  1 .1 .1 .1 .5  0  0
6G2  0  0 .1 .1  0 .1  0 .1 .1.01  0.01  0 51  2 20 .5  2
6E1 11  0  0  5  1  2  0  4  0  0  0  0  0  0 .1  0  2.01 .1 .1.01  0 .5  0  0
6E2  0  0 .1 .1.01  0  0.01.01.01  0.01  0 49  4  3 .1  2
6C1 10  0  0  8 .5  8  1  4  0  0  0  0  0.01 .1  0 .5.01  1.01  0  0 .1  0  0
6C2  0 .1 .5  0.01  0  0 .1  0.01  0.01  0 50 .5 .5 .1  2
6A1 24  0  0 10 .1  1 .1  4  0  0  0  0  0 .1.01  0 .5.01 .5.01  0  0  0  0  0
6A2  0  0 .5  0 .1  0  0 .1  0.01  0  0  0 49  1 .5 .5  2
8A1 27.01  0 10  0 .5  0  3  0  0  0  0  0  0  0  0  0  0  0  0 .5  0 .1  0.01
8A2  0 .1 .1  0.01  0  0 .5  0  0  0  0  0 49 .1  4.01  2
8C1 18  0  0 11 .5  2 .5  4  0 .5  0  0  0  0  0  2 .1  0  0.01 .5  0  1  0  0
8C2 .1.01  0  0  0  0  0 .1  0  0  0  0  0 49  0  6 .1  2
8E1 14  0  0 10  2  8  1  4  0 .1  0  0  0 .1 .5  4  1.01  0 .1 .5.01  3  0  0
8E2  0  0.01.01  0  0  0 .1  0.01  0  0 .5 50  2  4  1  2
8G1 12  0  0 12  4  8  0  3  0  3  0  0  0.01.01  4  1.01  0 .1  0 .1  4  0  0
8G2 .1 .1  0 .1  0.01  0 .5.01 .1  0.01  0 51  5 10 .5  2
8I1  5  0  0 .5 .1 14 .5  2  0  0  0  0  0 .1.01  0  4.01 .1 .1  0  0 .5  0  0
8I2  0  0 .1 .1  0 .1  0  0 .1 .1  0.01  0 51  5 12  2  2
0A1  1  0 .1  0.01 20  0.01  0  0  0 .1  0.01.01  0  1.01 .1.01  0  0 .1  0.01
0A2  0 .1 .1.01  0 .5  0 .1.01 .1  0.01  0 47 .1 12  0  2
0C1  4  0  0  0.01 25  0 .1  0  0  0.01  0.01  0  0 .1  0 .5.01  0  0  0  0.01
0C2  0 .1 .1.01  0  1  0.01  0.01  0.01  0 47  0 13  0  2
0E1  2  0  0  3.01 19  0 .1  0  0  0  0  0 .1.01  0  2.01 .1.01  0  0  0  0  0
0E2  0 .1  0  0  0  1  0 .1.01 .1  0.01  0 46  0  9  0  2
0G1  8  0  0  0.01 33  0.01  0  0  0  0  0.01  0  0 .1  0 .1.01  0  0 .5  0  0
0G2  0.01 .1.01  0  1  0.01  0 .1  0  0  0 47  0  3  0  2
0I1 18  0  0  4 .1  3 .5  1  0  0  0  0  0  0  0  0  0  0.01.01  0  0 .1  0  0
0I2 .1  0  0  0.01 .1  0 .1  0.01  0  0  0 47  0  4  0  2
2I1 20  0  0  3  0 16 .1 .5  0  0  0  0  0  0  0  0  1.01 .1.01  0  0  1  0  0
2I2 .1  0  0  0  0 .1  0 .1  0.01  0.01  0 47 .5 19  0  2
2G1 16  0  0  4  0 13.01 .1  0 .5  0  0  0.01  0  0 .5.01  0.01  0  0  2  0  0
2G2  0  0  0.01  0  0  0  0  0.01  0  0  0 46  1 13  0  2
2E1  9  0  0  0.01 13 .1 .1 .1  0  0  2  0.01  0  0  1.01 .5.01  0  0  2  0  0
2E2 .1  0  0  0  0 .1  0.01.01.01  0  0  0 47  4 20  0  2
2C1 11  0  0  3  0  5.01 .1  0 .1  0 .1  0.01  0  0 .5.01 .1.01  0  0  0  0  0
2C2 .1  0.01.01.01  0  0.01  0.01  0.01  0 46  2  6  2 
2A1  9  0  0  1  0 17  0.01  0  0  0 .5  0.01  0  0 .5.01 .1.01  0  0  0  0  0
2A2  0.01 .1.01  0 .1  0.01  0 .1  0.01  0 46 .1 12  0  2
4A1  2  0  0  0.01 25  0 .1  0  0  0  0  0  0  0  0  1  0 .1.01  0  0  0  0  0
4A2  0 .1 .1.01  0  1 .1.01  0 .1  0.01  0 46 .5  1  0  2
4C1  6  0  0  2  0  4.01 .5  0  0  0 .5  0  0  0  0  1  0  0 .1  0  0  0  0  0
4C2  0  0 .1  0.01 .5  0.01  0 .1  0.01  0 46 .1  1  0  2
4E1  6  4  0  0.01 12  0 .5  0  0  0  0  0 .1  0  0 .5  0  0.01  0  0 .5  0  0
4E2  0.01  0  0  0.01  0 .1  0 .1  0  0  0 45 .5  3  0  4
4G1 10  0  0  0  0 35  0 .1  0  0  0  0  0.01.01  0 .1  0 .1  0  0  0  0  0  0
4G2  0  0.01  0  0  1  0  0  0 .1  0.01  0 44.01  4  0  4
4I1  0  0  0  1  0  9  0.01  0  0 .5  0  0  0  0  0 .1  0.01  0  0.01  0  0  0
4I2  0  0 .1.01  0 .5  0 .1  0 .1  0  0  0 44.01 .5  0  4
6I1  1  0  0  0.01 25.01 .1  0  0  0  0  0.01.01  0 .5  0 .1.01  0  0  0  0  0
6I2  0  0.01.01  0  1  0 .1 .1 .1  0 .1 .5 45  1  1  0  4
6G1  4  0  0  0  0 15  0.01  0  0  0  0  0.01  0  0 .5  0 .1  0  0  0  0  0  0
6G2  0  0 .1.01  0 .1  0 .1  0.01  0 .1  0 44 .5 15  0  4
6E1  8  0  0  0.01  1  0  1  0  0  0  0  0  0  0  0 .1  0.01.01  0  0 .5  0  0
6E2  0  0 .1.01  0  0  0.01  0  0  0  0  0 45  1  3  0  4
6C1  6  0  0  4  0  4  0 .1  0  0  0  0  0  0  0  0 .5  0  0.01  0  0  0  0  0
6C2  0 .1 .1  0  0  0 .1 .1.01 .1  0.01  0 44 .5  1  0  4
6A1 11  0  0  3  0 .5  0 .5  0  0  0  0  0.01  0  0 .1  0  0  0  0  0  0  0  0
6A2  0  0 .1  0.01  0.01.01  0  0  0  0  0 44 .5 .5  0  4
8A1 10.01  0  4  0 .1  0 .5  0  0  0  0  0  0  0  0  0  0  0  0.01  0.01  0  0
8A2.01  0  0  0.01  0  0 .1  0  0  0  0  0 44 .1  5  0  4
8C1  9  0  0  2  0 .1 .1 .1  0 .1  0  0  0  0  0  0  0  0  0  0.01  0 .1  0  0
8C2 .1.01  0  0.01  0  0 .1  0  0  0  0  0 44.01  5  0  4
8E1  4  0  0  2  0  4 .1 .1  0  0  0  0  0.01.01  0 .1  0  0.01  0.01 .5  0  0
8E2  0  0  0.01  0  0  0 .1  0  0  0  0 .1 45 .5  6  0  4
8G1  5  0  0  2  0  2.01 .1  0 .1  0  0  0  0  0  0 .1  0  0  0  0  0  2  0  0
8G2  0  0  0.01  0  0  0 .1  0.01  0 .1  0 46  5 10  0  4
8I1  2  0  0  0  0 12  0 .1  0  0  0  0  0 .1  0  0 .5  0  0  0  0  0  0  0.01
8I2  0  0 .1.01  0.01  0 .1  0 .1  0 .1  0 46  1  5  0  4
