0A1  1  0  .  0  . 19  0  .  0  0  0  R  0  0  .  0  .  0  0  .  0  0  R  0  0
0A2  0  R  R  0  0  1  0  0  0  .  0  .  0 40  R 11  0  2             
0C1  3  0  0  0  . 25  0  .  0  0  0  .  0  0  0  0  0  0  R  0  0  0  0  0  0
0C2  0  R  .  0  0  1  0  .  0  .  0  .  0 41  0  8  0  2  
0E1  +  0  0  2  . 19  0  .  .  0  0  0  0  0  0  0  .  0  R  0  0  0  0  0  0
0E2  0  R  0  0  0  +  0  .  0  .  0  .  0 40  0  5  .  2  
0G1  9  0  0  .  . 27  0  .  0  0  0  0  0  0  .  0  0  0  .  .  0  0  R  0  0
0G2  0  .  .  0  0  +  0  0  0  R  0  0  0 42  0  2  0  2  
0I1 18  0  0  3  .  3  .  .  0  0  0  0  0  0  0  0  0  0  0  0  0  0  +  0  0
0I2  R  0  0  0  0  0  0  .  0  .  0  0  0 41  0  2  0  2  
2I1 19  0  0  3  . 10  .  .  0  0  0  0  0  0  0  0  .  .  0  0  0  0  R  0  0
2I2  R  0  0  .  0  0  0  .  0  .  0  .  0 42  . 13  0  2  
2G1 17  0  0  4  0  9  .  .  0  .  0  0  0  0  0  0  .  0  0  0  0  0  2  0  0
2G2  0  0  0  .  0  0  0  0  0  .  0  0  0 41  R  9  0  2  
2E1  4  0  0  0  R 12  .  .  .  0  0  2  0  0  .  0  .  0  R  0  0  0  2  0  0
2E2  R  0  0  0  0  .  0  .  0  .  0  0  0 40  R 15  0  2  
2C1 12  0  0  4  0  2  .  R  0  .  0  .  0  0  0  0  .  0  R  0  0  0  R  0  0
2C2  R  0  .  0  0  0  0  .  0  .  0  .  0 41  R  3  0  2  
2A1  9  0  0  R  .  7  0  .  0  0  0  R  0  0  0  0  0  0  .  .  0  0  0  0  0
2A2  0  R  .  0  0  R  0  .  .  .  0  R  0 41  +  6  0  2  
4A1  1  0  0  0.06 27  0  R  0  0  0  .  0  0  0  0  .  0  R  0  0  0  0  0  0
4A2  0  .  .  0  . .3  .  0  0  .  0  .  0 45  R1.5  0  0
4C1  9  0  01.3  .  5.06  R  0  0  0  R  0  0  0  0  .  0.06  0  0  0  0  0  0
4C2  0  0.06  0  . .5  0  0  0  R  0  .  0 44  . .3  0  0
4E1  91.3  0  2  .  7  0 .3  0  0  0  0  0  .  .  0  .  0  0  0  0  0  +  0  0
4E2  0  .  .  .  0  R  0  .  0  .  0  0  0 45.06  6  0  0
4G1 14  0  0  0  0 26  0  .  0  0  0  0  0  0  .  0  0  0  .  0  0  0  R  0  0
4G2  0  .  .  0  0 .3  0  .  0  .  0  0  0 47  R8.5  0  0
4I1  0  0  0  +  07.5  0  .  0  0  R  .  0  0  .  0  .  0  .  0  0  0  0  0  0
4I2  0.06  .  0  0  +  0  R  0  .  0  .  0 44  .  1  0  0
6I1  2  0  0  R  R 20  .  R  0  0  0  0  0  0  .  0  .  0  0  0  0  0  0  0  0
6I2  0  0  0  0  0  +  0  0  .  .  0  .  R 46  R  2  0  4  
6G1  5  0  0  0  0 25  .  R  0  0  0  0  0  0  0  0  .  0  .  0  0  0  R  0  0
6G2  0  .  0  0  0  R  0  .  0  .  0  .  0 45  R 10  0  4  
6E1  8  0  0  +  .  1  0  R  0  0  0  0  0  0  .  0  .  0  0  0  0  0  0  0  0
6E2  0  .  0  0  0  .  0  0  0  .  0  0  0 44  .  3  0  4  
6C1 15  0  0  2  .  4  0  R  0  0  0  0  0  .  0  0  .  0  .  .  0  0  0  0  0
6C2  0  .  .  0  0  0  0  .  0  0  0  .  0 43  .  R  .  4  
6A1 16  0  0  1  0  1  0  R  0  0  0  0  0  0  0  0  .  0  R  0  0  0  0  0  0
6A2  0  .  0  0  0  0  0  0  0  0  0  0  0 44  .  +  0  4  
8A1 10  0  0  2  0  +  0  R  0  0  0  0  0  0  0  0  0  0  0  0  0  0  .  0  0
8A2  0  .  0  0  0  0  0  .  0  0  0  0  0 40  .  4  0  4  
8C1 15  0  0  1  .  2  .  R  0  .  0  0  0  0  0  0  0  0  0  0  0  0  R  0  0
8C2  R  .  0  0  0  0  0  .  0  0  0  0  0 42  0  5  0  4  
8E1  5  0  0  +  R  5  .  R  0  .  0  0  0  0  .  0  .  0  0  0  0  0  +  0  0
8E2  .  .  0  0  0  0  0  0  0  0  0  .  R 41  .  5  0  4  
8G1  7  0  0  1  R  3  0  R  0  0  0  0  0  0  0  0  .  0  0  0  0  0  R  0  0
8G2  .  .  0  0  0  .  0  .  0  .  0  .  0 40  R  6  0  4  
8I1  6  0  0  .  .  9  .  R  0  0  0  0  0  0  0  0  .  0  .  0  0  0  0  0  0
8I2  .  0  0  0  0  .  0  .  0  .  0  .  0 42  R  6  0  4  
0A1  +  0  R  0  . 25  0  1  0  0  0  +  0  .  R  0  .  .  0  R  0  0  R  0  .
0A2  0  0  .  .  0  R  0  .  0  .  0  .  0 55  +  5  +  4
0C1  2  0  0  0  . 28  0  +  0  0  0  .  0  0  .  0  .  0  .  0  0  0  0  0  .
0C2  0  .  .  0  0  +  0  .  0  R  0  0  0 55  0  7  .  4
0E1  +  0  0  2  . 20  R  1  0  0  0  0  0  R  .  0  R  .  .  .  0  0  0  0  0
0E2  0  .  0  .  0  R  0  R  R  R  0  0  0 53  0  3  2  4
0G1 10  0  0  0  . 30  0  +  0  0  0  0  0  .  .  0  R  0  0  R  0  0  R  0  0
0G2  0  .  0  0  0  R  0  0  0  R  0  0  0  0  0  2  R  4
0I1 17  0  0  4  .  2  +  1  0  0  0  0  0  0  0  .  0  0  0  0  .  0  +  0  0
0I2  R  0  0  0  0  .  0  R  0  .  0  0  0 52  0  2  1  4
2I1 20  0  0  3  .  7  +  2  0  0  0  .  0  0  0  .  .  .  0  .  R  0  +  0  0
2I2  0  0  0  0  0  0  0  R  0  .  0  .  0 52  + 12  2  4
2G1 15  0  0  4  R  5  R  1  0  0  0  0  0  0  0  0  .  .  0  R  R  0  +  0  0
2G2  0  0  0  .  0  0  0  0  0  0  0  0  0 52  1 10  1  4
2E1  4  0  0  0  R  5  +  2  1  0  0  5  0  R  0  0  R  0  0  0  0  0  1  0  0
2E2  R  0  .  0  0  0  0  0  0  .  0  0  0 52  1 15  +  4
2C1 12  0  0  2  .  1  .  1  0  R  0  0  0  0  0  0  .  0  .  0  R  0  R  0  0
2C2  R  0  0  0  0  0  0  .  0  0  0  0  0 53  1  3  +  4
2A1 12  0  0  R  0  9  0  +  0  0  0  +  0  .  0  0  R  0  .  R  0  0  0  0  0
2A2  0  .  .  0  0  .  0  R  0  .  0  R  0 54  1  7  1  4
4A11.5  0  0  0.06 32 .52.5  0  0  0 .1  0 .1  0  0.75  0 .3 .1  0 .1  0  0  0
4A2  0  0.06  0  0.06.01.01  0 .1  0.01  0 54.75  1  0  0
4C17.5  0  0 .5.064.5 .1  1  0  0  01.5  0  0  0  0 .3  0.01.06  0  0  0  0  0
4C2  0  0 .3  0.01.75  0.01  0 .3  0.01  0 56.01 .5 .1  0
4E19.51.3  02.5.06  8  0 .61.5  0  0  2  0 .1.01  0 .1.01  0.06 .1  01.5  0  0  
4E2  0 .1.06.06  0  0  0 .1  0.01  0  0  0 531.5  5  1  0   
4G1 12  0  0  0  0 32  0 .3.75  0  0  0  0.06.06  0.01.01 .1 .1 .1  0.75  0  0
4G2  0 .1.01  0  0 .3.01 .1  0.06  0.01  0 54 .58.5.75  0
4I1  0  0  01.5.01  5  0.75  0  01.3.06  0  0.01  0 .1.06.06.06.06.01 .1  0  0
4I2  0.06.06  0  0 .1  0 .3 .1.06  0.01  0 55 .1  1.06  0
6I1  2  0  0  2  + 27  +  2  0  0  0  0  0  .  R  0  1  .  R  R  0  0  0  0  0
6I2  0  0  .  .  0  +  0  0  R  R  0  .  + 53  4  4  5  2
6G1  8  0  0  0  0 16  R  3  0  0  0  0  0  R  .  0  R  .  +  +  R  .  R  0  0
6G2  0  0  0  .  0  +  0  .  .  R  0  R  0 52  1 19  1  2
6E1 12  0  0  2  R  2  0  2  .  0  0  0  0  0  0  0  R  .  .  R  0  0  +  0  0
6E2  0  0  R  .  0  0  0  0  0  .  0  .  0 51  1  3  2  2
6C1 12  0  0  4  .  6  +  5  0  0  0  0  0  .  0  0  R  .  +  R  0  0  +  0  0
6C2  0  .  R  0  .  0  0  R  0  .  0  .  0 51  R  +  3  2
6A1 16  0  0  5  R  2  0  3  0  0  0  0  0  R  0  0  R  .  .  .  0  0  0  0  0
6A2  0  .  R  0  .  0  0  .  0  .  0  0  0 51  +  +  1  2
8A1 23  .  0  5  0  +  0  3  0  0  0  0  0  0  0  .  0  0  0  0  1  0  R  0  0
8A2  0  R  0  0  .  0  0  +  0  0  0  .  0 49  +  4  R  2
8C1 17  0  0  4  .  3  +  4  0  .  0  0  0  0  0  R  0  0  0  .  +  0  1  0  0
8C2  R  0  0  0  .  0  0  R  0  0  0  0  0 50  R  7  2  2
8E1 11  0  0  3  R  4  +  3  0  .  0  0  0  .  .  R  R  .  0  .  +  0  2  0  0
8E2  0  0  0  0  0  0  0  .  0  .  0  .  1 50  1  6  7  2
8G1  8  0  0  3  +  4  0  3  0  1  0  0  0  0  .  .  R  .  0  R  .  .  2  0  0
8G2  .  .  0  .  0  R  0  +  0  .  0  .  0 50  4  5  2  2
8I1  5  0  0  .  +  9  R  2  0  0  0  0  0  R  .  0  +  .  R  R  0  0  1  0  0
8I2  0  0  R  R  0  0  0  +  0  R  0  .  0 52  5  5  5  2
0A1  +  0  1  0  1 18  0  2  0  0  0  2  0  R  R  0  1  .  0  +  .  R  1  0  2
0A2  0  .  R  0  0  R  0  .  .  .  .  .  0 60  1 10  2  2
0C1  2  0  0  0  2 22  0  3  0  0  0  R  0  .  0  0  1  0  R  .  0  0  0  0  2
0C2  0  R  +  R  0  1  0  R  0  R  0  .  0 60  0 12  +  2
0E1  +  0  0  8  + 16  R  2  +  0  0  0  0  R  .  0  3  .  R  +  0  0  0  0  +
0E2  0  R  .  R  0  +  0  +  .  .  0  0  0 59  0  5  3  2
0G1  6  0  0  +  + 26  0  1  0  0  0  0  0  .  R  0  1  0  R  +  0  0  +  0  0
0G2  0  R  R  R  0  +  0  .  0  +  0  0  0 59  0  1  +  2
0I1 12  0  0 12  1  5  1  3  0  0  2  0  0  0  R  .  0  .  0  .  0  0  +  0  0
0I2  R  0  .  0  .  0  0  R  0  .  0  0  0 57  0  4  2  2
2I1 14  0  0  9  1  6  1  3  0  0  0  +  0  .  0  4  +  .  0  R  +  0  1  0  0
2I2  R  0  0  .  0  0  0  R  0  .  0  .  0 57  + 20  5  2
2G1 17  0  0 13  R  9  .  3  0  1  0  0  0  0  0  0  R  .  0  R  2  0  2  0  0
2G2  0  0  0  R  0  0  0  0  0  .  0  0  0 59  1  9  2  2
2E1  5  0  0  0  2  4  0  3  2  0  0 20  0  .  R  0  1  .  R  .  0  0  2  0  0
2E2  R  0  0  R  .  0  0  0  0  R  0  0  0 57  3 13  +  2
2C1 11  0  0 13  .  4  1  4  0  2  0  1  0  R  R  0  +  .  R  R  2  0  +  0  R
2C2  R  0  0  0  0  0  0  R  0  .  0  0  0 58  1  3  3  2
2A1  9  0  0  2  R  7  0  2  0  0  0  2  0  R  R  0  1  0  R  R  0  0  0  0  +
2A2  0  0  .  R  0  0  0  R  0  .  0  .  0 57  3  8  2  2
4A11.2  0  0  01.5 24  03.5  0  0  0 .5  0.06.06  0  2.01 .5.75  0 .1  0  0.75
4A2  0  0 .3  0  0.75.06  0.06  R  0  .  0 61.752.5  0  0
4C15.5  0  0  3 .5  4 .5  4 .5  0  01.5  0  0  0  01.2  0.06 12  0  0  0  0 .3
4C2  0  0 .3  0.01.75  0.06  0 .1.01.01  0 59 .1.55 .1  0
4E17.51.2  0  5 .39.5  0  12.5  0  0  R  0  R .3  0.75  .  R  0.55  0  2  0  0
4E2  0  .  R  0  0  0  0  R  .  .  0  0  0 581.5  5.75  0
4G1 11  0  0  0  0 26  0  +1.2  0  0  0  0  R.26  0  1  .  0  +  R  0.75  0  0
4G2  0  0 .3  0  0  R  0  R  0.06  0  R  0 58.75 14.75  0
4I1  0  0  0  4.55  5  0.75  0  R1.5  R  0  .  .  R  2  .  R .3  0.06  0  0  R
4I2  0.06  R.06  0.06  0  R .3.06  0  0  0 59  R  1 .3  0
6I1  1  0  0  1  1 25  R  2  0  0  0  0  0  R  R  0  3  .  0  +  0  0  0  0  R
6I2  0  .  +  .  0  R  0  0  +  R  0  .  R 61  1  1  9  4
6G1  7  0  0  0  0 12  R  2  0  0  0  0  0  +  R  0  1  R  R  R  0  R  0  0  0
6G2  0  0  +  0  0  R  0  .  R  R  0  0  0 60  1 14  +  4
6E1 10  0  0  4  1  +  0  3  0  0  0  0  0  0  R  0  +  R  0  R  0  0  +  0  0
6E2  0  0  .  0  .  0  0  .  0  .  0  0  . 59  1  4  3  4
6C1 10  0  0  8  R  3  0  5  0  0  0  0  0  .  0  0  +  .  0  R  0  0  R  0  0
6C2  0  .  1  0  .  0  0  R  0  .  0  .  0 58  0  R  3  4
6A1 15  0  0  8  R  +  0  4  0  0  0  0  0  0  R  0  R  .  0  .  0  0  0  0  0
6A2  0  0  +  0  .  0  0  R  0  0  0  0  0 59  +  R  +  4
8A1 16  .  0  7  0  R  0  4  0  0  0  0  0  .  0  1  0  .  0  0  2  0  R  0  0
8A2  R  0  0  0  R  0  0  R  0  0  .  0  0 58  0  6  R  4
8C1 12  0  0  5  +  +  R  3  0  R  0  0  0  0  0  5  0  0  0  0  1  0  1  0  0
8C2  0  0  0  0  0  0  0  R  0  0  0  0  0 58  R  5  1  4
8E1  5  0  0  4  1  3  R  2  0  R  0  0  0  R  +  6  +  0  0  +  +  R  3  0  0
8E2  0  0  0  0  0  0  0  R  0  0  0  0  R 58  1  8  5  4
8G1  8  0  0  6  5  2  0  2  0  +  0  0  0  0  .  5  R  R  0  R  R  .  3  .  0
8G2  R  0  0  0  0  0  0  +  0  .  0  .  0 58  4 10  2  4
8I1  9  0  0  R  0 15  R  3  0  0  0  0  0  R  0 15  2  R  R  R  0  0  +  0  0
8I2  0  0  .  R  0  .  0  +  0  R  0  .  0 61  4 10 10  4   
0A1  +  0  +  0  + 18  0  1  0  0  0  1  0  R  R  0  1  .  .  R  .  0  0  0  2
0A2  0  0  R  0  0  R  0  R  R  .  R  0  0 68  1 12  1  0
0C1  3  0  0  0  1 35  .  3  0  0  0  R  0  .  0  0  +  0  R  .  0  0  0  0  3
0C2  0  0  R  0  0  R  0  R  0  R  0  .  0 68  0  5  R  0
0E1  +  0  0  8  R 12  0  1  +  0  0  0  0  R  R  0  3  .  +  +  0  0  0  0  1
0E2  0  R  R  R  0  R  0  R  R  .  0  0  0 67  0  6  3  0
0G1  9  0  0  0  1 25  0  1  0  0  0  0  0  R  .  0  +  .  R  R  0  0  R  0  0           
0G2  0  0  R  0  0  R  0  .  0  R  0  0  0 68  0  3  R  0
0I1 13  0  0 10  R  2  +  1  0  0  0  0  0  0  R  0  0  .  .  0  0  0  +  0  0
0I2  R  0  .  0  .  .  0  R  0  0  0  0  0 67  0  2  1  0
2I1 15  0  0  5  R  6  +  2  0  0  0  0  0  R  0  1  +  R  R  R  +  0  2  0  .
2I2  +  0  0  0  0  .  0  R  0  .  0  .  0 65  R 20  4  0
2G1 15  0  0 13  0  5  0  2  0  R  0  0  0  0  0  0  R  .  0  R  1  .  2  0  0
2G2  .  0  0  R  0  0  0  0  0  .  0  0  0 66  1 13  2  0
2E1  6  0  0  0  3  6  +  2  2  0  0 18  0  R  R  0  2  R  R  0  0  0  1  0  0
2E2  0  0  0  R  R  .  0  0  .  0  0  0  0 68  2 20  2  0
2C1  9  0  0 12  0  1  +  3  0  2  0  0  0  R  .  0  +  0  R  R  1  .  R  0  +
2C2  R  0  0  0  .  .  0  R  .  .  0  0  0 66  .  3  2  0
2A1 10  0  0  1  0  8  0  1  0  0  0  1  0  R  R  0  3  R  R  +  0  0  0  0  2
2A2  0  0  R  +  0  0  0  +  R  R  0  .  0 66  1 10  3  0
4A1  1  0  0  0  1 25  02.5  0  0  0  0  0  R  R  0  2  .  + .3  0  R  0  0  1
4A2  0  0.75  0  +  +  R  0  R .3  0  0  0  0  + .5  0  0
4C1  5  0  03.5  R  3  R2.5  0  0  0  2  0  0  0  0.75  0 .3  R  0  0  0  0.75
4C2  0  0.75  0 .3 .3  0  .  0  R  0  .  0  0  R .3  R  0  
4E1  7.75  05.5  +  9  R  2  2  0  0  R  0 .3 .3  0  1  ..05  R .3  0  1  0  0
4E2  0  0  R  0  0  0  0  R  .  .  0  0  0  01.55.51.5  0
4G13.5  0  0  0  0 27  0 .6  1  0  0  0  0 .3 .5  0  1  0  R  R  R  0  1  0  0
4G2  0  0 .3  0  R  0  0  R  .  .  0  .  0  0  +7.5  +  0
4I1  0  0  0  4  R7.5  0.75  0  0  1  R  0  R  0  R1.5.05 .3  R  .  R  R  0  +       
4I2  0  0  +  R  R  R  0  R .3  .  0  0  0  0 .31.5 .3  0          
6I1  1  0  0  2  1 20  +  1  0  0  0  0  0  0  R  0  1  .  R  R  0  +  0  0  +
6I2  0  0  +  0  R  0  0  0  +  .  0  .  + 62  2  2  5  0
6G1  4  0  0  0  0 10  R  3  0  0  0  0  0  R  0  0  2  0  1  R  0  R  0  0  R
6G2  0  0  +  0  0  0  0  R  0  .  0  .  0 62  1 15  1  0
6E1  6  0  0  2  1  1  0  2  0  0  0  0  0  0  R  1  .  0  R  R  0  0  +  0  0
6E2  0  0  R  0  0  0  0  .  0  .  0  .  0 60  2  3  2  0
6C1  3  0  0 12  0  3  0  4  0  0  0  0  0  .  R  0  +  .  +  .  0  0  0  0  0
6C2  0  0  +  0  0  0  0  R  0  .  0  0  0 60  +  0  2  0
6A1 10  0  0  8  R  1  R  4  0  0  0  0  0  0  R  0  +  .  +  R  0  0  0  0  0
6A2  0  0  +  0  0  R  0  R  0  0  0  0  0 60  1  1  1  0
8A1  7  0  0  8  0  0  0  3  0  0  0  0  0  0  0  1  0  0  0  0  2  0  R  0  R
8A2  0  R  0  0  0  .  0  +  0  0  .  0  0 58  0  5  +  0
8C1 10  0  0  4  +  +  1  3  0  0  0  0  0  0  0  3  0  0  0  0  1  0  1  0  0
8C2  R  0  0  0  0  0  0  +  0  0  0  0  0 59  R  6  2  0
8E1  5  0  0  3  2  2  +  4  0  +  0  0  0  R  +  8  +  .  0  R  1  R  3  0  0
8E2  0  0  0  0  0  0  0  R  0  .  0  0  + 58  3  7  5  0
8G1  5  0  0  4  3  +  0  2  0  1  0  0  0  0  R  4  +  .  0  .  0  R  4  0  0
8G2  .  0  .  0  0  .  0  +  0  .  0  .  0 58  6 15  2  0
8I1  3  0  0  +  + 15  +  3  0  0  0  0  0  R  0  0  1  .  R  R  0  0  1  0  0
8I2  0  0  R  R  0  0  0  +  0  .  0  .  0 59  8 10  7  0
0A1  1  0  1  0  1 20  0  2  0  0  0  2  0  R  .  0  1  .  R  R  .  0  +  0  +
0A2  0  R  +  R  0  R  0  .  .  R  R  .  0 53  2 10  +  2
0C1  3  0  0  0  2 32  .  3  0  0  0  +  0  .  0  0  1  0  +  .  0  0  0  0  R
0C2  0  0  R  0  0  +  0  R  0  R  0  .  0 54  0  4  R  2
0E1  +  0  0  6  + 17  1  3  1  0  0  0  R  +  R  0  4  .  +  +  0  0  0  0  R
0E2  0  R  .  R  .  +  0  R  .  R  0  .  0 53  0  5  1  2
0G1  7  0  0  +  + 32  0  1  0  0  0  0  0  .  .  0  +  .  R  +  0  0  +  0  .
0G2  0  0  +  R  0  +  0  .  0  R  0  0  0 53  0  2  R  2
0I1 20  0  0 15  1  4  2  1  0  0  0  0  0  0  R  .  0  0  R  0  R  0  +  0  0
0I2  R  0  R  0  .  R  0  R  0  .  0  0  0 53  .  3  +  2
2I1 18  .  0  9  1  6  1  4  0  0  0  +  0  .  0  4  1  .  R  R  +  0  3  0  0
2I2  R  0  0  R  0  R  0  +  0  .  0  0  0 53  1 22  1  2
2G1 17  0  0 11  0 12  +  3  0  +  0  0  0  0  0  0  R  .  0  R  1  0  2  0  0
2G2  0  0  0  R  .  0  0  0  0  .  0  0  0 54  2 12  +  2
2E1  6  0  0  0  4  7  2  2  2  0  0 15  0  R  R  0  2  R  +  R  0  0  2  0  0
2E2  R  0  0  R  .  0  0  0  .  R  0  0  0 53  4 12  1  2
2C1 13  0  0 14  .  2  1  4  0  2  0  1  0  R  R  0  +  .  +  .  1  0  +  0  R
2C2  +  0  0  R  0  0  0  R  0  .  0  .  0 53  1  3  +  2
2A1  6  0  0  3  + 10  0  2  0  0  0  2  0  R  .  0  2  .  +  R  0  0  0  0  R
2A2  0  0  R  R  0  +  0  R  .  R  0  .  0 53  2 10  +  2
4A11.3  0  0  0  1 21  02.5  0  0  0.26  0.06 .1  0  2  . .3 .3  0 .1  0  0 .1
4A2  0  0 .1 .1  0 .6 .1.01 .1 .1  0  0  0 53 .1  1  0  0
4C15.5  0  0  3 .32.5 .3  2.75  0  01.5  0  0  0  0.55  0 .1.06  0  0  0  0 .1
4C2  0  0  +  0.06 .5  0.06  0 .1  0.01  0 52 .1.75.01  0
4E17.51.3  06.5.556.5  0.75  2  0  0 .1  0 .1.06  0 .5  .  0.06 .1  0  +  0  0
4E2  0 .1  ..06  0  0  0 .1.01.01  0.01  0 521.35.5 .5  0
4G1 10  0  0  0  0 30  0 .3  1  0  0  0  0 .1 .1  01.2  . .1 .1 .1  0  1  0  0
4G2  0  0.06 .1  0 .3  0.06  0.06  0  0  0 52.75 18.06  0
4I1  0  0  0  4 .3  7  0.55  0  01.5 .1  0 .1  0  0.75  . .3 .1 .1 .1  0  0 .3
4I2  0  0 .1 .1  0 .1  0 .3 .3.01  0.01  0 52 .1  2.01  0
6I1  2  0  0  3  1 20  R  +  0  0  0  0  0  R  R  0  1  0  +  R  0  0  0  0  0
6I2  0  0  R  R  0  R  0  0  1  .  0  0  R 53  2  2  R  4
6G1  6  0  0  0  0 12  R  +  +  0  0  0  0  +  R  0  1  0  1  +  +  R  0  0  0
6G2  0  R  R  R  0  R  0  R  R  .  0  R  0 52  1 15  .  4
6E1  7  0  0  4  1  2  0  1  2  0  0  0  0  R  R  0  +  .  .  R  0  0  R  0  0
6E2  0  R  R  R  0  .  0  .  R  .  0  0  0 52  +  2  R  4
6C1  7  0  0  6  0  3  0  2  0  0  0  0  0  0  .  0  R  .  R  R  0  .  R  0  0
6C2  0  .  +  0  R  0  0  R  0  0  0  0  0 51  +  +  R  4
6A1 13  0  0  8  0  +  0  2  0  0  0  0  0  .  R  0  R  .  0  R  0  0  0  0  0
6A2  0  .  +  0  R  0  0  R  0  0  0  0  0 51  +  +  .  4
8A1 10  .  0  9  0  R  0  1  0  0  0  0  0  0  0  R  0  .  0  0  3  0  R  0  0
8A2  .  R  .  0  .  0  0  +  0  0  .  0  0 51  R  3  .  4
8C1  9  0  0  7  +  +  +  1  0  R  0  0  0  0  0  0  +  0  0  0  +  0  1  0  0
8C2  R  .  0  0  .  0  0  R  0  0  0  0  0 51  R  6  0  4
8E1  6  0  0  6  2  2  +  2  0  0  0  0  0  R  +  1  +  0  0  R  +  R  1  0  0
8E2  0  .  0  .  0  0  0  R  0  0  0  0  R 52  2  8  R  4
8G1  8  0  0 13  5  1  0  +  0  1  0  0  0  0  0  1  R  0  0  R  0  .  5  R  0
8G2  0  0  0  0  .  0  0  R  R  0  0  .  0 52  4  8  R  4
8I1  3  0  0  R  R 10  R  1  0  0  0  0  0  0  R  0  2  0  0  R  0  0  R  .  0
8I2  0  0  R  .  0  0  0  R  0  R  0  .  0 52  6 12  R  4
0A1  +  0  .  0  . 16  0  R  0  0  0  R  0  .  0  0  R  0  R  .  0  0  0  0  0
0A2  0  .  .  R  0  0  0  .  0  0  0  0  0 40  R  8  0  4
0C1  2  0  0  0  . 22  0  R  0  0  0  0  0  .  0  0  R  0  R  .  0  .  0  0  0
0C2  0  .  R  R  0  R  0  .  0  .  0  .  0 41  0  4  0  4
0E1  +  0  0  3  0  8  0  R  R  0  0  0  0  R  0  0  +  .  R  R  0  0  0  0  0
0E2  0  .  .  R  0  .  0  R  0  .  0  .  0 40  0  7  0  4
0G1  8  0  0  0  R 25  0  .  0  0  0  0  0  0  .  0  R  .  .  .  0  0  0  0  0
0G2  0  0  .  R  0  R  0  .  0  .  0  0  0 42  0  +  0  4
0I1 11  0  0  2  R  1  R  R  0  0  +  0  0  0  0  0  .  0  .  0  .  0  R  0  0
0I2  R  0  .  0  0  0  0  R  0  0  0  0  0 43  0  3  0  4
2I1 15  0  0  2  R  4  R  R  0  0  0  .  0  .  0  0  R  .  R  0  .  0  +  0  0
2I2  .  0  0  R  0  .  0  R  0  0  0  0  0 41  + 12  0  4
2G1 10  0  0  4  0  5  .  R  0  R  0  0  0  0  0  0  R  .  0  .  R  0  +  0  0
2G2  0  0  0  R  0  0  0  0  0  .  0  0  0 43  + 10  0  4
2E1  5  0  0  4  R  0  R  R  +  0  0  2  0  0  R  0  R  R  R  .  0  0  R  0  0
2E2  .  0  0  R  .  .  0  R  0  .  0  0  0 43  1 15  0  4
2C1 10  0  0  3  0  1  R  R  0  +  0  R  0  R  0  0  R  0  R  .  R  0  0  0  0
2C2  R  0  0  R  0  0  0  R  0  .  0  .  0 42  1  4  0  4
2A1  8  0  0  2  .  3  0  R  0  0  0  +  0  .  0  0  +  0  R  .  0  0  0  0  0
2A2  0  .  R  R  0  .  0  R  0  .  0  R  0 42  R  4  0  4
4A11.5  0  0  0.06 22  0 .3  0  0  0 .3  0  .  .  0  +  0.06  .  0  0  0  0  0
4A2  0  0.06  0  0 .3  .  0.06.06  0  .  0 43 .31.2  0  0
4C1  8  0  01.5.06  6 .3.06  R  0  01.5  0  0  0  0 .3  0  .  .  0  0  0  0  0
4C2  0  0  R  0.06  +  0  .  ..06  0  .  0 43  R  +  0  0
4E1 11 18  02.5  R  8  0  R 1.2 0  0  R  0.06  .  0.75  ..06.06  R  0  1  0  0
4E2  0  .  ..06  0  0  0  R  .  .  0  0  0 44  1 55  0  0
4G1 10  0  0  0  0 19  0  ..55  0  0  0  0.06  R  0 .3  0.06  .  R  0  +  0  0
4G2  0  R  .  .  0 .3  0  .  .  .  0  .  0 44 .3 12  0  0
4I1  0  0  0  1  05.5  0.06  0  01.3  R  0  .  0  0 .3  0  R  .  0  0  0  0  .
4I2  0  .  R  R  0 .3  0  R  R.06  0  .  0 41  3 15  0  0
6I1  3  0  0  1  R 22  R  .  0  0  0  0  0  0  R  0  2  .  +  R  0  0  0  0  .
6I2  0  R  R  R  0  +  0  0  R  0  0  R  + 43  3 11  0  2
6G1  7  0  0  0  . 19  .  R  0  0  0  0  0  R  0  0  +  0  +  R  0  0  R  0  0
6G2  0  0  .  .  0  R  0  R  .  R  0  .  0 45  1 17  0  2
6E1 18  0  0  2  R  3  0  +  R  0  0  0  0  .  0  0  +  .  R  .  0  0  +  0  0
6E2  0  0  R  .  0  0  0  .  0  .  0  .  0 45  2  4  0  2
6C1 17  0  0  4  0  6  .  R  0  0  0  0  0  .  R  0  +  .  +  R  0  0  R  0  0
6C2  0  .  R  0  .  0  0  R  0  .  0  .  0 45  7  1  0  2
6A1 18  0  0  3  0  2  R  R  0  0  0  0  0  .  .  0  +  +  R  0  0  0  0  0  0
6A2  0  .  +  0  .  0  0  .  0  .  0  0  0 45  2  1  0  2
8A1 23  .  0  4  0  1  0  +  0  0  0  0  0  0  0  0  0  .  0  0  R  0  R  0  .
8A2  0  R  0  0  .  0  0  +  0  0  0  .  0 45  R  5  0  2
8C1 21  0  0  3  0  2  +  +  0  R  0  0  0  0  0  0  0  0  0  0  R  0  1  0  0
8C2  R  .  0  0  0  0  0  R  0  0  0  0  0 45  +  7  0  2
8E1 10  0  0  2  R  8  R  +  0  +  0  0  0  R  .  0  +  0  0  R  R  R  2  0  0
8E2  0  .  0  R  0  0  0  R  0  .  0  .  + 44  2 10  0  2
8G1 10  0  0  3  R  3  0  R  .  2  0  0  0  0  0  0  +  0  0  .  0  0  3  0  0
8G2  .  .  0  .  .  0  0  R  R  .  0  .  0 44  6 12  0  2
8I1  6  0  0  R  . 15  R  R  0  0  0  0  0  R  .  0  2  .  R  .  0  0  +  0  0
8I2  0  0  R  R  0  R  0  0  .  R  0  R  0 44  3 13  0  2
