0A1  1  0.01  0.01 10  0 .1  0  0  0 .1  0  0  0  0  0  0  0  0  0  0  0  0  0
0A2  0.01  0  0  0 .1  0  0  0.01  0.01  0 42 .1  8  0  4
0C1  3  0  0  0.01 25  0 .1  0  0  0 .1  0  0  0  0  0  0  0  0  0  0  0  0  0
0C2  0.01  0  0  0 .1  0.01  0.01  0.01  0 40  0  3  0  4
0E1  1  0  0  2.01  7.01 .1 .1  0  0  0  0  0  0  0  0  0  0  0  0  0  0  0  0
0E2  0.01  0  0  0.01  0.01  0.01  0.01  0 38  0  3  0  4
0G1 10  0  0  0.01 30  0 .1  0  0  0  0  0  0  0  0  0  0  0  0  0  0  0  0  0
0G2  0.01  0  0  0 .1  0  0  0.01  0  0  0 42  0 .5  0  4
0I1 15  0  0  3 .5  2 .1 .1  0  0  0  0  0  0  0  0  0  0  0  0  0  0 .1  0  0
0I2 .1  0  0  0  0.01  0  0  0  0  0  0  0 37  0  4  0  4
2I1 14  0  0  2.01  4.01 .1  0  0  0.01  0  0  0  0  0  0  0  0  0  0 .5  0  0
2I2 .1  0  0  0  0  0  0 .1  0  0  0.01  0 41 .1 15  0  4
2G1 12  0  0  3  0  5.01 .1  0  0  0  0  0  0  0  0  0  0  0  0  0  0 .5  0  0
2G2  0  0  0  0  0  0  0  0  0.01  0  0  0 42 .1 10  0  4
2E1  6  0  0  0 .1  8.01 .1 .1  0  0  4  0  0  0  0  0  0  0  0  0  0 .1  0  0
2E2 .1  0  0  0  0.01  0  0  0.01  0  0  0 40.01 14  0  4
2C1 10  0  0  3  0  2.01 .1  0  0  0 .1  0  0  0  0  0  0  0  0  0  0 .1  0  0
2C2 .1  0  0  0  0  0  0.01  0  0  0  0  0 40 .1  4  0  4
2A1 15  0  0 .5  0  8  0 .1  0  0  0 .1  0  0  0  0  0  0.01  0  0  0  0  0  0
2A2  0.01  0  0  0 .1  0.01  0.01  0.01  0 40 .5  7  0  4   
4A11.2  0  0  0.06 18  00.3  0  0  0.06  0  0  0  0.01  0.01  0  0  0  0  0  0
4A2  0  0.01  0  0 .1  0  0.01.01  0.01  0 44.01.55  0  0
4C1  9  0  0  1.01  3.060.3  0  0  0  0  0  0  0  0.01  0 .1  0  0  0  0  0  0
4C2  0  0 .1  0  0 .5  0.01  0.01  0.01  0 42.01 .5  0  0
4E1 101.2  01.5  0  8  0 .1 .5  0  0.01  0  0  0  0  0  0  0  0  0  0 .5  0  0
4E2  0 .1  0  0  0  0  0.01  0.01  0  0  0 420.3  6  0  0
4G19.5  0  0.01  0 20  0.01 .1  0  0  0  0  0  0  0 .1  0  0  0  0  0.01  0  0
4G2  0  0.01  0  0 .1  0.01  0.01  0.01  0 42 .1 10  0  0
4I1  0  0  0 .5.013.5  0.06  0  0 .1  0  0  0  0  0.01  0.01  0  0  0  0  0  0
4I2  0.01.01  0  0 .1  0  0.01.01  0.01  0 41.010.3  0  0
6I1  2  0  0 .5.01 11.01.01  0  0  0  0  0  0  0  0  0  0 .1  0  0  0  0  0  0
6I2  0 .1  0  0  0 .5  0  0.01.01  0.01 .1 41 .1  4  0  2
6G1  6  0  0  0  0 17  0.01  0  0  0  0  0  0  0  0  0  0 .1  0  0  0  1  0  0
6G2  0  0  0  0  0 .1  0.01.01  0  0.01  0 38.01 16  0  2
6E1 13  0  0 .5.01  1  0 .1  0  0  0  0  0  0  0  0.01  0 .1  0  0  0 .1  0  0
6E2  0.01  0  0  0  0  0.01  0  0  0.01  0 37 .1  6  0  2
6C1 13  0  0  2  0  3.01 .1  0  0  0  0  0  0  0  0  0  0 .1  0  0  0  0  0  0
6C2  0.01 .1  0  0  0  0.01  0.01  0.01  0 37.01  1  0  2
6A1 17  0  0  2  0  1  0 .1  0  0  0  0  0  0  0  0 .1  0  0  0  0  0  0  0  0
6A2  0.01 .1  0  0  0  0.01  0.01  0  0  0 40.01 .5  0  2
8A1 20.01  0  2  0 .5  0 .1  0  0  0  0  0  0  0  0  0  0  0  0  0  0 .1  0  0
8A2  0 .1  0  0  0  0  0.01  0  0  0.01  0 37  0  8  0  2
8C1 18  0  0  2.01  2.01.01  0.01  0  0  0  0  0  0  0  0  0  0  0  0  1  0  0
8C2 .1.01  0  0  0  0  0.01  0  0  0  0  0 39  0 10  0  2
8E1 11  0  0 .5.01  3.01 .1  0.01  0  0  0  0  0  0  0  0  0  0  0  0  2  0  0
8E2  0.01  0  0  0  0  0.01  0  0  0.01 .5 35.01  7  0  2   
8G1  8  0  0  1 .1  2  0.01  0.01  0  0  0  0  0  0  0  0  0  0  0  0  3  0  0
8G2  0  0  0  0  0.01  0.01.01.01  0.01  0 34 .5  7  0  2
8I1  5  0  0.01.01  6.01.01  0  0  0  0  0  0  0  0 .1  0  0  0  0  0 .5  0  0
8I2  0  0  0  0  0 .1  0  0.01.01  0.01  0 39 .5  7  0  2
0A1  1  0  1  0 .5 16  0  2  0  0  0  2  0.01.01  0 .5.01  0 .1.01.01 .5  0.01
0A2  0 .1.01 .1  0  1  0  0.01.01  0.01  0 45  1 12 .5  2
0C1  3  0  0  0 .5 21.01  2  0  0  0 .5  0.01.01  0 .5  0  0.01  0  0  0  0 .1
0C2  0  0.01.01  0 .1  0.01  0 .1  0.01  0 46  0 10.01  2
0E1  1  0  0  4 .1  9 .5  1 .5  0  0  0  0.01.01  0 .5.01 .1 .1  0  0  0  0 .1
0E2  0 .1  0 .1  0 .1  0 .1.01.01  0.01  0 47  0  3  1  2
0G1  7  0  0 .5.01 30  0  1  0  0  0  0  0.01  0  0 .1  0  0 .1  0  0 .5  0  0
0G2  0  0  0.01  0 .5  0  0  0.01  0  0  0 45  0  4 .1  2
0I1 17  0  0  6.01  3 .5  2  0  0  0  0  0.01  0  0  0  0  0.01  0  0 .5  0  0
0I2 .1.01  0  0.01.01  0 .1  0.01  0  0  0 44  0  2  2  2
2I1 18  0  0  6  0  3  1  2  0  0  0 .5  0  0  0 .5.01  0  0.01 .5  0  2  0  0
2I2 .1  0  0  0  0.01  0 .1  0.01  0  0  0 45 .5 17  4  2
2G1 15  0  0 11  0  9 .1  2  0 .1  0  0  0  0  0  0 .1  0  0.01 .5  0  3  0  0
2G2  0  0  0 .1  0  0  0  0  0.01  0  0  0 45  1  9  2  2
2E1  7  0  0  0 .5  6 .5  2  2  0  0  8  0.01.01  0 .1.01 .5.01  0  0  3  0  0
2E2 .1  0  0 .1.01 .1  0.01  0 .1  0  0  0 45  3 15 .5  2
2C1 15  0  0  6  0  2 .5  3  0 .1  0  1  0.01  0  0 .1  0.01.01  1.01 .5  0  0
2C2 .1  0  0.01  0  0  0.01  0.01  0  0  0 45  2  5 .1  2
2A1  9  0  0  1.01  7  0  1  0  0  0  1  0.01.01  0 .1  0 .1 .1  0  0 .1  0  0
2A2  0 .1 .1 .1  0 .5  0.01.01 .1  0.01  0 47  1  7  1  2
4A11.8  0  0  0.55 22  02.5  0  0  0.55  0.01.01  0.75.01 .1 .1  0.01  0  0.01
4A2  0  0 .1  0  0.55.01.01 .1.01  0.01  0 52.55  1  0  0
4C1  6  0  01.2.062.50.3  20.3  0  01.5  0  0  0  0.06  0  0.01  0  0  0  0.01
4C2  0  00.3  0 .10.3  0  0  0 .1  0.01  0 50.060.3.01  0
4E1 101.8  03.5 .1  9  0.551.2  0  0.01  0.06.01  0.06.01.01.06 .1  0 .5  0  0
4E2  0 .1  0.01  0.01  0 .1.01.01  0  0  0 481.24.5 .5  0
4G1 16  0  0  0  0 24  00.3.75  0  0  0  0.06.06  0 .1.01  0 .1 .1  0 .1  0  0
4G2  0  0.01.01  0.06  0.01.01.01  0  0  0 52.559.5 .1  0
4I1  0  0  02.5.012.5  00.3  0  01.2 .1  0.01  0  0 .1.01 .1.06.06.012.6  0.01
4I2  0.06.06.01  0 .1  0 .1.06.06  0  0  0 52.550.3 .1  0
6I1  1  0  0 .5 .5 15 .1 .5  0  0  0  0  0  0.01  0 .1 .1 .1 .1  0  0  0  0  0
6I2  0  0.01 .1  0.01  0  0 .1 .1  0.01 .1 47  1  1  3  4
6G1 12  0  0  0  0 15 .1  1 .1  0  0  0  0 .1  0  0 .1  0.01 .1 .1  0  0  0  0
6G2  0  0  0 .1  0.01  0.01.01.01  0 .1  0 44 .5 10 .1  4
6E1 20  0  0  1 .1 .1  0  1 .5  0  0  0  0.01  0 .1 .1.01.01 .1  0  0 .1  0  0
6E2  0 .1  0  0.01  0  0  0.01  0  0.01  0 44 .5  1 .5  4
6C1 11  0  0  4  0  2  0  3  0  0  0  0  0.01.01  0.01.01 .1 .1  0  0.01  0  0
6C2  0.01 .1  0  0  0  0.01.01.01  0.01  0 42 .1 .1  1  4
6A1 35  0  0  4.01 .5  0  2  0  0  0  0  0.01  0  0 .1  0  0  0.01  0  0  0  0
6A2  0.01.01  0.01  0  0.01  0  0  0  0  0 42 .5 .1 .1  4
8A1 28.01  0  5  0  0  0  1  0  0  0  0  0  0  0  0  0  0  0  0  1  0 .1  0  0
8A2.01 .1  0  0.01  0  0 .1  0  0  0  0  0 41 .1  3 .1  4
8C1 15  0  0  3.01 .1 .1  2  0.01  0  0  0  0  0 .1  0  0  0  0 .5  0 .5  0  0
8C2 .1  0  0  0  0  0  0 .1  0  0  0  0  0 42 .1  4 .5  4
8E1  8  0  0  1 .1  2 .1  1  0.01  0  0  0.01 .1 .1 .1  0  0 .1 .1  0  1  0  0
8E2  0  0  0  0  0  0  0 .1  0.01  0  0 .1 41 .5  4  3  4
8G1 12  0  0  3 .5  1  0  1  0 .1  0  0  0  0  0 .1  0  0  0  0 .1  0  3  0  0
8G2.01.01  0.01  0  0  0 .1.01.01  0 .1  0 42  3  5 .5  4
8I1  3  0  0 .1.01  9 .1  1  0  0  0  0  0.01.01  0 .1  0.01 .1  0  0 .1  0  0
8I2  0  0  0 .1  0  0  0  0 .1.01  0.01  0 43  4  5  2  4
0A1 .5  0 .5  0 .1 16  0  1  0  0  0  1  0 .1 .1  0 .5.01.01 .1  0.01 .1  0 .1
0A2  0.01 .1 .1  0 .1  0 .1 .1 .1.01  0  0 57  1  4 .5  4
0C1  1  0  0  0 .5 25.01  2  0  0  0 .1  0  0  0  0 .5  0 .1.01  0  0  0  0 .5
0C2  0  0 .1 .1  0 .1  0 .1  0  0  0.01  0 58  0  5  0  4
0E1 .1  0  0  5 .1  4 .5  2 .1  0  0  0  0 .5 .1  0  2 .1 .1 .5  0  0  0  0 .5
0E2  0 .1 .1 .1.01 .1  0 .5 .1.01  0  0  0 58 .1  5  3  4
0G1  9  0  0 .1 .5 25  0  1  0  0  0  0  0  0 .1  0 .5  0.01 .5  0  0  0  0  0
0G2  0.01 .1 .1  0 .5  0  0  0.01  0  0  0 63  0 .5 .1  4
0I1 10  0  0 12  0  2 .5  1  0  0  0  0  0  0.01  0  0  0.01  0  0  0 .5  0  0
0I2 .1  0  0  0  0  0 .1  0  0 .1  0  0  0 63  0  3  1  4
2I1 20  0  0 10  0  3 .5  2  0  0  0 .1  0  0  0 .5 .1 .1  0 .1 .5  0  1  0  0
2I2 .1  0  0  0  0.01  0 .1  0.01  0.01  0 55 .1 10  4  4
2G1 15  0  0 15  0  6 .1  2  0 .1  0  0  0  0  0  0.01  0  0 .1 .5  0  1  0  0
2G2  0  0  0 .1  0  0  0  0  0 .1  0  0  0 57  1  7  2  4
2E1 10  0  0  0  1  2 .5  2  2  0  0 25  0 .1 .1  0 .5 .1 .1 .1.01  0  3  0  0
2E2 .1  0  0  0.01  0  0  0 .1.01  0  0  0 55  1 12  1  4
2C1 12  0  0 10  0  1 .5  3  0 .5  0 .5  0 .1.01  0 .1  0.01  0  2.01 .1  0 .1
2C2 .1  0  0.01  0  0  0 .1.01 .1  0  0  0 59 .5  2  2  4
2A1 18  0  0 .5  0  4  0  1  0  0  0 .1  0 .1  0  0 .5.01 .1 .5  0  0  0  0 .1
2A2  0  0 .1 .1  0.01  0 .1.01 .1  0.01  0 60  1  8  2  4
4A12.5  0  0  0.75 22  04.5  0  0  01.2  0.01.01  0  2.01 .1 .5  0 .1  0  0.75
4A2  0.01.75  0.010.3.06  0.06 .1  0.01  0 62.751.5  0  0
4C1  8  0  0  3 .1  3.75  3  1  0  0  2  0  0  0  0 .5  0  0.06  0  0  0  0 .1
4C2  0  0 .5  0.06.75  0.06  0 .1  0.06  0 61.26.55.06  0
4E19.51.2  0  6 .55.5  0.753.5  0  0 .5  0 .1 .1  0 .5.01.06.06.55  0 .5  0.01
4E2  0.06.01.01  0.01  0 .1.01.06  0  0  0 64  17.5 .5  0
4G1 17  0  0  0  0 25  0.551.2  0  0  0  0.06 .1  0 .5.06  0.060.3  0 .1  0.01
4G2  0 .1 .1  0  0.06  0.01.01.06  0.01  0 66.75 120.3  0
4I1  0  0  0  4 .1  3  0.75  0  01.5 .1  0.06 .1.011.5.060.3 .1.06.06 .1  0.75
4I2  0.060.3.06  00.3  0.26 .1.06  0  0  0 69  0 .50.3  0
6I1  3  0  0  4  2 18 .5  2  0  0  0  0  0 .1 .5  0  2 .1 .1 .5 .1  0  0  0 .1 
6I2  0  0 .5 .1  0  1  0.01 .1 .1  0.01 .1 61  4  5  8  2
6G1  8  0  0  0  0 18 .1  3  1  0  0  0  0 .1.01  0  1.01 .1 .1 .5 .1 .5  0  0
6G2  0 .1 .1  0  0 .1  0.01  0.01  0.01  0 65  2 17 .5  2
6E1 11  0  0  4  2  1  0  2  4  0  0  0  0.01 .1  0 .5.01 .1  0 .1  0 .1  0  0
6E2  0  0 .1 .1  0  0  0.01  0.01  0.01  0 62  2  3  2  2
6C1 14  0  0 10 .1  8  0  6  0  0  0  0  0.01 .1  0 .1  0 .1 .1  0  0  0  0  0
6C2  0  0 .1  0  0  0  0 .1  0.01  0.01  0 60 .5  1  2  2
6A1 15  0  0  9 .5  1 .1  7  0  0  0  0  0 .1  0  0 .1.01 .1.01  0  0  0  0  0
6A2  0  0 .5  0 .1  0  0.01  0.01  0  0  0 59  2 .5 .5  2
8A1 18 .1  0  9  0 .5  0  4  0  0  0  0  0  0  0  1  0.01  0  0  2  0 .1  0  0
8A2  0.01.01  0.01  0  0 .1  0  0  0  0  0 57 .1  5 .1  2
8C1 17  0  0  8  1  1  1  5  0 .1  0  0  0  0  0  4  0  0  0.01  2  0  2  0  0
8C2 .1  0  0  0.01  0  0 .1  0  0  0  0  0 57 .5 10  1  2
8E1 12  0  0 11  5  3  0  5  0 .5  0  0  0 .1 .5  3 .1.01  0 .1  2.01  4  0  0
8E2  0 .1  0 .1  0  0  0 .1  0.01  0.01  0 57  2  7  5  2
8G1 10  0  0 13  8  5  0  4  0  1  0  0  0.01 .1  4 .5  0  0.01 .1  0  2  0  0
8G2.01  0  0  0  0.01  0 .5  0 .1  0.01  0 57  5  8  2  2
8I1  5  0  0  2 .1  9  1  3  0  0  0  0  0.01 .1  0  1.01 .1 .1.01  0 .1  0  0
8I2.01  0 .1 .1  0 .1  0 .1 .1 .1  0.01  0 58  7  9  4  2
0A1  3  0  1  0 .5 24  0  2  0  0  0  2  0.01 .1.01  1.01 .1 .5 .1  0 .5  0  1
0A2  0 .1 .1 .1  0 .5  0  0.01.01.01.01  0 61  2  6  1  2
0C1  4  0  0  0  1 25 .1  3  0  0  0 .5  0 .1  0  0 .5  0 .5 .1  0  0  0  0  1
0C2  0  0 .1  0  0 .5  0 .1  0.01  0.01  0 61  0  4 .1  2
0E1 .5  0  0  6 .1 10 .5  3 .5  0  0  0 .1 .1 .1  0  4.01 .1 .1  0  0  0  0  1
0E2  0 .1 .1 .1  0 .1  0 .1.01 .1  0.01  0 61  0  3  3  2 .1
0G1  8  0  0 .5 .5 34  0  0  0  0  0  0  0.01  0  0  1  0.01 .1  0  0  0  0  0
0G2  0 .1 .1 .1  0 .5  0.01  0.01  0  0  0 61  0 .5 .1  2
0I1 17  0  0 13 .1  3  1  2  0  0  0  0  0  0 .1  0  0  0.01.01 .1  0 .5  0  0
0I2 .1  0.01  0.01 .1  0 .1  0.01  0  0  0 59  0  2  1  2
2I1 17  0  0 10 .5  2 .5  3  0  0  0 .5  0  0  0  1 .5.01.01.01 .1  0  2  0.01
2I2 .1  0  0  0  0 .1  0 .1  0.01  0.01  0 61 .1 12  3  2
2G1 14  0  0 11  0  8  1  2  0  0  0  0  0 .1  0  0 .1.01  0 .1  1  0  1  0  0
2G2  0  0  0 .1  0  0  0  0  0.01  0  0  0 61  2  8  2  2
2E1  6  0  0  0  3  4 .5  1  3  0  0 17  0 .1 .1  0  1.01 .5.01  0  0  3  0  0
2E2 .1  0  0 .1.01  0  0  0  0.01  0  0  0 61  2 12  1  2
2C1 12  0  0 12  0  2  1  4  0 .5  0  0  0 .1 .1  0 .5  0 .1 .1  2  0  1  0 .1
2C2 .1  0  0.01  0  0  0 .1  0.01  0  0  0 61  1  3  2  2
2A1 11  0  0  2.01  7  0  1  0  0  0  2  0 .1.01  0  1.01 .1 .1  0  0 .5  0 .5
2A2  0  0 .1 .1  0  0  0 .1.01 .1.01.01  0 62  2  7  2  2
4A11.5  0  0  0 .5 26  02.5  1  0  0.75  0 .1.01  0  2.010.30.3  0.06  0  01.5
4A2  0  0 .5 .1  0 .1.06  0.06 .1  0.01  0 64.75.75  0  0
4C16.5  0  02.5 .12.5.75  3.55  0  01.5  0  0  0  0 .5  0 .1 .1  0  0  0  0 .5
4C2  0  0.75  0.06 .5.01.01  0.06  0.01  0 64 .5.75.01  0
4E1 101.2  06.5 .1  7  0.75  3  0  00.3  00.3 .1  0 .5.01.01.06 .5  0 .5  0.06
4E2  0.01.01.01  0.01  0 .1.06.01  0  0  0 64  14.5 .5  0
4G1 17  0  0  0  0 24  00.31.2  0  0  0  0 .1.06  0.75.01.06.06 .5  0 .5  0  0
4G2  0  0 .1  0  0 .1  0.06.01.01  0.01  0 66.75 12 .1  0
4I1  0  0  0  4 .1  4  0  1  0  0  2  0  0  0.01.01  1.01 .1.06 .1.060.3  01.5
4I2  0.010.3.06  0 .1  00.3 .1.06  0.01  0 64 .1.75 .1  0
6I1  1  0  0  1  1 18 .1  2 .5  0  0  0  0 .1.01  0  2.01 .5 .5  0  0  0  0 .5
6I2  0  0 .5  0 .1  0  0 .5  0 .1  0.01 .1 66  2  5  5  4
6G1 10  0  0  0  0 12 .1  3 .5  0  0  0  0 .5  0  0 .5.01 .5 .5 .1 .1  0  0 .1
6G2  0.01 .1  0  0.01  0.01 .1 .1  0.01  0 64 .5 12 .5  4
6E1 12  0  0  4  1 .5  0  3  2  0  0  0  0 .1  0  0 .5.01.01.01 .1  0 .1  0  0
6E2  0.01 .1.01  0  0  0  0 .1.01  0  0  0 63  1  2  1  4
6C1 12  0  0 15.01  3  0  7  0  0  0  0  0  0  0  0 .1  0  0 .1  0  0  0  0  0
6C2  0  0 .5  0.01  0  0 .1.01 .1  0.01  0 63 .1  1  1  4
6A1 28  0  0  9 .1 .5  0  4  0  0  0  0  0 .1  0  0 .1  0.01.01  0  0  0  0  0
6A2  0.01 .5  0.01  0  0 .1  0.01  0  0  0 63 .5 .1 .5  4
8A1 12  0  0  8  0 .1  0  3  0  0  0  0  0  0  0 .5  0  0  0  0  3  0 .1  0.01
8A2.01.01  0  0.01  0  0 .5  0  0  0.01  0 64.01  3 .1  4
8C1  4  0  0 15 .5 .1 .5  5  0  0  0  0  0  0  0  1  0  0  0  0  1  0  1  0  0
8C2.01  0  0  0.01  0  0 .1  0  0  0  0  0 65.01  6 .5  4
8E1  5  0  0  4  2  1 .5  2  0  0  0  0  0 .1 .1  2.01  0  0 .1  1.01  2  0  0
8E2  0.01  0.01  0  0  0 .1.01.01  0  0 .1 63 .5  5  3  4
8G1  8  0  0  8  5  1  0  2  0  1  0  0  0  0.01  3 .1  0 .1  0 .1  0  3.01  0
8G2  0.01  0.01.01  0  0.01.01.01.01  0  0 61  1  6 .5  4
8I1  3  0  0 .5  0 12 .5  2  0  0  0  0  0 .1  0  0  1.01 .1 .1  0  0 .5  0  0
8I2  0  0 .1 .1  0  0  0 .1 .1 .1  0.01  0 66  6  7  4  4
0A1 .5  0 .5  0 .5 17  0 .5  0  0  0  1  0 .1  0  0 .5.01 .5 .1  0.01  0  0.01
0A2  0  0 .1.01  0  1  0.01.01 .1.01  0  0 64  1  8.01  3
0C1  2  0  0  0 .5 30  0  1  0  0  0 .1  0.01  0  0 .5  0 .5.01  0  0  0  0.01
0C2  0  0 .5 .1  0 .5  0 .1  0 .1  0  0  0 61  0  7  0  3
0E1 .5  0  0  4 .1  7 .5  1  0  0  0  0  0 .1 .1  0  2.01  0 .5  0.01  0  0 .1
0E2  0.01 .1 .1  0 .1  0 .1 .1.01  0  0  0 59  0 13 .1  3
0G1  5  0  0 .1 .1 30  0 .5  0  0  0  0  0.01 .1  0  1.01  0 .1  0  0 .1  0  0
0G2  0  0 .5 .1  0 .5  0.01  0.01  0  0  0 59  0  2 .1  3
0I1 12  0  0  5 .1  1 .5  1  0  0  0  0  0  0 .1  0  0  0 .1  0  0  0  1  0  0
0I2 .5  0 .1  0  0 .1  0 .1  0.01  0  0  0 59  0  3 .1  3
2I1 12  0  0  3 .5  3 .5  1  0  0  0 .1  0  0  0  0 .5.01 .1 .1 .5  0  2  0  0
2I2 .1  0  0.01  0.01  0 .1  0.01  0  0  0 59 .5 17 .5  3
2G1 15  0  0  7  0  5 .1  1  0 .5  0  0  0  0  0  0 .1.01  0 .1  1  0  3  0  0
2G2  0.01  0 .1  0  0  0.01  0.01  0  0  0 59  2 15 .1  3
2E1  4  0  0  0 .5  3 .1  3  0  0  0 12  0 .1  0  0  2 .1 .5.01  0  0  1  0  0
2E2 .1  0  0 .1  0  0  0  0.01.01  0  0  0 59  1 15  0  3
2C1 10  0  0  7  0  1 .5  2  0 .5  0  0  0 .1.01  0 .5  0 .1.01  2  0  0  0 .1
2C2 .1  0.01 .1  0  0  0 .1  0.01  0  0  0 60  1  3 .1  3
2A1 12  0  0  1 .1  7  0  1  0  0  0 .5  0 .1  0  0  2  0 .1 .1  0  0 .1  0 .5
2A2  0  0 .1 .5  0 .1  0.01 .1.01  0.01  0 60  2  5 .1  3
4A1.75  0  0  0 .5 30  0  1  0  0  0 .5  0 .1.01  01.5.010.30.3  0 .1  0  00.3
4A2  0  0 .5.01  00.3  0  0 .1 .1  0  0  0 62.75.75  0  0
4C14.5  0  02.5 .1  3 .5  1 .5  0  01.5  0  0  0  0.75  0.06.01  0  0  0  00.3
4C2  0  0.75  0.06.75  0.01  0.06  0.06  0 60 .1 .5.01  0
4E17.5.75  0  5 .15.5  0.75  3  0  0 .1  0 .1 .1  0.75  0.06.01 .5  0.75  0  0
4E2  0 .1  0 .1  0.01  0 .1.06.01  0  0  0 60  15.5 .1  0
4G1 11  0  0  0  0 22  00.3  1  0  0  0  0 .1.01  0.75.06.06 .1 .1  00.3  0  0
4G2  0.01 .1.01  0.26  0 .1.01.06  0  0  0 60 .5  5.01  0
4I1  0  0  03.5 .1  4  00.3  0  0  1 .1  0  0.01  01.5.06 .5 .1.06 .1 .1  0.75
4I2  0.060.3 .1  0 .1  0 .1 .5.01  0  0  0 580.3  1  0  0
6I1  1  0  0  2 .5 20  0 .5  0  0  0  0  0 .1 .1  0  1  0 .5 .1 .1  0  0  0.01
6I2  0  0 .5 .1  0 .5  0  0  1 .1  0.01 .1 60  2  4  2  4
6G1 10  0  0  0  0 18 .1  1 .5  0  0  0  0 .5  0  0  1.01 .5 .1  0 .1  0  0 .1
6G2  0  0 .1.01  0 .1  0 .1 .1  0  0.01  0 59  1 12 .1  4
6E1  7  0  0  5  1  2  0  2  2  0  0  0  0 .1.01  0 .5.01.01 .1 .1  0 .1  0  0
6E2  0  0.01.01.01  0  0  0.01.01  0.01  0 63 .5  3.01  4
6C1 11  0  0  8  0  4  0  3 .5  0  0  0  0 .1  0  0 .1.01 .1 .1  0  0 .1  0  0
6C2  0.01 .5  0.01  0  0 .1  0 .1  0  0  0 56 .5 .1.01  4
6A1 15  0  0  9  0  1  0  3  0  0  0  0  0 .1  0  0 .1.01.01  0  0  0  0  0  0
6A2  0.01 .5  0.01  0  0 .1  0.01  0  0  0 58 .5 .1 .1  4
8A1 13.01  0 15  0 .1  0  2  0  0  0  0  0  0  0.01  0  0  0  0  3  0 .1  0.01
8A2  0.01  0  0 .1  0  0 .5  0  0  0.01  0 56 .1  5  0  4
8C1 11  0  0 10 .5  2 .5  3  0.01  0  0  0  0  0.01  0  0  0.01  1  0  1  0  0
8C2 .1  0  0  0.01  0  0 .5.01  0  0  0  0 54 .1  8.01  4
8E1  6  0  0  6  2  4 .1  2  0  0  0  0  0 .1 .1  0 .5.01  0 .1  2.01  2  0  0
8E2  0  0  0 .1  0  0  0 .1 .1  0  0  0 .1 54 .5  6 .1  4
8G1 10  0  0  8  5  3  0 .5  0  1  0  0  0 .1  0 .1 .5  0  0 .1 .5.01  4.01  0
8G2  0  0  0.01  0  0  0 .1 .1.01  0.01  0 55  2  5 .1  4
8I1  4  0  0 .5  0 15 .1  1  0  0  0  0  0 .1  0  0  3  0 .1 .1  0  0 .5  0  0
8I2  0  0 .1 .1  0 .1  0 .1 .1 .1  0.01  0 57  4  8  1  4
0A1 .5  0.01  0.01 25  0.01  0  0  0 .1  0.01  0  0 .1  0.01  0  0  0  0  0.01
0A2  0 .1.01  0  0 .5  0  0.01.01  0  0  0 33.01  4  0  3
0C1  2  0  0  0.01 35  0 .1  0  0  0  0  0  0  0  0  0  0 .1  0  0  0  0  0  0
0C2  0  0.01  0  0.01  0.01  0.01  0.01  0 36  0  2  0  3
0E1  1  0  0  1.01 17.01 .1  0  0  0  0  0.01  0  0 .1  0 .1.01  0  0  0  0  0
0E2  0  0  0  0  0 .1  0.01  0.01  0  0  0 36  0  5  0  3
0G1  7  0  0  0.01 35  0.01  0  0  0  0  0.01  0  0 .1  0  0  0  0  0  0  0  0
0G2  0  0  0.01  0 .1  0.01  0.01  0  0  0 36  0  1  0  3
0I1 15  0  0  2.01  2.01.01  0  0 .1  0  0  0  0  0  0.01 .1  0  0  0  0  0  0
0I2.01  0  0  0  0 .1  0 .1  0.01  0  0  0 38  0  4  0  3
2I1 15  0  0  2.01  3 .1 .1  0  0  0  0  0  0  0  0 .1  0  0  0  0  0  1  0  0
2I2 .1  0.01  0  0 .1  0  0  0  0  0  0  0 37.01 18  0  3
2G1 17  0  0  3  0  8.01 .1  0 .1  0  0  0  0  0  0  0  0  0  0 .1  0 .5  0  0
2G2  0  0  0.01  0  0  0.01  0.01  0  0  0 38 .5 17  0  3
2E1  4  0  0  0  0  3 .1 .5  0  0  0  3  0.01  0  0 .1.01 .1  0  0  0 .5  0  0
2E2 .1  0.01  0  0  0  0.01.01.01  0  0  0 38 .5 17  0  3
2C1 12  0  0  3  0  2 .1 .1  0 .1  0 .1  0.01  0  0.01  0.01.01 .1  0  0  0  0
2C2  0  0 .1.01  0  0  0.01  0.01  0  0  0 36 .5  5  0  3
2A1 18  0  0 .1  0 10  0.01  0  0  0 .1  0  0  0  0 .1  0 .1  0  0  0  0  0  0
2A2  0.01 .1.01  0 .1  0.01.01.01  0.01  0 37 .1  8  0  3
4A1  2  0  0  0.01 30  0 .1  0  0  0 .1  0.01  0  0 .1  0 .1  0  0  0  0  0  0
4A2  0 .1 .1  0  0 .1  0  0.01.01  0  0  0 36 .1 .5  0  3
4C1 10  0  0  1  0  4 .1 .1  0  0  0 .5  0  0  0  0 .5  0  0  0  0  0  0  0  0
4C2  0  0 .1  0.01 .5  0.01  0.01  0.01  0 37.01 .5  0  3
4E1 10  1  0  2.01  5  0 .1  0  0  0  0  0  0  0  0 .1  0  0  0  0  0 .5  0  0
4E2  0.01 .1.01  0  0  0.01  0.01  0  0  0 38 .1 12  0  3
4G1 17  0  0  0  0 20  0 .1  0  0  0  0  0.01  0  0 .1  0 .1  0.01  0 .5  0  0
4G2  0.01  0  0  0.01  0.01.01.01  0  0  0 36 .1  8  0  3
4I1  0  0  0  0.01  4  0.01  0  0 .5  1  0  0  0  0 .1  0 .1  0  0  0  0  0  0
4I2  0.01 .1  0  0.01  0.01.01.01  0  0  0 37.01 .5  0  3
6I1  4  0  0  1 .1 20  0 .1  0  0  0  0  0.01  0  0 .5  0 .1  0  0  0  0  0  0
6I2  0.01 .1.01  0 .1  0.01 .1.01  0.01 .1 37  1  1  0  3
6G1  8  0  0  0  0 15  0 .1  0  0  0  0  0.01  0  0 .1  0 .1.01  0  0  0  0  0
6G2  0.01 .1  0  0.01  0  0.01.01  0.01  0 38 .1 20  0  3
6E1 15  0  0  1.01  1  0 .1  0  0  0  0  0  0  0  0 .1  0  0  0  0  0 .1  0  0
6E2  0.01  0.01  0  0  0.01  0.01  0  0  0 36 .5  2  0  3
6C1  5  0  0  3  0  3  0 .1  0  0  0  0  0  0  0  0 .1  0 .1  0  0  0  0  0  0
6C2  0.01 .1  0  0  0  0.01  0.01  0.01  0 38 .1 .5  0  3
6A1 17  0  0  3  0  1  0 .1  0  0  0  0  0  0  0  0  0  0  0  0  0  0  0  0  0
6A2  0  0 .1  0  0  0  0.01.01.01  0  0  0 38 .5  1  0  3
8A1 18  0  0  3  0 .5  0 .1  0  0  0  0  0  0  0  0  0  0  0  0  0  0 .1  0  0
8A2  0 .1  0  0  0  0  0 .1  0  0  0.01  0 38.01  4  0  3
8C1 20  0  0  1 .1 .5 .1 .1  0  0  0  0  0  0  0  0  0  0  0  0  0  0 .1  0  0
8C2  0  0  0  0  0  0  0 .1  0  0  0  0  0 36  0  7  0  3
8E1  6  0  0  1 .1  1  0 .1  0 .1  0  0  0  0  0  0 .1.01  0.01  0  0  1  0  0
8E2  0  0  0  0  0  0  0 .1  0.01  0  0 .1 38 .5  7  0  3
8G1  8  0  0  3 .1 .5  0 .1  0 .5  0  0  0  0  0  0 .1  0  0  0  0  0  3  0  0
8G2  0.01  0.01  0.01  0.01.01.01  0.01  0 40  2  8  0  3
8I1  3  0  0 .1.01 10.01 .1  0  0  0  0  0.01  0  0 .5.01 .1  0  0  0 .5  0  0
8I2  0  0  0 .1  0.01  0.01.01.01  0.01  0 38  1 12  0  3
