STAND 6, SURVEY DATE: 06 Jun 1984, OBSERVERS: G.H. La Roi (#1), ROWS: 4,6,8, M.S. Ross (#3), ROWS: 0,2,4, DATA ENTRY: 14 Dec 2004 (note: GHLR used soil thermometer "Old#1", MSR used "M";
central max-min data: max 72 min 24 present 55 at 6pm;Joseph Campbell: "Masks of God", 5-vol on mythology/Renee M Ostafichuk)

Quad  0A    0C    0E    0G    0I    2I    2G    2E    2C    2A    4A    4C    4E    4G    4I    6I    6G    6E    6C    6A    8A    8C    8E    8G    8I    4a    4c    4e    4g    4i

ABBA   0.0   0.0   5.0   0.0   0.0   3.0   0.0   8.0   1.0   8.0   8.0  15.0  12.0  17.0  17.0  28.0   7.0  25.0  25.0   8.0  12.0  18.0  28.0  25.0   8.0   0.5  20.0   5.0   8.0   5.0
BEPA   0.0   0.0   0.0   0.0   0.0   0.0   0.0   0.0   0.0   0.0   0.0   0.0   0.0   0.0   3.0   4.0   0.0   0.0   0.0   0.0   0.0   0.0   0.0   0.0   0.0   0.0   0.0   0.0   0.0   7.0
PIGL  80.0  12.0  30.0  45.0  20.0  15.0  15.0   4.0   3.0   2.0   6.0  10.0  17.0  14.0   0.0  12.0  40.0  18.0  28.0  14.0  19.0   6.0  14.0   4.0  22.0   8.0  15.0  25.0  25.0   0.0
POBA   0.0   0.0   0.0   0.0   0.0   0.0   0.0   0.0   0.0   0.0   0.0   0.0   0.0   0.0   0.0   0.0   0.0   0.0   0.0   0.0   0.0   0.0   0.0   0.0   6.0   0.0   0.0   0.0   0.0   0.0
POTR   0.0  20.0   5.0   0.0  30.0  30.0  30.0  35.0   0.0  10.0   8.0   9.0   0.1   0.0  14.0  15.0   0.0   0.0  12.0  22.0   0.0  23.0   0.0   0.01 20.0  10.0  20.0   0.5   0.0  30.0
AMAL   0.1   0.0   0.1   0.0   0.1   1.0   1.0   0.1   0.01  0.1   0.0   0.0   0.0   0.5   0.5   0.0   0.01  0.0   0.0   0.0   0.0   0.0   0.0   0.0   0.0   0.0   0.0   0.0   0.1   0.5
LEGR   0.0   0.0   0.0   0.0   0.0   0.0   0.0   0.0   0.0   0.0   0.0   0.0   0.0   0.0   1.0   0.0   0.0   0.0   0.0   0.0   0.0   0.0   0.0   0.0   0.0   0.0   0.0   0.0   0.0   0.5
LODI   1.0   0.0   0.0   0.1   0.1   0.1   0.5   0.01  0.0   0.01  0.1   0.0   0.01  0.0   0.0   0.0   0.0   0.5   0.0   0.1   0.5   0.0   0.01  0.0   0.5   0.01  0.01  0.0   0.0   0.0
LOIN   5.0   2.0   4.0   3.0   5.0  10.0   4.0   7.0   1.0   5.0  10.0   4.0   6.0   8.0   7.0   3.0   6.0   3.0   3.0   8.0   9.0   5.0   3.0   4.0   2.0   5.0   1.0   4.0   7.0  10.0
PRPE   0.0   0.0   0.0   0.0   0.0   0.0   0.0   0.0   0.0   0.0   0.0   0.0   0.0   0.0   0.0   0.0   0.0   0.0   0.0   0.0   0.0   0.0   0.0   0.0   0.0   0.0   0.0   0.0   0.0   0.0
RIGL   0.0   0.0   0.0   0.0   0.0   0.0   0.0   0.0   0.0   0.0   0.0   0.0   0.0   0.0   0.0   0.0   0.0   0.0   0.0   0.0   0.0   0.0   0.0   0.0   0.0   0.0   0.0   0.0   0.0   0.0
RILA   0.01  0.1   0.1   0.01  0.01  0.0   0.01  0.1   0.01  0.1   0.01  0.0   0.0   0.01  0.01  0.0   0.1   0.0   0.0   0.01  0.1   0.01  0.0   0.1   0.1   0.01  0.0   0.0   0.01  0.1
RITR   1.0   0.0   0.01  1.0   0.5   0.1   0.5   0.5   0.1   0.5   0.1   0.5   0.01  0.1   1.0   0.01  0.01  0.1   0.0   0.5   0.1   0.0   0.0   0.5   0.5   0.5   1.0   0.0   0.0   1.0
ROAC   0.0   0.0   1.0   0.5   0.1   2.0   2.0   3.0   3.0   1.0   3.0   1.0   3.0   1.0   5.0   0.5   3.0   2.0   0.5   1.0   2.0   1.0   1.0   0.1   4.0   1.0   0.5   2.0   0.5   3.0
RUID   1.0   0.0   0.0   0.0   0.5   0.0   0.0   0.0   0.0   0.0   0.0   0.0   0.0   0.0   0.0   0.5   0.1   0.0   0.0   1.0   0.0   0.0   0.0   0.0   0.0   0.0   0.0   0.0   0.0   0.1
SHCA   0.0   0.0   0.0   0.0   0.0   0.0   0.0   0.0   0.0   0.0   0.0   0.0   0.0   0.0   0.0   0.0   0.0   0.0   0.0   0.0   0.0   0.0   0.0   0.0   0.0   0.0   0.0   0.0   0.0   0.0
SYAL   0.1   0.0   0.0   0.0   1.0   0.0   0.1   0.0   0.01  0.0   0.0   0.0   0.1   0.0   0.0   0.0   0.0   0.0   0.0   0.0   0.0   0.0   0.0   0.0   0.0   0.0   0.0   0.01  0.0   0.0

Quad  0A    0C    0E    0G    0I    2I    2G    2E    2C    2A    4A    4C    4E    4G    4I    6I    6G    6E    6C    6A    8A    8C    8E    8G    8I    4a    4c    4e    4g    4i
VAVI   0.0   0.0   0.0   0.0   0.1   0.0   0.0   0.0   0.1   0.0   0.0   0.0   0.0   0.0   0.0   0.0   0.0   0.0   0.0   0.0   0.0   0.0   0.0   0.0   0.0   0.0   0.0   0.0   0.0   0.0
VIED   3.0   1.0   2.0   1.0   7.0   8.0   6.0   2.0   2.0   6.0   7.0   3.0   2.0   2.0   3.0   2.0   4.0   5.0   1.0   5.0   5.0   2.0   1.0   0.5   7.0   6.0   3.0   0.5   2.0   3.0
ACMI   0.1   0.0   0.01  0.0   0.1   0.1   0.01  0.01  0.01  0.0   0.01  0.01  0.01  0.01  0.0   0.0   0.1   0.01  0.0   0.0   0.0   0.0   0.0   0.0   0.01  0.01  0.1   0.01  0.0   0.1
ACRU   0.5   0.01  0.1   0.1   0.1   0.1   0.01  0.01  0.0   0.1   0.0   0.5   0.01  0.0   0.0   0.0   0.0   0.0   0.0   0.0   0.0   0.0   0.0   0.0   0.0   0.0   0.1   0.1   0.01  0.0
ARNU   2.0   2.0   2.0   2.0   2.0   2.0   0.5   1.0   0.0   0.1   1.0   0.5   0.5   0.5   0.1   0.5   0.5   0.0   0.1   2.0   0.0   0.0   0.0   0.0   2.0   0.5   0.5   0.5   0.1   1.0
ASCI   1.0   0.5   0.1   0.1   1.0   1.0   1.0   0.5   0.5   0.1   0.1   1.0   0.5   1.0   1.0   0.1   0.5   0.01  0.1   1.0   1.0   1.0   0.01  0.1   1.0   0.1   0.5   0.5   0.1   1.0
ASCO   0.1   0.0   0.0   0.0   0.0   0.0   0.0   0.0   0.1   0.0   0.01  0.1   0.01  0.0   0.0   0.0   0.0   0.0   0.0   0.0   0.1   0.0   0.01  0.0   0.0   0.1   0.1   0.01  0.0   0.0
AQBR   0.0   0.0   0.0   0.0   0.0   0.0   0.0   0.0   0.0   0.0   0.0   0.0   0.0   0.0   0.0   0.0   0.0   0.5   0.0   0.0   0.0   0.0   0.0   0.0   0.0   0.0   0.0   0.0   0.0   0.0
COCA   3.0   1.0   1.0   0.1   1.0   0.1   0.5   0.1   0.1   0.01  5.0   1.0   2.0   1.0   3.0   1.0   2.0   2.0   0.1   5.0   4.0   0.5   0.1   0.01  4.0   0.1   0.5   1.0   0.1   1.0
COTR   0.0   0.0   0.0   0.0   0.0   0.0   0.0   0.0   0.0   0.0   0.0   0.0   0.0   0.0   0.0   0.0   0.0   0.0   0.0   0.0   0.0   0.0   0.0   0.0   0.0   0.0   0.0   0.0   0.0   0.0
DITR   0.5   0.0   0.0   0.0   0.0   0.0   0.0   0.0   0.0   0.0   0.0   0.0   0.0   0.0   0.0   0.0   0.0   0.0   0.0   0.0   0.0   0.0   0.0   0.0   0.0   0.0   0.0   0.0   0.0   0.0
EPAN   1.0   0.0   0.0   0.0   0.01  0.5   0.0   0.1   0.01  0.1   0.0   0.0   0.0   0.0   0.5   0.0   0.1   0.0   0.0   0.5   0.0   0.0   0.0   0.0   0.0   0.0   0.0   0.0   0.0   0.0
FRVE   0.0   0.1   0.5   0.1   0.0   0.5   0.5   0.0   0.0   0.0   0.1   0.1   0.0   0.0   0.0   0.0   0.0   0.1   0.0   0.1   1.0   0.01  0.0   0.1   0.0   0.1   0.1   0.0   0.0   0.0
FRVI   0.5   0.0   0.1   0.1   0.5   0.5   0.1   0.5   0.5   0.01  0.1   0.0   0.01  0.01  0.1   0.01  0.1   0.0   0.0   0.0   0.01  0.01  0.01  0.0   0.01  0.01  0.0   0.1   0.1   0.5
GABO   0.5   0.1   0.01  0.1   0.1   0.1   0.1   0.01  0.1   0.1   0.1   0.5   0.01  0.1   0.1   0.01  0.1   0.01  0.0   0.1   0.1   0.0   0.0   0.01  0.1   0.0   0.0   0.0   0.0   0.0
GATR   0.1   0.1   0.01  0.1   0.01  0.1   0.1   0.1   0.0   0.01  0.0   0.01  0.01  0.01  0.1   0.0   0.1   0.5   0.0   0.0   0.01  0.1   0.1   0.0   0.1   0.0   0.01  0.01  0.01  0.1
GORE   0.01  0.0   0.0   0.0   0.0   0.0   0.01  0.0   0.0   0.0   0.0   0.0   0.01  0.0   0.0   0.0   0.0   0.0   0.0   0.0   0.0   0.0   0.0   0.0   0.0   0.0   0.0   0.0   0.0   0.0
HIUM   0.0   0.0   0.0   0.0   0.01  0.0   0.0   0.0   0.0   0.0   0.0   0.0   0.0   0.0   0.0   0.0   0.0   0.0   0.0   0.1   0.0   0.0   0.0   0.0   0.1   0.0   0.0   0.0   0.0   0.0
LAOC   0.5   0.0   0.01  0.0   0.1   0.0   0.1   0.1   0.01  0.1   0.1   0.01  0.0   0.0   0.01  0.0   0.0   0.01  0.0   0.1   0.1   0.0   0.0   0.0   0.01  0.1   0.01  0.0   0.0   0.0
LIBO   2.0   4.0   1.0   1.0   2.0   2.0   3.0   0.5   1.0   0.5   5.0   3.0   4.0   4.0   5.0   3.0   6.0   5.0   1.0   3.0   2.0   3.0   1.0   0.5   8.0   1.0   0.5   2.0   3.0   3.0

Quad  0A    0C    0E    0G    0I    2I    2G    2E    2C    2A    4A    4C    4E    4G    4I    6I    6G    6E    6C    6A    8A    8C    8E    8G    8I    4a    4c    4e    4g    4i
MACA   1.0   1.0   0.0   0.5   1.0   0.5   0.5   0.1   0.1   0.1   0.1   0.0   0.0   0.5   0.0   0.0   0.0   0.1   0.1   0.1   0.5   0.0   0.1   0.0   0.0   0.1   0.0   0.5   0.1   0.0
MEPA   3.0   2.0   0.5   1.0   3.0   4.0   5.0   1.0   0.5   3.0   5.0   4.0   3.0   3.0   3.0   3.0   3.0   2.0   1.0   5.0   5.0   1.0   0.1   0.1   5.0   2.0   3.0   2.0   2.0   2.0
MINU   4.0   3.0   2.0   0.5   0.5   1.0   1.0   1.0   0.0   0.5   3.0   1.0   2.0   2.0   2.0   0.1   1.0   2.0   0.1   3.0   3.0   0.5   0.5   0.5   4.0   2.0   1.0   1.0   0.5   2.0
MOUN   0.0   0.0   0.0   0.0   0.0   0.0   0.0   0.0   0.0   0.0   0.0   0.0   0.01  0.0   0.0   0.0   0.0   0.0   0.0   0.0   0.0   0.0   0.0   0.0   0.0   0.0   0.0   0.0   0.0   0.0
PEPA   0.5   0.5   0.1   0.0   0.1   0.1   0.1   0.1   0.1   0.1   1.0   0.1   0.5   0.5   0.5   1.0   1.0   0.5   0.1   0.5   0.5   0.1   0.5   0.1   1.0   0.5   0.1   0.1   0.1   0.5
PYAS   1.0   0.0   0.5   0.01  0.5   0.1   0.01  0.01  0.5   0.1   0.0   0.0   0.01  0.0   0.1   0.01  0.1   0.0   0.0   0.0   0.0   0.0   0.0   0.0   0.0   0.01  0.01  0.0   0.01  0.1
ORSE   0.0   0.0   0.0   0.0   0.1   0.0   0.0   0.0   0.0   0.0   0.0   0.0   0.0   0.0   0.1   0.0   0.0   0.0   0.0   0.0   0.0   0.0   0.0   0.0   0.0   0.0   0.0   0.0   0.0   0.0
PYCH   0.01  0.0   0.01  0.0   0.01  0.0   0.0   0.0   0.0   0.0   0.0   0.0   0.1   0.0   0.0   0.0   0.0   0.0   0.0   0.0   0.0   0.0   0.0   0.0   0.0   0.0   0.0   0.01  0.0   0.0
RUPU   0.0   1.0   0.5   1.0   3.0   0.5   0.5   1.0   2.0   0.5   4.0   1.0   3.0   2.0   5.0   0.5   3.0   0.5   0.5   4.0   6.0   0.5   1.0   0.1   7.0   1.0   0.5   0.5   0.5   4.0
TRBO   0.1   1.0   0.5   0.0   0.0   0.01  0.0   0.0   0.0   0.1   0.0   0.1   0.0   0.0   0.0   0.1   0.01  0.1   0.0   0.1   0.0   0.1   0.0   0.1   0.0   0.01  0.1   0.0   0.0   0.0
VIAM   0.0   0.0   0.0   0.0   0.0   0.0   0.0   0.0   0.0   0.0   0.0   0.0   0.0   0.0   0.0   0.0   0.0   0.0   0.0   0.0   0.0   0.0   0.0   0.0   0.0   0.0   0.0   0.0   0.0   0.0
AGTR   0.0   0.0   0.0   0.0   0.0   0.0   0.0   0.0   0.0   0.0   0.0   0.0   0.0   0.0   0.0   0.0   0.0   0.0   0.0   0.0   0.0   0.0   0.0   0.0   0.0   0.0   0.0   0.0   0.0   0.0
BRCI   0.0   0.0   0.0   0.0   0.0   0.0   0.0   0.0   0.0   0.0   0.0   0.0   0.0   0.0   0.0   0.0   0.0   0.0   0.0   0.0   0.0   0.0   0.0   0.0   0.0   0.0   0.0   0.0   0.0   0.0
CACA   0.5   0.0   0.1   0.1   1.0   0.5   1.0   0.1   0.1   0.1   1.0   0.01  0.01  0.1   1.0   0.01  0.01  0.1   0.01  1.0   0.1   0.01  0.01  0.01  0.1   0.5   0.1   0.1   0.01  0.5
ELGL   0.0   0.0   0.0   0.0   0.0   0.0   0.0   0.0   0.0   0.0   0.0   0.0   0.0   0.0   0.0   0.0   0.0   0.0   0.0   0.0   0.0   0.0   0.0   0.0   0.0   0.0   0.0   0.0   0.0   0.0
ELIN   0.0   0.01  0.01  0.0   0.1   0.0   0.0   0.0   0.01  0.0   0.0   0.0   0.0   0.01  0.0   0.0   0.0   0.0   0.0   0.0   0.0   0.0   0.0   0.0   0.0   0.1   0.0   0.1   0.1   0.0
SCPU   0.0   0.0   0.0   0.0   0.0   0.0   0.0   0.0   0.01  0.0   0.0   0.0   0.0   0.0   0.0   0.0   0.0   0.0   0.0   0.0   0.0   0.0   0.0   0.0   0.0   0.0   0.0   0.0   0.0   0.0
EQAR   0.0   0.01  0.0   0.0   0.0   0.0   0.0   0.0   0.01  0.0   0.0   0.0   0.0   0.0   0.0   0.0   0.0   0.0   0.0   0.0   0.01  0.01  0.0   0.0   0.0   0.0   0.0   0.0   0.0   0.0
EQSY   0.0   0.1   0.0   0.0   0.0   0.0   0.0   0.0   0.1   0.1   0.0   0.01  0.0   0.0   0.0   0.01  0.01  0.0   0.01  0.01  0.0   0.0   0.0   0.01  0.01  0.0   0.0   0.0   0.01  0.0
LYAN   0.0   0.0   0.0   0.0   0.0   0.0   0.0   0.0   0.0   0.0   0.0   0.0   0.0   0.0   0.0   0.0   0.0   0.0   0.0   0.0   0.0   0.0   0.0   0.0   0.0   0.0   0.0   0.0   0.0   0.0

Quad  0A    0C    0E    0G    0I    2I    2G    2E    2C    2A    4A    4C    4E    4G    4I    6I    6G    6E    6C    6A    8A    8C    8E    8G    8I    4a    4c    4e    4g    4i
VIRE   0.0   0.5   0.01  0.01  0.0   0.01  0.01  0.01  0.1   0.1   0.0   0.5   1.0   0.1   0.5   0.01  0.1   0.5   0.0   0.1   1.0   0.0   0.1   0.5   2.0   0.01  0.0   0.01  0.0   0.1
GEAM   0.0   0.0   0.0   0.0   0.0   0.0   0.0   0.0   0.0   0.0   0.0   0.0   0.0   0.0   0.0   0.0   0.0   0.0   0.0   0.0   0.0   0.0   0.0   0.0   0.0   0.0   0.0   0.0   0.0   0.0
LOCA   0.0   0.0   0.0   0.0   0.0   0.0   0.0   0.0   0.0   0.0   0.0   0.0   0.0   0.0   0.0   0.0   0.0   0.0   0.0   0.0   0.0   0.0   0.0   0.0   0.0   0.0   0.0   0.0   0.0   0.0
TAOF   0.0   0.0   0.0   0.0   0.01  0.0   0.0   0.0   0.0   0.0   0.0   0.0   0.0   0.0   0.0   0.0   0.0   0.0   0.0   0.0   0.0   0.0   0.0   0.0   0.0   0.0   0.0   0.0   0.0   0.0
CXSI   0.0   0.0   0.0   0.0   0.0   0.0   0.0   0.0   0.0   0.0   0.0   0.0   0.01  0.0   0.0   0.0   0.0   0.0   0.0   0.0   0.0   0.0   0.0   0.0   0.0   0.0   0.0   0.0   0.0   0.0
COST   0.0   0.0   0.0   0.0   0.0   0.0   0.0   0.0   0.0   0.0   0.0   0.0   0.0   0.0   0.0   0.0   0.0   0.0   0.0   0.0   0.0   0.0   0.0   0.0   0.0   0.0   0.0   0.0   0.0   0.0
SABE   0.0   0.0   0.0   0.0   0.0   0.0   0.0   0.0   0.0   0.0   0.0   0.0   0.0   0.0   0.0   0.0   0.0   0.0   0.0   0.0   0.0   0.0   0.0   0.0   0.0   0.0   0.0   0.0   0.0   0.0
POye   0.0   0.0   0.0   0.0   0.0   0.0   0.0   0.0   0.0   0.0   0.0   0.0   0.0   0.0   0.0   0.0   0.0   0.0   0.0   0.0   0.0   0.0   0.0   0.0   0.0   0.0   0.0   0.0   0.0   0.0
PIMA   0.0   0.0   0.0   0.0   0.0   0.0   0.0   0.0   0.0   0.0   0.0   0.0   0.0   0.0   0.0   0.0   0.0   0.0   0.0   0.0   0.0   0.0   0.0   0.0   0.0   0.0   0.0   0.0   0.0   0.0
mint   0.0   0.0   0.0   0.0   0.0   0.0   0.0   0.0   0.0   0.0   0.0   0.0   0.0   0.0   0.0   0.0   0.0   0.0   0.0   0.0   0.0   0.0   0.0   0.0   0.0   0.0   0.0   0.0   0.0   0.0
GEBI   0.0   0.0   0.0   0.0   0.0   0.0   0.0   0.0   0.0   0.0   0.0   0.0   0.0   0.0   0.0   0.0   0.0   0.0   0.0   0.0   0.0   0.0   0.0   0.0   0.0   0.0   0.0   0.0   0.0   0.0
SAsp   0.0   0.0   0.0   0.0   0.0   0.0   0.0   0.0   0.0   0.0   0.0   0.0   0.0   0.0   0.0   0.0   0.0   0.0   0.0   0.0   0.0   0.0   0.0   0.0   0.0   0.0   0.0   0.0   0.0   0.0
UnkA   0.0   0.0   0.0   0.0   0.0   0.0   0.0   0.0   0.0   0.0   0.0   0.0   0.0   0.0   0.0   0.0   0.0   0.0   0.0   0.0   0.0   0.0   0.0   0.0   0.0   0.0   0.0   0.0   0.0   0.0
LAVE   0.0   0.0   0.0   0.0   0.0   0.0   0.0   0.0   0.0   0.0   0.0   0.0   0.0   0.0   0.0   0.0   0.0   0.0   0.0   0.0   0.0   0.0   0.0   0.0   0.0   0.0   0.0   0.0   0.0   0.0
PIBA   0.0   0.0   0.0   0.0   0.0   0.0   0.0   0.0   0.0   0.0   0.0   0.0   0.0   0.0   0.0   0.0   0.0   0.0   0.0   0.0   0.0   0.0   0.0   0.0   0.0   0.0   0.0   0.0   0.0   0.0
RIOX   0.0   0.0   0.0   0.0   0.0   0.0   0.0   0.0   0.0   0.0   0.0   0.0   0.0   0.0   0.0   0.0   0.0   0.0   0.0   0.0   0.0   0.0   0.0   0.0   0.0   0.0   0.0   0.0   0.0   0.0
RUsp   0.0   0.0   0.0   0.0   0.0   0.0   0.0   0.0   0.0   0.0   0.0   0.0   0.0   0.0   0.0   0.0   0.0   0.0   0.0   0.0   0.0   0.0   0.0   0.0   0.0   0.0   0.0   0.0   0.0   0.0
CIAR   0.0   0.0   0.0   0.0   0.0   0.0   0.0   0.0   0.0   0.0   0.0   0.0   0.0   0.0   0.0   0.0   0.0   0.0   0.0   0.0   0.0   0.0   0.0   0.0   0.0   0.0   0.0   0.0   0.0   0.0
COAU   0.0   0.0   0.0   0.0   0.0   0.0   0.0   0.0   0.0   0.0   0.0   0.0   0.0   0.0   0.0   0.0   0.0   0.0   0.0   0.0   0.0   0.0   0.0   0.0   0.0   0.0   0.0   0.0   0.0   0.0
SEER   0.0   0.0   0.0   0.0   0.0   0.0   0.0   0.0   0.0   0.0   0.0   0.0   0.0   0.0   0.0   0.0   0.0   0.0   0.0   0.0   0.0   0.0   0.0   0.0   0.0   0.0   0.0   0.0   0.0   0.0

Quad  0A    0C    0E    0G    0I    2I    2G    2E    2C    2A    4A    4C    4E    4G    4I    6I    6G    6E    6C    6A    8A    8C    8E    8G    8I    4a    4c    4e    4g    4i
THVE   0.0   0.0   0.0   0.0   0.0   0.0   0.0   0.0   0.0   0.0   0.0   0.0   0.0   0.0   0.0   0.0   0.0   0.0   0.0   0.0   0.0   0.0   0.0   0.0   0.0   0.0   0.0   0.0   0.0   0.0
TRHY   0.0   0.0   0.0   0.0   0.0   0.0   0.0   0.0   0.0   0.0   0.0   0.0   0.0   0.0   0.0   0.0   0.0   0.0   0.0   0.0   0.0   0.0   0.0   0.0   0.0   0.0   0.0   0.0   0.0   0.0
CABU   0.0   0.0   0.0   0.0   0.0   0.0   0.0   0.0   0.0   0.0   0.0   0.0   0.01  0.0   0.0   0.0   0.0   0.0   0.0   0.0   0.0   0.0   0.0   0.0   0.0   0.0   0.0   0.0   0.0   0.0
temp  58.0  49.0  44.0  50.0  51.0  52.0  52.0  50.0  50.0  50.0  49.0  46.0  50.0  52.0  51.0  54.0  55.0  52.0  51.0  54.0  51.0  49.0  46.0  44.0  53.0  51.0  44.0  49.0  49.0  52.0
