STAND 6, SURVEY DATE: 29 Jul 1989, OBSERVERS: G.H. & N.B. La Roi (#1), ROWS: 0,2,4,6,8, DATA ENTRY: 07 Feb 2006 (note: GHLR used soil thermometer Old#1; no birds noted; Westher data:
Max-Min temps @ 30cm above ground: SW Max 28C Min 4 Present 23 @1420h mdt, Central Max 80F Min 37 Present 70 @1600h, NE Max 84 Min 37 Present 70 @1745h, Raingauge: 680cc.

Quad  0A    0C    0E    0G    0I    2I    2G    2E    2C    2A    4A    4C    4E    4G    4I    6I    6G    6E    6C    6A    8A    8C    8E    8G    8I    4a    4c    4e    4g    4i

ABBA   0.0   6.0   8.0   0.0   0.0   5.0   6.0  17.0   5.0  12.0   8.0  28.0  16.0  27.0  21.0  30.0   8.0  18.0  30.0   5.0  10.0  30.0  24.0  30.0   8.0   0.0   0.0   0.0   0.0   0.0
BEPA   0.0   0.0   0.0   0.0   0.0   1.0   0.0   0.0   0.0   0.0   0.0   0.0   0.0   0.0   6.0   6.0   0.0   0.0   0.0   0.0   0.0   0.0   0.0   0.0   0.0   0.0   0.0   0.0   0.0   0.0
PIGL  51.0  15.0  30.0  36.0  19.0  16.0  16.0  11.0   8.0   9.0  13.0  20.0  23.0  15.0   0.0  12.0  35.0  25.0  20.0  11.0  19.0   5.0  10.0   2.0  21.0   0.0   0.0   0.0   0.0   0.0
POBA   1.0   0.0   0.0   0.0   0.0   0.0   0.0   0.0   0.0   0.0   0.0   0.0   0.0   0.0   0.0   0.0   0.0   0.0   0.0   0.0   0.0   0.0   0.0   0.0   4.0   0.0   0.0   0.0   0.0   0.0
POTR   3.0  16.0   1.0   0.0  17.0  16.0  18.0  18.0   2.0   7.0   4.0  10.0   0.0   2.0  11.0  18.0   0.0   0.0   2.0  17.0   0.0  17.0   0.0   0.1  25.0   0.0   0.0   0.0   0.0   0.0
AMAL   1.0   0.0   0.5   0.0   0.5   2.0   2.0   1.0   0.1   0.0   0.0   0.0   0.0   2.0   0.5   0.0   0.0   0.0   0.0   0.0   0.0   0.0   0.0   0.0   0.0   0.0   0.0   0.0   0.0   0.0
LEGR   0.0   0.0   0.0   0.0   0.0   0.0   0.0   0.0   0.0   0.0   0.0   0.0   0.0   0.0   2.0   0.0   0.0   0.0   0.0   0.0   0.0   0.0   0.0   0.0   0.0   0.0   0.0   0.0   0.0   0.0
LODI   1.0   0.0   0.0   0.0   0.5   0.0   1.0   0.0   0.0   0.5   0.5   0.0   0.0   0.0   0.0   0.0   0.5   0.1   0.0   0.5   0.5   0.1   0.0   0.0   1.0   0.0   0.0   0.0   0.0   0.0
LOIN  10.0   3.0   5.0   3.0  12.0  12.0  14.0  12.0   4.0   6.0   7.0   3.0   4.0   7.0   6.0   3.0   5.0   2.0   2.0   9.0   5.0   4.0   3.0   4.0   0.5   0.0   0.0   0.0   0.0   0.0
PRPE   0.0   0.0   0.0   0.0   0.0   0.0   0.0   0.0   0.0   0.0   0.0   0.0   0.0   0.0   0.0   0.0   0.0   0.0   0.0   0.0   0.0   0.0   0.0   0.0   0.0   0.0   0.0   0.0   0.0   0.0
RIGL   0.0   0.0   0.0   0.0   0.0   0.0   0.0   0.0   0.0   0.0   0.0   0.0   0.0   0.0   0.0   0.0   0.0   0.0   0.0   0.0   0.0   0.0   0.0   0.0   0.0   0.0   0.0   0.0   0.0   0.0
RILA   0.5   0.0   0.0   0.5   0.0   0.0   0.5   0.5   0.0   0.01  0.0   0.01  0.0   0.1   0.0   0.0   0.1   0.0   0.01  0.1   0.1   0.01  0.0   0.01  0.0   0.0   0.0   0.0   0.0   0.0
RITR   0.0   0.1   0.5   1.0   1.0   1.0   1.0   0.5   0.5   0.0   1.0   0.5   0.1   0.1   0.5   0.0   0.5   0.5   0.0   0.5   0.0   0.01  0.0   0.1   0.5   0.0   0.0   0.0   0.0   0.0
ROAC   9.0   0.5   3.0   3.0   0.0   7.0   8.0   6.0  10.0   5.0   7.0   1.0   4.0   2.0   7.0   2.0   4.0   2.0   0.5   6.0   3.0   0.5   2.0   0.5   4.0   0.0   0.0   0.0   0.0   0.0
RUID   2.0   0.0   0.0   3.0   2.0   0.0   1.0   0.0   0.0   2.0   0.0   0.0   0.0   0.0   1.0   0.5   0.1   0.0   0.0   4.0   0.0   0.0   0.0   0.0   0.0   0.0   0.0   0.0   0.0   0.0
SHCA   0.0   0.0   0.0   0.0   0.0   0.0   0.0   0.0   0.0   0.0   0.0   0.0   0.0   0.0   0.0   0.0   0.0   0.0   0.0   0.0   0.0   0.0   0.0   0.0   0.0   0.0   0.0   0.0   0.0   0.0
SYAL   2.0   0.0   0.0   0.0   2.0   0.0   1.0   0.0   0.0   0.0   0.0   0.0   0.0   0.0   0.0   0.0   0.0   0.0   0.0   0.0   0.0   0.0   0.0   0.0   0.0   0.0   0.0   0.0   0.0   0.0

Quad  0A    0C    0E    0G    0I    2I    2G    2E    2C    2A    4A    4C    4E    4G    4I    6I    6G    6E    6C    6A    8A    8C    8E    8G    8I    4a    4c    4e    4g    4i
VAVI   0.0   0.0   0.0   0.0   2.0   0.0   0.0   0.0   1.0   0.0   0.0   0.0   0.0   0.0   0.0   0.0   0.0   0.0   0.0   0.0   0.0   0.0   0.0   0.0   0.0   0.0   0.0   0.0   0.0   0.0
VIED   8.0   2.0   3.0   2.0   9.0   7.0   9.0   5.0   4.0   4.0   5.0   3.0   1.0   2.0   4.0   2.0   8.0   4.0   0.5  10.0   6.0   1.0   2.0   2.0   6.0   0.0   0.0   0.0   0.0   0.0
ACMI   0.1   0.0   0.0   0.0   0.1   0.0   0.0   0.1   0.1   0.0   0.1   0.01  0.1   0.0   0.01  0.0   0.5   0.1   0.01  0.0   0.0   0.0   0.0   0.0   0.0   0.0   0.0   0.0   0.0   0.0
ACRU   2.0   0.0   0.0   0.0   0.0   1.0   3.0   1.0   0.0   0.5   0.0   1.0   0.5   0.0   0.5   0.0   0.5   0.0   0.1   0.5   0.0   0.0   0.0   0.0   0.0   0.0   0.0   0.0   0.0   0.0
ARNU  15.0  12.0  10.0  11.0  15.0  15.0  10.0  10.0   5.0   6.0  18.0   8.0   7.0   9.0  10.0   5.0   6.0   2.0   0.5  14.0   4.0   0.0   0.0   1.0  15.0   0.0   0.0   0.0   0.0   0.0
ASCI   2.0   2.0   1.0   0.0   3.0   2.0   5.0   2.0   1.0   4.0   1.0   1.0   3.0   1.0   2.0   1.0   2.0   1.0   0.5   4.0   1.0   0.5   1.0   0.5   4.0   0.0   0.0   0.0   0.0   0.0
ASCO   0.0   0.0   0.0   0.0   0.0   0.0   0.0   0.0   0.0   0.0   0.5   1.0   1.0   0.5   0.0   0.0   0.0   0.0   0.0   2.0   0.5   0.0   0.5   0.0   0.0   0.0   0.0   0.0   0.0   0.0
AQBR   0.0   0.0   0.0   0.0   0.0   0.0   0.0   0.0   0.0   0.0   0.0   0.0   0.0   0.0   0.0   0.0   0.0   0.1   0.0   0.0   0.0   0.0   0.0   0.0   0.0   0.0   0.0   0.0   0.0   0.0
COCA   6.0   3.0   5.0   1.0   5.0   4.0   1.0   2.0   6.0   3.0   4.0   2.0   1.0   1.0   5.0   1.0   1.0   1.0   1.0   0.0   1.0   0.5   0.5   0.1   5.0   0.0   0.0   0.0   0.0   0.0
COTR   0.0   0.0   0.0   0.0   0.0   0.0   0.0   0.0   0.0   0.0   0.0   0.0   0.0   0.0   0.0   0.0   0.0   0.0   0.0   0.0   0.0   0.0   0.0   0.0   0.0   0.0   0.0   0.0   0.0   0.0
DITR   2.0   0.0   0.0   0.0   0.0   0.0   0.0   0.0   0.0   0.0   0.0   0.0   0.0   0.0   0.0   0.0   0.0   0.0   0.0   0.0   0.0   0.0   0.0   0.0   0.0   0.0   0.0   0.0   0.0   0.0
EPAN   4.0   0.0   0.0   0.5   1.0   2.0   0.0   0.0   1.0   0.1   1.0   0.0   0.0   0.0   1.0   0.0   0.0   0.0   0.0   1.0   0.0   0.0   0.0   0.0   0.0   0.0   0.0   0.0   0.0   0.0
FRVE   0.0   0.5   1.0   1.0   0.0   0.0   1.0   0.0   0.0   0.0   1.0   0.0   0.0   0.0   0.0   0.0   0.0   0.1   0.0   1.0   0.5   0.0   0.0   0.1   0.0   0.0   0.0   0.0   0.0   0.0
FRVI   1.0   0.0   0.5   0.5   1.0   0.1   1.0   0.5   0.5   0.1   0.1   0.01  0.5   0.1   0.1   0.0   0.1   0.0   0.1   0.0   0.0   0.01  0.1   0.0   0.5   0.0   0.0   0.0   0.0   0.0
GABO   2.0   0.1   1.0   1.0   1.0   0.5   2.0   0.1   0.5   0.1   1.0   0.1   0.1   0.1   0.5   0.1   0.1   0.1   0.01  0.5   0.5   0.01  0.1   0.0   0.5   0.0   0.0   0.0   0.0   0.0
GATR   0.5   0.5   0.0   0.5   0.0   0.5   0.0   0.1   0.0   0.5   0.5   0.0   0.5   0.01  0.0   0.0   0.1   0.1   0.0   0.1   0.1   0.1   0.1   0.1   0.5   0.0   0.0   0.0   0.0   0.0
GORE   0.0   0.1   0.0   0.0   0.0   0.0   0.0   0.0   0.0   0.0   0.0   0.0   0.0   0.1   0.0   0.1   0.0   0.0   0.0   0.0   0.0   0.0   0.0   0.0   0.0   0.0   0.0   0.0   0.0   0.0
HIUM   0.0   0.0   0.0   0.0   0.0   0.0   0.0   0.0   0.0   0.0   0.0   0.0   0.0   0.0   0.1   0.0   0.0   0.0   0.0   0.0   0.0   0.0   0.0   0.0   0.1   0.0   0.0   0.0   0.0   0.0
LAOC   2.0   0.0   1.0   0.5   2.0   1.0   3.0   1.0   1.0   1.0   2.0   0.0   0.0   0.0   0.0   0.0   0.0   0.0   0.0   2.0   0.0   0.0   0.0   0.1   1.0   0.0   0.0   0.0   0.0   0.0
LIBO   7.0   9.0   2.0   4.0  18.0  10.0   9.0   2.0   3.0   3.0   6.0   3.0   5.0   4.0   9.0   1.0  11.0   3.0   2.0   3.0   2.0   4.0   2.0   3.0   7.0   0.0   0.0   0.0   0.0   0.0

Quad  0A    0C    0E    0G    0I    2I    2G    2E    2C    2A    4A    4C    4E    4G    4I    6I    6G    6E    6C    6A    8A    8C    8E    8G    8I    4a    4c    4e    4g    4i
MACA   2.0   2.0   1.0   2.0   2.0   1.0   0.5   0.5   0.1   0.5   0.5   0.1   0.1   0.5   0.0   0.0   0.0   0.0   0.0   1.0   0.0   0.0   0.0   0.0   0.5   0.0   0.0   0.0   0.0   0.0
MEPA   7.0   5.0   4.0   2.0   2.0   5.0   7.0   3.0   0.5   3.0   5.0   4.0   5.0   5.0   2.0   2.0   3.0   2.0   1.0  10.0   3.0   1.0   0.5   0.1   7.0   0.0   0.0   0.0   0.0   0.0
MINU   3.0   5.0   4.0   2.0   3.0   6.0   4.0   2.0   3.0   2.0   6.0   2.0   3.0   2.0   1.0   0.5   2.0   0.5   0.5   7.0   1.0   0.5   1.0   1.0   4.0   0.0   0.0   0.0   0.0   0.0
MOUN   0.0   0.0   0.0   0.0   0.0   0.0   0.0   0.0   0.0   0.0   0.0   0.0   0.0   0.0   0.0   0.0   0.0   0.0   0.0   0.0   0.0   0.0   0.0   0.0   0.0   0.0   0.0   0.0   0.0   0.0
PEPA   4.0   3.0   4.0   1.0   3.0   2.0   4.0   4.0   5.0   1.0   4.0   2.0   2.0   3.0   3.0   1.0   4.0   3.0   2.0   2.0   3.0   0.5   1.0   1.0   6.0   0.0   0.0   0.0   0.0   0.0
PYAS   2.0   0.1   1.0   0.1   0.5   0.5   0.5   0.0   0.5   0.0   0.0   0.1   0.0   0.1   0.1   0.0   0.1   0.0   0.0   0.0   0.0   0.0   0.0   0.0   0.0   0.0   0.0   0.0   0.0   0.0
ORSE   0.0   0.0   0.0   0.1   0.5   0.0   0.0   0.0   0.0   0.0   0.0   0.0   0.0   0.0   0.0   0.0   0.0   0.0   0.0   0.0   0.0   0.0   0.0   0.0   0.0   0.0   0.0   0.0   0.0   0.0
PYCH   0.0   0.0   0.1   1.0   0.0   0.0   0.0   0.0   0.0   0.0   0.0   0.0   0.0   0.0   0.0   0.0   0.0   0.0   0.0   0.0   0.0   0.0   0.1   0.0   0.0   0.0   0.0   0.0   0.0   0.0
RUPU   5.0   5.0   2.0   4.0  12.0   5.0   5.0   3.0   3.0   4.0   5.0   3.0   4.0   1.0   5.0   1.0   3.0   1.0   0.5   8.0   3.0   0.5   1.0   1.0   6.0   0.0   0.0   0.0   0.0   0.0
TRBO   0.0   0.5   0.0   0.0   0.0   0.0   0.0   0.0   0.0   0.1   0.1   0.5   0.0   0.0   0.0   0.1   0.5   0.1   0.01  0.1   0.1   0.5   0.0   0.1   0.0   0.0   0.0   0.0   0.0   0.0
VIAM   0.0   0.0   0.0   0.0   0.1   0.0   0.0   0.0   0.0   0.0   0.0   0.0   0.0   0.0   0.0   0.0   0.0   0.0   0.0   0.0   0.0   0.0   0.0   0.0   0.0   0.0   0.0   0.0   0.0   0.0
AGTR   0.0   0.0   0.0   0.0   0.0   0.0   0.0   0.0   0.0   0.0   0.0   0.0   0.0   0.0   0.0   0.0   0.0   0.0   0.0   0.0   0.0   0.0   0.0   0.0   0.0   0.0   0.0   0.0   0.0   0.0
BRCI   0.1   0.0   0.1   0.0   0.0   0.0   0.0   0.0   0.0   0.0   0.0   0.0   0.0   0.0   0.0   0.0   0.0   0.0   0.0   0.0   0.0   0.0   0.0   0.0   0.0   0.0   0.0   0.0   0.0   0.0
CACA   1.0   0.0   0.5   0.5   1.0   1.0   2.0   1.0   0.5   1.0   2.0   0.5   0.1   0.1   0.5   0.0   0.5   0.5   0.01  2.0   0.5   0.01  0.1   0.1   0.5   0.0   0.0   0.0   0.0   0.0
ELGL   0.0   0.0   0.1   0.0   0.1   0.0   0.0   0.0   0.0   0.1   0.0   0.0   0.0   0.0   0.0   0.0   0.0   0.0   0.01  0.0   0.1   0.0   0.0   0.0   0.0   0.0   0.0   0.0   0.0   0.0
ELIN   0.0   0.0   0.1   0.0   0.0   0.01  0.0   0.0   0.0   0.0   0.0   0.1   0.1   0.1   0.5   0.01  0.0   0.0   0.0   0.0   0.1   0.0   0.0   0.0   0.0   0.0   0.0   0.0   0.0   0.0
SCPU   0.0   0.1   0.0   0.0   2.0   0.0   0.0   0.1   0.1   0.0   0.0   0.0   0.0   0.0   0.5   0.0   0.0   0.0   0.0   0.0   0.0   0.0   0.0   0.0   0.0   0.0   0.0   0.0   0.0   0.0
EQAR   0.0   0.0   0.0   0.0   0.0   0.0   0.0   0.0   0.0   0.0   0.0   0.0   0.0   0.0   0.0   0.0   0.0   0.0   0.0   0.0   0.1   0.0   0.0   0.0   0.0   0.0   0.0   0.0   0.0   0.0
EQSY   0.1   0.1   0.1   0.0   0.1   0.0   0.0   0.1   0.1   0.1   0.0   0.0   0.0   0.0   0.01  0.01  0.0   0.0   0.0   0.01  0.0   0.0   0.0   0.01  0.01  0.0   0.0   0.0   0.0   0.0
LYAN   0.0   0.0   0.0   0.0   0.0   0.0   0.0   0.0   0.0   0.0   0.0   0.0   0.0   0.0   0.0   0.0   0.0   0.0   0.0   0.0   0.0   0.0   0.0   0.0   0.0   0.0   0.0   0.0   0.0   0.0

Quad  0A    0C    0E    0G    0I    2I    2G    2E    2C    2A    4A    4C    4E    4G    4I    6I    6G    6E    6C    6A    8A    8C    8E    8G    8I    4a    4c    4e    4g    4i
VIRE   1.0   1.0   0.5   0.1   0.5   1.0   0.1   0.5   0.1   0.1   0.5   0.5   0.5   0.1   0.5   0.1   0.1   0.5   0.1   0.1   0.1   0.5   0.1   0.5   1.0   0.0   0.0   0.0   0.0   0.0
GEAM   0.0   0.0   0.0   0.0   0.0   0.0   0.0   0.0   0.0   0.0   0.0   0.0   0.0   0.0   0.0   0.0   0.0   0.0   0.0   0.0   0.0   0.0   0.0   0.0   0.0   0.0   0.0   0.0   0.0   0.0
LOCA   0.0   0.0   0.0   0.0   0.0   0.0   0.0   0.0   0.0   0.0   0.0   0.0   0.0   0.0   0.0   0.0   0.0   0.0   0.0   0.0   0.0   0.0   0.0   0.0   0.0   0.0   0.0   0.0   0.0   0.0
TAOF   0.0   0.0   0.0   0.0   0.1   0.0   0.0   0.0   0.0   0.0   0.0   0.0   0.0   0.0   0.0   0.0   0.0   0.0   0.0   0.0   0.0   0.0   0.0   0.0   0.0   0.0   0.0   0.0   0.0   0.0
CXSI   0.0   0.0   0.0   0.0   0.0   0.0   0.0   0.0   0.0   0.0   0.0   0.0   0.0   0.0   0.0   0.0   0.0   0.0   0.0   0.0   0.0   0.0   0.0   0.0   0.0   0.0   0.0   0.0   0.0   0.0
COST   0.0   0.0   0.0   0.0   0.0   0.0   0.0   0.0   0.0   0.0   0.0   0.0   0.0   0.0   0.0   0.0   0.0   0.0   0.0   0.0   0.0   0.0   0.0   0.0   0.0   0.0   0.0   0.0   0.0   0.0
SABE   0.0   0.0   0.0   0.0   0.0   0.0   0.0   0.0   0.0   0.0   0.0   0.0   0.0   0.0   0.0   0.0   0.0   0.0   0.0   0.0   0.0   0.0   0.0   0.0   0.0   0.0   0.0   0.0   0.0   0.0
POye   0.0   0.0   0.0   0.0   0.0   0.0   0.0   0.0   0.0   0.0   0.0   0.0   0.0   0.0   0.0   0.0   0.0   0.0   0.0   0.0   0.0   0.0   0.0   0.0   0.0   0.0   0.0   0.0   0.0   0.0
PIMA   0.0   0.0   0.0   0.0   0.0   0.0   0.0   0.0   0.0   0.0   0.0   0.0   0.0   0.0   0.0   0.0   0.0   0.0   0.0   0.0   0.0   0.0   0.0   0.0   0.0   0.0   0.0   0.0   0.0   0.0
mint   0.0   0.0   0.0   0.0   0.0   0.0   0.0   0.0   0.0   0.0   0.0   0.0   0.0   0.0   0.0   0.0   0.0   0.0   0.0   0.0   0.0   0.0   0.0   0.0   0.0   0.0   0.0   0.0   0.0   0.0
GEBI   0.0   0.0   0.0   0.0   0.0   0.0   0.0   0.0   0.0   0.0   0.0   0.0   0.0   0.0   0.0   0.0   0.0   0.0   0.0   0.0   0.0   0.0   0.0   0.0   0.0   0.0   0.0   0.0   0.0   0.0
SAsp   0.0   0.0   0.0   0.0   0.0   0.0   0.0   0.0   0.0   0.0   0.0   0.0   0.0   0.0   0.0   0.0   0.0   0.0   0.0   0.0   0.0   0.0   0.0   0.0   0.0   0.0   0.0   0.0   0.0   0.0
UnkA   0.0   0.0   0.0   0.0   0.0   0.0   0.0   0.0   0.0   0.0   0.0   0.0   0.0   0.0   0.0   0.0   0.0   0.0   0.0   0.0   0.0   0.0   0.0   0.0   0.0   0.0   0.0   0.0   0.0   0.0
LAVE   0.0   0.0   0.0   0.0   0.0   0.0   0.0   0.0   0.0   0.0   0.0   0.0   0.0   0.0   0.0   0.0   0.0   0.0   0.0   0.0   0.0   0.0   0.0   0.0   0.0   0.0   0.0   0.0   0.0   0.0
PIBA   0.0   0.0   0.0   0.0   0.0   0.0   0.0   0.0   0.0   0.0   0.0   0.0   0.0   0.0   0.0   0.0   0.0   0.0   0.0   0.0   0.0   0.0   0.0   0.0   0.0   0.0   0.0   0.0   0.0   0.0
RIOX   0.0   0.0   0.0   0.0   0.0   0.0   0.0   0.0   0.0   0.0   0.0   0.0   0.0   0.0   0.0   0.0   0.0   0.0   0.0   0.0   0.0   0.0   0.0   0.0   0.0   0.0   0.0   0.0   0.0   0.0
RUsp   0.0   0.0   0.0   0.0   0.0   0.0   0.0   0.0   0.0   0.0   0.0   0.0   0.0   0.0   0.0   0.0   0.0   0.0   0.0   0.0   0.0   0.0   0.0   0.0   0.0   0.0   0.0   0.0   0.0   0.0
CIAR   0.0   0.0   0.0   0.0   0.0   0.0   0.0   0.0   0.0   0.0   0.0   0.0   0.0   0.0   0.0   0.0   0.0   0.0   0.0   0.0   0.0   0.0   0.0   0.0   0.0   0.0   0.0   0.0   0.0   0.0
COAU   0.0   0.0   0.0   0.0   0.0   0.0   0.0   0.0   0.0   0.0   0.0   0.0   0.0   0.0   0.0   0.0   0.0   0.0   0.0   0.0   0.0   0.0   0.0   0.0   0.0   0.0   0.0   0.0   0.0   0.0
SEER   0.0   0.0   0.0   0.0   0.0   0.0   0.0   0.0   0.0   0.0   0.0   0.0   0.0   0.0   0.0   0.0   0.0   0.0   0.0   0.0   0.0   0.0   0.0   0.0   0.0   0.0   0.0   0.0   0.0   0.0

Quad  0A    0C    0E    0G    0I    2I    2G    2E    2C    2A    4A    4C    4E    4G    4I    6I    6G    6E    6C    6A    8A    8C    8E    8G    8I    4a    4c    4e    4g    4i
THVE   0.0   0.0   0.0   0.0   0.0   0.0   0.0   0.0   0.0   0.0   0.0   0.0   0.0   0.0   0.0   0.0   0.0   0.0   0.0   0.0   0.0   0.0   0.0   0.0   0.0   0.0   0.0   0.0   0.0   0.0
TRHY   0.0   0.0   0.0   0.0   0.0   0.0   0.0   0.0   0.0   0.0   0.0   0.0   0.0   0.0   0.0   0.0   0.0   0.0   0.0   0.0   0.0   0.0   0.0   0.0   0.0   0.0   0.0   0.0   0.0   0.0
CABU   0.0   0.0   0.0   0.0   0.0   0.0   0.0   0.0   0.0   0.0   0.0   0.0   0.0   0.0   0.0   0.0   0.0   0.0   0.0   0.0   0.0   0.0   0.0   0.0   0.0   0.0   0.0   0.0   0.0   0.0
TRPR   0.0   0.0   0.0   0.0   0.0   0.0   0.0   0.0   0.0   0.0   0.0   0.0   0.0   0.0   0.0   0.0   0.0   0.0   0.0   0.0   0.0   0.0   0.0   0.0   0.0   0.0   0.0   0.0   0.0   0.0
temp  65.0  62.0  63.0  64.0  62.0  57.0  60.0  63.0  62.0  64.0  64.0  65.0  68.0  64.0  66.0  63.0  65.0  62.0  65.0  63.0  62.0  59.0  60.0  60.0  63.0   0.0   0.0   0.0   0.0   0.0
