STAND 6, SURVEY DATE: 01 Jul 1985, OBSERVERS: G.H. La Roi (#1), ROWS: 4,6,8, M.S. Ross (#4), ROWS: 0,2,4, DATA ENTRY: 05 Feb 2005 (note: GHLR used soil thermometer #M?, MSR used #1;
Central Max-Min data Max 80F Min 29 present 70 @1745h mdt; MSR data from Row 4 in 4a-i; MSR's LOCA of 0.01 in 4I used!)

Quad  0A    0C    0E    0G    0I    2I    2G    2E    2C    2A    4A    4C    4E    4G    4I    6I    6G    6E    6C    6A    8A    8C    8E    8G    8I    4a    4c    4e    4g    4i

ABBA   0.0   1.0   7.0   0.0   0.0   3.0   0.0   8.0   2.0   5.0   7.0  18.0  13.0  20.0  11.0  20.0   6.0  20.0  30.0   6.0  11.0  18.0  25.0  30.0   9.0   5.0   5.0   8.0  12.0   5.0
BEPA   0.0   0.0   0.0   0.0   0.0   0.0   0.0   0.0   0.0   0.0   0.0   0.0   0.0   0.0   5.0   8.0   0.0   0.0   0.0   0.0   0.0   0.0   0.0   0.0   0.0   0.0   0.0   0.0   0.0   8.0
PIGL  90.0   5.0  30.0  45.0   5.0   3.0  15.0   3.0   2.0   3.0   9.0  15.0  19.0   9.0   0.0  11.0  35.0  15.0  20.0  10.0  19.0   7.0   8.0   4.0  22.0   3.0  35.0  30.0  15.0   0.0
POBA   0.0   0.1   0.0   0.0   0.1   0.0   0.0   0.0   0.0   0.0   4.0   0.0   0.0   0.0   0.0   0.0   0.0   0.0   0.0   0.0   0.0   0.0   0.0   0.0   5.0   0.0   0.0   0.0   0.0   0.0
POTR   0.0  10.0   3.0   0.0  35.0  20.0  50.0  40.0   0.1   6.0   0.0   8.0   0.0   1.0  10.0  25.0   0.1   0.0  15.0  25.0   0.0  15.0   0.1   0.5  20.0  15.0  25.0   0.0   0.0  15.0
AMAL   1.0   0.0   0.5   0.0   0.0   2.0   1.0   0.5   0.0   0.5   0.0   0.0   0.0   2.0   1.0   0.0   0.5   0.0   0.5   0.0   0.0   0.0   0.5   0.0   0.0   0.0   0.0   0.0   0.5   0.5
LEGR   0.0   0.0   0.0   0.0   0.0   0.0   0.0   0.0   0.0   0.0   0.0   0.0   0.0   0.0   3.0   0.0   0.0   0.0   0.0   0.0   0.0   0.0   0.0   0.0   0.0   0.0   0.0   0.0   0.0   0.5
LODI   0.5   0.0   0.5   0.0   0.5   0.1   0.5   0.0   0.0   0.1   0.01  0.01  0.0   0.0   0.0   0.0   0.5   0.5   0.0   1.0   0.5   0.01  0.0   0.0   0.5   0.1   0.1   0.0   0.0   0.0
LOIN   5.0   2.0   4.0   4.0   8.0  11.0   5.0  15.0   3.0   6.0  10.0   5.0   7.0  16.0  12.0   6.0   7.0   2.0   3.0  17.0  20.0   6.0   5.0   5.0   2.0   5.0   2.0   3.0   6.0   6.0
PRPE   0.0   0.0   0.0   0.0   0.0   0.0   0.0   0.0   0.0   0.0   0.0   0.0   0.0   0.0   0.0   0.0   0.0   0.0   0.0   0.0   0.0   0.0   0.0   0.0   0.0   0.0   0.0   0.0   0.0   0.0
RIGL   0.0   0.0   0.0   0.0   0.0   0.0   0.0   0.0   0.0   0.0   0.0   0.0   0.0   0.0   0.0   0.0   0.0   0.0   0.0   0.0   0.0   0.0   0.0   0.0   0.0   0.0   0.0   0.0   0.0   0.0
RILA   0.01  0.01  0.1   0.0   0.0   0.0   0.1   0.1   0.0   0.0   0.0   0.1   0.0   0.1   0.0   0.0   0.1   0.1   0.01  0.1   0.5   0.1   0.1   0.01  0.1   0.0   0.01  0.01  0.1   0.1
RITR   1.0   0.1   0.0   0.5   0.5   0.5   1.0   0.1   0.0   0.0   2.0   0.5   0.1   0.5   1.0   0.0   0.0   0.5   0.1   0.5   0.5   0.1   0.0   0.1   1.0   0.5   0.5   0.5   0.5   1.0
ROAC   2.0   0.1   0.5   2.0   1.0   2.0   2.0   2.0   5.0   1.0   7.0   1.0   6.0   2.0  10.0   2.0   7.0   4.0   2.0   8.0   4.0   1.0   2.0   0.5   5.0   3.0   0.5   4.0   1.0   3.0
RUID   2.0   0.0   0.0   0.1   0.5   0.0   0.5   0.0   0.0   0.1   0.0   0.0   0.0   0.0   0.0   1.0   0.1   0.0   0.0   1.0   0.0   0.0   0.0   0.0   0.0   0.0   0.1   0.0   0.0   0.1
SHCA   0.0   0.0   0.0   0.0   0.0   0.0   0.0   0.0   0.0   0.0   0.0   0.0   0.0   0.0   0.0   0.0   0.0   0.0   0.0   0.0   0.0   0.0   0.0   0.0   0.0   0.0   0.0   0.0   0.0   0.0
SYAL   0.5   0.0   0.0   0.0   1.0   0.0   0.0   0.0   0.0   0.0   0.0   0.0   0.1   0.0   0.0   0.0   0.0   0.0   0.0   0.0   0.0   0.0   0.0   0.0   0.0   0.0   0.0   0.0   0.0   0.0

Quad  0A    0C    0E    0G    0I    2I    2G    2E    2C    2A    4A    4C    4E    4G    4I    6I    6G    6E    6C    6A    8A    8C    8E    8G    8I    4a    4c    4e    4g    4i
VAVI   0.0   0.0   0.0   0.0   0.1   0.0   0.0   0.0   0.1   0.0   0.0   0.0   0.0   0.0   0.0   0.0   0.0   0.0   0.0   0.0   0.0   0.0   0.0   0.0   0.0   0.0   0.0   0.0   0.0   0.0
VIED   6.0   0.5   6.0   3.0   5.0   7.0  12.0   6.0   2.0   7.0   8.0   4.0   2.0   6.0  11.0   3.0  10.0   5.0   0.5  15.0  11.0   3.0   2.0   2.0  12.0   7.0   1.0   0.5   2.0   2.0
ACMI   0.1   0.0   0.1   0.1   0.5   0.1   0.1   0.1   0.1   0.1   0.01  0.01  0.1   0.1   0.01  0.0   0.1   0.1   0.01  0.0   0.0   0.0   0.0   0.0   0.1   0.0   0.1   0.1   0.0   0.5
ACRU   0.5   0.1   0.1   0.0   0.5   0.1   0.5   0.5   0.0   0.0   0.0   0.1   0.5   0.0   0.5   0.0   0.0   0.0   0.1   0.0   0.0   0.0   0.0   0.0   0.0   0.0   0.1   0.1   0.0   0.1
ARNU   8.0   6.0   5.0   8.0   8.0   1.0  10.0   5.0   1.0   4.0  15.0  10.0  10.0   4.0  20.0   5.0   3.0   2.0   2.0  18.0   3.0   0.0   0.0   0.5  18.0   7.0   4.0   2.0   3.0   8.0
ASCI   1.0   0.5   0.5   0.5   2.0   2.0   2.0   1.0   2.0   3.0   1.0   3.0   3.0   1.0   5.0   2.0   2.0   1.0   0.1   3.0   5.0   2.0   0.5   0.5   2.0   0.5   0.5   1.0   1.0   2.0
ASCO   0.1   0.0   0.0   0.0   0.0   0.0   0.0   0.0   0.5   0.0   0.5   1.0   0.5   0.5   0.0   0.0   0.0   0.0   0.0   0.0   0.5   0.0   0.1   0.0   0.0   0.5   0.1   0.1   0.1   0.0
AQBR   0.0   0.0   0.0   0.0   0.0   0.0   0.0   0.0   0.0   0.0   0.0   0.0   0.0   0.0   0.0   0.0   0.0   0.5   0.0   0.0   0.0   0.0   0.0   0.0   0.0   0.0   0.0   0.0   0.0   0.0
COCA   6.0   4.0   3.0   1.0   3.0   3.0   3.0   3.0  12.0   4.0  15.0   5.0  10.0   5.0  12.0   4.0  12.0   7.0   2.0  15.0  10.0   3.0   2.0   0.5  15.0   8.0   2.0   4.0   1.0  10.0
COTR   0.0   0.0   0.0   0.0   0.0   0.0   0.0   0.0   0.0   0.0   0.0   0.0   0.0   0.0   0.0   0.0   0.0   0.0   0.0   0.0   0.0   0.0   0.0   0.0   0.0   0.0   0.0   0.0   0.0   0.0
DITR   0.5   0.0   0.0   0.0   0.0   0.0   0.0   0.0   0.0   0.0   0.0   0.0   0.0   0.0   0.0   0.0   0.0   0.0   0.0   0.0   0.0   0.0   0.0   0.0   0.0   0.0   0.0   0.0   0.0   0.0
EPAN   1.0   0.0   0.1   0.0   0.1   0.0   0.0   0.1   0.0   0.1   2.0   0.0   0.0   0.0   2.0   0.0   0.0   0.0   0.0   1.0   0.0   0.0   0.0   0.0   0.0   0.0   0.0   0.0   0.0   0.5
FRVE   0.0   0.1   1.0   0.5   0.0   0.0   1.0   0.0   0.0   0.0   0.5   0.1   0.0   0.0   0.0   0.0   0.0   0.1   0.0   0.5   1.0   0.0   0.0   0.1   0.0   0.5   0.0   0.0   0.0   0.0
FRVI   0.5   0.1   0.1   0.0   1.0   0.1   0.0   0.5   2.0   0.1   0.5   0.0   0.0   0.1   0.5   0.5   0.01  0.0   0.1   0.0   0.5   0.01  0.1   0.0   0.1   0.1   0.0   0.1   0.1   1.0
GABO   0.5   0.1   0.5   0.1   0.1   0.1   0.5   0.5   0.1   0.1   1.0   1.0   0.01  0.1   0.1   0.1   0.1   0.0   0.01  1.0   0.5   0.01  0.01  0.1   0.1   0.5   0.5   0.1   0.1   0.1
GATR   0.1   0.0   0.0   0.5   0.0   0.1   0.1   0.1   0.0   0.1   0.1   0.0   0.1   0.1   0.0   0.01  0.1   0.1   0.0   0.0   0.1   0.01  0.1   0.1   0.5   0.1   0.01  0.1   0.1   0.1
GORE   0.01  0.0   0.0   0.0   0.0   0.0   0.0   0.0   0.0   0.0   0.0   0.0   0.1   0.0   0.0   0.01  0.1   0.0   0.01  0.0   0.0   0.0   0.0   0.01  0.0   0.0   0.0   0.0   0.0   0.0
HIUM   0.0   0.0   0.1   0.0   0.1   0.0   0.0   0.0   0.0   0.0   0.0   0.0   0.0   0.0   0.0   0.1   0.01  0.0   0.0   0.0   0.0   0.0   0.0   0.0   0.1   0.0   0.0   0.0   0.0   0.0
LAOC   0.5   0.0   0.1   0.0   1.0   0.5   0.5   0.5   0.5   0.5   1.0   0.1   0.0   0.0   2.0   0.0   0.0   0.1   0.0   0.5   0.0   0.0   0.0   0.0   0.5   0.5   0.0   0.0   0.0   0.5
LIBO   2.0   3.0   0.5   0.5   8.0   4.0   3.0   1.0   1.0   2.0   8.0   5.0   8.0  10.0  15.0   2.0  15.0  10.0   2.0   6.0   3.0   6.0   2.0   2.0   8.0   6.0   2.0   2.0   3.0   6.0

Quad  0A    0C    0E    0G    0I    2I    2G    2E    2C    2A    4A    4C    4E    4G    4I    6I    6G    6E    6C    6A    8A    8C    8E    8G    8I    4a    4c    4e    4g    4i
MACA   0.5   0.5   0.1   0.1   1.0   0.5   0.5   0.1   0.0   0.5   0.0   0.0   0.1   0.0   0.0   0.0   0.0   0.5   0.5   0.5   1.0   0.0   0.1   0.0   0.0   0.0   0.0   0.0   0.1   0.0
MEPA   3.0   2.0   4.0   2.0   2.0   3.0   3.0   1.0   0.5   2.0   5.0   5.0   7.0   8.0   2.0   2.0   4.0   3.0   3.0   7.0   6.0   0.5   2.0   0.1   7.0   3.0   3.0   3.0   3.0   0.5
MINU   3.0   4.0   6.0   2.0   5.0   1.0   2.0   4.0   2.0   1.0   4.0   2.0   4.0   3.0   4.0   2.0   4.0   2.0   2.0   5.0   4.0   1.0   2.0   2.0   4.0   2.0   2.0   3.0   2.0   2.0
MOUN   0.0   0.0   0.0   0.0   0.0   0.0   0.0   0.0   0.0   0.0   0.0   0.0   0.0   0.0   0.0   0.0   0.0   0.0   0.0   0.0   0.0   0.0   0.0   0.0   0.0   0.0   0.0   0.0   0.0   0.0
PEPA   1.0   1.0   2.0   0.0   0.5   0.5   2.0   0.5   3.0   1.0   2.0   1.0   2.0   0.5   3.0   1.0   1.0   1.0   1.0   1.0   3.0   0.5   1.0   1.0   3.0   2.0   1.0   1.0   1.0   1.0
PYAS   0.5   0.1   0.1   0.0   1.0   0.1   0.1   0.1   0.5   0.5   0.0   0.1   0.1   0.0   0.0   0.0   0.1   0.0   0.0   0.0   0.0   0.0   0.0   0.0   0.0   0.0   0.0   0.1   0.0   0.1
ORSE   0.0   0.0   0.0   0.0   0.1   0.01  0.0   0.0   0.0   0.0   0.0   0.0   0.01  0.0   0.0   0.0   0.0   0.0   0.0   0.0   0.0   0.0   0.0   0.0   0.0   0.0   0.0   0.01  0.0   0.0
PYCH   0.0   0.0   0.0   0.0   0.0   0.0   0.0   0.0   0.0   0.0   0.0   0.0   0.1   0.0   0.0   0.01  0.0   0.0   0.0   0.0   0.0   0.0   0.01  0.0   0.0   0.0   0.0   0.01  0.0   0.0
RUPU   1.0   3.0   0.1   3.0   1.0   1.0   4.0   4.0   4.0   2.0   8.0   3.0   5.0   3.0   6.0   2.0   8.0   2.0   0.5   7.0   8.0   1.0   2.0   0.5  10.0   5.0   2.0   2.0   0.5   5.0
TRBO   0.0   0.1   0.0   0.0   0.0   0.0   0.0   0.0   0.1   0.1   0.1   0.5   0.0   0.0   0.0   0.1   0.1   0.1   0.0   0.1   0.0   0.1   0.0   0.1   0.1   0.1   0.5   0.0   0.0   0.0
VIAM   0.0   0.01  0.01  0.0   0.1   0.0   0.0   0.0   0.01  0.0   0.0   0.0   0.0   0.0   0.0   0.0   0.0   0.0   0.0   0.0   0.0   0.0   0.0   0.0   0.0   0.0   0.0   0.0   0.0   0.0
AGTR   0.0   0.0   0.0   0.0   0.0   0.0   0.0   0.0   0.0   0.0   0.0   0.0   0.0   0.0   0.0   0.0   0.0   0.0   0.0   0.0   0.0   0.0   0.0   0.0   0.0   0.0   0.0   0.0   0.0   0.0
BRCI   0.0   0.0   0.0   0.0   0.0   0.0   0.0   0.0   0.0   0.0   0.0   0.0   0.0   0.0   0.0   0.0   0.0   0.0   0.0   0.0   0.0   0.0   0.0   0.0   0.0   0.0   0.0   0.0   0.0   0.0
CACA   0.5   0.01  0.1   0.1   0.5   0.1   1.0   0.1   0.5   0.1   1.0   0.1   0.5   0.1   1.0   0.01  0.5   0.1   0.01  1.0   1.0   0.01  0.01  0.01  0.5   0.5   0.1   0.1   0.1   0.5
ELGL   0.0   0.0   0.0   0.0   0.0   0.0   0.0   0.0   0.0   0.0   0.0   0.0   0.0   0.0   0.0   0.0   0.0   0.0   0.0   0.0   0.0   0.0   0.0   0.0   0.0   0.0   0.0   0.0   0.0   0.0
ELIN   0.0   0.0   0.0   0.0   0.0   0.0   0.0   0.0   0.0   0.0   0.0   0.01  0.0   0.1   0.0   0.0   0.01  0.0   0.0   0.0   0.5   0.01  0.0   0.0   0.0   0.0   0.01  0.0   0.01  0.0
SCPU   0.0   0.01  0.0   0.0   0.1   0.0   0.0   0.0   0.0   0.0   0.0   0.0   0.0   0.0   0.0   0.0   0.0   0.0   0.0   0.0   0.0   0.0   0.0   0.0   0.0   0.0   0.0   0.0   0.0   0.0
EQAR   0.0   0.0   0.0   0.0   0.0   0.0   0.0   0.0   0.0   0.0   0.0   0.0   0.0   0.0   0.0   0.0   0.0   0.0   0.0   0.0   0.0   0.1   0.0   0.0   0.0   0.0   0.0   0.0   0.0   0.0
EQSY   0.0   0.1   0.0   0.0   0.01  0.0   0.0   0.01  0.1   0.1   0.01  0.0   0.0   0.01  0.0   0.01  0.0   0.0   0.0   0.0   0.0   0.0   0.0   0.01  0.1   0.0   0.0   0.0   0.0   0.0
LYAN   0.0   0.0   0.0   0.0   0.0   0.0   0.0   0.0   0.0   0.0   0.0   0.0   0.0   0.0   0.0   0.0   0.0   0.0   0.0   0.0   0.0   0.0   0.0   0.0   0.0   0.0   0.0   0.0   0.0   0.0

Quad  0A    0C    0E    0G    0I    2I    2G    2E    2C    2A    4A    4C    4E    4G    4I    6I    6G    6E    6C    6A    8A    8C    8E    8G    8I    4a    4c    4e    4g    4i
VIRE   0.1   1.0   0.5   0.1   0.5   1.0   0.1   0.5   0.1   0.1   1.0   0.1   0.1   0.5   0.5   0.1   0.5   0.5   0.1   0.1   0.0   0.5   0.1   0.5   0.0   0.0   0.1   0.1   0.5   1.0
GEAM   0.0   0.0   0.0   0.0   0.0   0.0   0.0   0.0   0.0   0.0   0.0   0.0   0.0   0.0   0.0   0.0   0.0   0.0   0.0   0.0   0.0   0.0   0.0   0.0   0.0   0.0   0.0   0.0   0.0   0.0
LOCA   0.0   0.0   0.0   0.0   0.0   0.0   0.0   0.0   0.0   0.0   0.0   0.0   0.0   0.0   0.01  0.0   0.0   0.0   0.0   0.0   0.0   0.0   0.0   0.0   0.0   0.0   0.0   0.0   0.0   0.01
TAOF   0.0   0.0   0.0   0.0   0.0   0.0   0.0   0.0   0.0   0.0   0.0   0.0   0.0   0.0   0.0   0.0   0.0   0.0   0.0   0.0   0.0   0.0   0.0   0.0   0.0   0.0   0.0   0.0   0.0   0.0
CXSI   0.0   0.0   0.0   0.0   0.0   0.0   0.0   0.0   0.0   0.0   0.0   0.0   0.0   0.0   0.0   0.0   0.0   0.0   0.0   0.0   0.0   0.0   0.0   0.0   0.0   0.0   0.0   0.0   0.0   0.0
COST   0.0   0.0   0.0   0.0   0.0   0.0   0.0   0.0   0.0   0.0   0.0   0.0   0.0   0.0   0.0   0.0   0.0   0.0   0.0   0.0   0.0   0.0   0.0   0.0   0.0   0.0   0.0   0.0   0.0   0.0
SABE   0.0   0.0   0.0   0.0   0.0   0.0   0.0   0.0   0.0   0.0   0.0   0.0   0.0   0.0   0.0   0.0   0.0   0.0   0.0   0.0   0.0   0.0   0.0   0.0   0.0   0.0   0.0   0.0   0.0   0.0
POye   0.0   0.0   0.0   0.0   0.0   0.0   0.0   0.0   0.0   0.0   0.0   0.0   0.0   0.0   0.0   0.0   0.0   0.0   0.0   0.0   0.0   0.0   0.0   0.0   0.0   0.0   0.0   0.0   0.0   0.0
PIMA   0.0   0.0   0.0   0.0   0.0   0.0   0.0   0.0   0.0   0.0   0.0   0.0   0.0   0.0   0.0   0.0   0.0   0.0   0.0   0.0   0.0   0.0   0.0   0.0   0.0   0.0   0.0   0.0   0.0   0.0
mint   0.0   0.0   0.0   0.0   0.0   0.0   0.0   0.0   0.0   0.0   0.0   0.0   0.0   0.0   0.0   0.0   0.0   0.0   0.0   0.0   0.0   0.0   0.0   0.0   0.0   0.0   0.0   0.0   0.0   0.0
GEBI   0.0   0.0   0.0   0.0   0.0   0.0   0.0   0.0   0.0   0.0   0.0   0.0   0.0   0.0   0.0   0.0   0.0   0.0   0.0   0.0   0.0   0.0   0.0   0.0   0.0   0.0   0.0   0.0   0.0   0.0
SAsp   0.0   0.0   0.0   0.0   0.0   0.0   0.0   0.0   0.0   0.0   0.0   0.0   0.0   0.0   0.0   0.0   0.0   0.0   0.0   0.0   0.0   0.0   0.0   0.0   0.0   0.0   0.0   0.0   0.0   0.0
UnkA   0.0   0.0   0.0   0.0   0.0   0.0   0.0   0.0   0.0   0.0   0.0   0.0   0.0   0.0   0.0   0.0   0.0   0.0   0.0   0.0   0.0   0.0   0.0   0.0   0.0   0.0   0.0   0.0   0.0   0.0
LAVE   0.0   0.0   0.0   0.0   0.0   0.0   0.0   0.0   0.0   0.0   0.0   0.0   0.0   0.0   0.0   0.0   0.0   0.0   0.0   0.0   0.0   0.0   0.0   0.0   0.0   0.0   0.0   0.0   0.0   0.0
PIBA   0.0   0.0   0.0   0.0   0.0   0.0   0.0   0.0   0.0   0.0   0.0   0.0   0.0   0.0   0.0   0.0   0.0   0.0   0.0   0.0   0.0   0.0   0.0   0.0   0.0   0.0   0.0   0.0   0.0   0.0
RIOX   0.0   0.0   0.0   0.0   0.0   0.0   0.0   0.0   0.0   0.0   0.0   0.0   0.0   0.0   0.0   0.0   0.0   0.0   0.0   0.0   0.0   0.0   0.0   0.0   0.0   0.0   0.0   0.0   0.0   0.0
RUsp   0.0   0.0   0.0   0.0   0.0   0.0   0.0   0.0   0.0   0.0   0.0   0.0   0.0   0.0   0.0   0.0   0.0   0.0   0.0   0.0   0.0   0.0   0.0   0.0   0.0   0.0   0.0   0.0   0.0   0.0
CIAR   0.0   0.0   0.0   0.0   0.0   0.0   0.0   0.0   0.0   0.0   0.0   0.0   0.0   0.0   0.0   0.0   0.0   0.0   0.0   0.0   0.0   0.0   0.0   0.0   0.0   0.0   0.0   0.0   0.0   0.0
COAU   0.0   0.0   0.0   0.0   0.0   0.0   0.0   0.0   0.0   0.0   0.0   0.0   0.0   0.0   0.0   0.0   0.0   0.0   0.0   0.0   0.0   0.0   0.0   0.0   0.0   0.0   0.0   0.0   0.0   0.0
SEER   0.0   0.0   0.0   0.0   0.0   0.0   0.0   0.0   0.0   0.0   0.0   0.0   0.0   0.0   0.0   0.0   0.0   0.0   0.0   0.0   0.0   0.0   0.0   0.0   0.0   0.0   0.0   0.0   0.0   0.0

Quad  0A    0C    0E    0G    0I    2I    2G    2E    2C    2A    4A    4C    4E    4G    4I    6I    6G    6E    6C    6A    8A    8C    8E    8G    8I    4a    4c    4e    4g    4i
THVE   0.0   0.0   0.0   0.0   0.0   0.0   0.0   0.0   0.0   0.0   0.0   0.0   0.0   0.0   0.0   0.0   0.0   0.0   0.0   0.0   0.0   0.0   0.0   0.0   0.0   0.0   0.0   0.0   0.0   0.0
TRHY   0.0   0.0   0.0   0.0   0.0   0.0   0.0   0.0   0.0   0.0   0.0   0.0   0.0   0.0   0.0   0.0   0.0   0.0   0.0   0.0   0.0   0.0   0.0   0.0   0.0   0.0   0.0   0.0   0.0   0.0
CABU   0.0   0.0   0.0   0.0   0.0   0.0   0.0   0.0   0.0   0.0   0.0   0.0   0.01  0.0   0.0   0.0   0.0   0.0   0.0   0.0   0.0   0.0   0.0   0.0   0.0   0.0   0.0   0.0   0.0   0.01
temp  56.0  53.0  54.0  55.0  54.0  52.0  48.0  52.0  50.0  55.0  63.0  59.0  57.0  57.0  62.0  65.0  63.0  61.0  61.0  61.0  62.0  59.0  57.0  56.0  64.0  54.0  52.0  53.0  53.0  56.0
