1982 069 075 042 028 047 019 083 016 030 037
1981 078 087 034 058 065 042 129 031 028 073
1980 073 113 045 042 089 033 122 028 026 078
1979 064 107 047 035 095 015 132 017 023 084
1978 082 103 048 038 101 018 100 022 020 101
1977 103 113 052 057 116 025 114 023 053 100
1976 084 116 041 022 101 024 150 032 070 113
1975 072 102 031 015 040 028 152 017 040 099
1974 050 072 053 027 027 015 066 010 033 117
1973 050 050 061 045 031 025 077 014 018 067
1972 047 050 046 036 077 028 108 017 033 051
1971 048 102 052 032 062 024 125 011 031 043
1970 058 102 040 044 047 029 120 018 031 051
1969 054 122 038 038 074 038 125 019 041 068
1968 078 119 056 030 060 035 123 023 036 039
1967 055 112 046 052 051 037 110 020 050 062
1966 067 101 029 083 064 049 156 025 061 057
1965 108 109 039 044 082 065 193 026 100 074
1964 124 098 037 043 080 055 203 025 093 084
1963 102 124 055 026 074 052 243 023 098 090
1962 085 078 060 058 058 039 150 033 076 070
1961 105 102 053 060 065 052 166 067 095 046
1960 125 129 072 059 068 105 194 040 129 011
1959 107 105 057 062 086 061 201 046 101 070
1958 079 103 068 064 098 064 196 050 122 081
1957 111 114 069 059 090 081 180 034 135 094
1956 111 092 066 045 024 074 172 037 169 090
1955 113 105 046 049 024 067 154 030 157 081
1954 085 081 050 064 030 050 175 047 125 121
1953 073 028 061 026 053 046 105 029 052 118
