1982 033 068 070 027 025 045 008 012 085 041
1981 044 102 096 028 019 057 009 013 117 016
1980 046 209 101 027 037 060 014 017 082 016
1979 040 158 104 033 031 056 023 024 093 017
1978 050 141 074 068 054 043 021 026 079 026
1977 045 116 095 072 061 039 028 026 122 042 
1976 077 127 139 057 080 066 033 045 131 065
1975 065 094 088 067 100 070 048 061 135 053
1974 039 077 075 080 096 049 107 072 099 055
1973 047 065 102 093 116 061 058 112 103 044 
1972 071 090 117 095 095 059 079 083 166 048
1971 098 099 146 061 164 062 053 065 160 045
1970 113 128 158 074 112 061 066 087 161 048 
1969 106 138 174 090 099 103 088 102 130 119
1968 129 084 198 106 093 154 093 112 161 142
1967 138 134 171 091 120 161 073 132 218 183
1966 190 097 165 117 166 196 081 199 248 213
1965 180 139 227 078 188 264 108 190 210 238
1964 189 197 228 115 155 254 120 148 267 334
1963 193 211 247 144 233 201 121 111 205 271
1962 171 135 215 140 275 236 195 117 202 287
1961 193 175 188 170 277 274 213 039 227 233
1960 223 183 269 163 285 307 235 043 225 291
1959 248 235 307 198 306 269 276 148 245 246
1958 222 210 362 236 502 257 293 221 381 253
1957 293 250 497 214 403 279         457 320
1956 344 357 471 271 332 375         490 476
1955 308 379 378 230 269 364         506 430
1954 343 397 381 186     329         429 445
1953 437 331 298 170     327         555 426
