1982 059 134 040 130 035 029 110 101 043 053
1981 047 265 068 084 025 049 132 086 063 075
1980 036 282 096 131 050 042 098 064 063 034
1979 029 216 101 238 043 032 057 100 132 081
1978 056 318 097 196 024 058 081 117 135 074
1977 040 232 086 230 025 084 089 121 114 092
1976 015 204 089 187 040 122 119 147 186 104
1975 017 304 137 186 041 091 094 131 143 051
1974 013 293 099 110 037 065 084 115 067 045
1973 032 334 066 168 050 069 094 100 103 060
1972 079 295 075 129 062 119 130 102 209 088
1971 079 423 113 201 052 118 111 092 154 072 
1970 102 413 091 209 105 096 098 138 148 092
1969 115 145 160 200 098 117 089 134 186 076
1968 104 255 125 234 119 126 112 133 222 082
1967 126 292 125 284 079 156 167 159 282 117
1966 137 508 228 335 076 176 153 156 247 106
1965 168 580 217 355 045 200 182 166 241 143
1964 097 585 232 288 084 215 181 139 267 151 
1963 154 507 272 204 069 188 199 135 236 104
1962 157 487 253 198 049 198 165 083 230 114
1961 171 669 202 188 117 236 183 146 291 187
1960 157 668 286 143 121 204 173 133 243 181
1959 153 453 189 270 122 187 135 128 152 162
1958 121 520 141 296 128 253 208 159 212 170
1957 174 679 249 279 142 282 212 141 330 165
1956 109 851 220 239 054 262 219 184 293 197 
1955     685 273 221 173 254 210 165 220 213
1954     400 215 205 178 193 184 151 183 152
1953     516 218 250 223 235 112 127 148 132
