1982 038 045 043 063 082 065 079 031 056 044
1981 048 100 102 120 104 093 087 066 085 043
1980 074 136 108 120 144 115 073 073 084 084
1979 068 088 073 098 165 083 089 051 075 096
1978 068 080 065 102 113 075 124 045 093 058
1977 079 135 096 147 169 074 193 055 067 079
1976 103 138 112 136 254 095 155 057 106 062
1975 120 129 121 127 237 093 086 065 099 075
1974 075 064 073 135 107 084 086 029 048 125
1973 077 096 098 161 072 085 098 064 082 115
1972 085 088 127 147 124 112 075 042 091 102
1971 063 122 124 150 155 079 092 019 050 065
1970 069 095 087 130 084 061 111 025 098 056
1969 088 085 131 085 062 058 096 041 070 073 
1968 084 087 091 111 087 072 064 037 084 076
1967 069 047 070 091 086 062 129 090 059 073
1966 138 070 091 100 073 075 157 097 108 106
1965 240 127 168 159 100 145 215 088 181 110
1964 250 158 164 226 218 211 193 077 213 133 
1963 254 278 238 277 324 264 195 145 260 151
1962 278 254 209 201 221 170 144 103 160 247 
1961 284 264 190 243 279 143 244 055 270 146
1960 277 443 295 482 339 224 218 105 298 186
1959 246 320 297 246 259 244 211  93 283 182
1958 287 328 290 332 095 196 279 102 260 249
1957 395 464 300 395 090 162 269 081 354 208
1956 393 415 368 327 224 210 286 055 451 230
1955 437 301 329 328 228 211 246 062 137 389
1954 416 282 317 390 113 154 223 045 313 413
1953 330 356 362     147 117 228 080 330 425
