1982 059 032 074 039 015 022 061 026 036 035
1981 079 057 098 061 029 047 091 056 054 098
1980 106 073 106 104 035 032 098 071 121 134
1979 084 074 138 075 043 044 113 056 137 105
1978 061 059 106 043 054 045 089 052 141 090
1977 093 072 170 068 064 053 127 079 089 153
1976 100 061 183 081 069 034 160 110 113 138
1975 110 075 183 090 101 033 103 129 148 132
1974 101 056 202 064 085 042 100 103 127 104
1973 117 074 159 069 118 052 101 088 168 100
1972 167 062 106 061 122 076 106 099 141 176
1971 111 130 065 118 113 059 067 126 160 132 
1970 109 105 191 086 139 041 045 117 177 111
1969 126 112 165 071 154 102 085 125 196 094
1968 170 116 165 094 201 111 152 126 238 186 
1967 152 165 217 132 215 128 243 130 249 198 
1966 187 232 234 148 208 151 203 135 182 228
1965 217 194 269 201 207 178 267 147 145 307
1964 255 271 214 262 184 181 271 150 217 364
1963 234 226 155 264 239 167 242 118 204 359
1962 233 201 195 176 357 234 220 090 159 375
1961 294 237 174 237 287 259 280 135 319 398
1960 313 427 278 260 343 218 233 169 244 482
1959 325 347 281 240 380 198 184 152 159 404
1958 311 283 206 265 423 222 235 147 162 453
1957 288 288 254 318 359 223 207 160 085 377 
1956 315 467 247 199 275 182 197 114     449
1955 299 466 156 260 245 161 216 112     304
1954 200 339     146 220 164 141 117     306
1953 165 287         244 219 172 096     169
