1982 022 060 060 018 039 019 034 
1981 038 113 024 047 086 056 069 
1980 017 155 027 058 073 095 098
1979 012 083 027 063 059 076 075
1978 014 070 027 050 076 040 070
1977 012 135 051 078 090 067 107
1976 012 131 061 083 109 111 068
1975 017 089 045 043 076 048 078
1974 018 063 046 044 054 067 052
1973 016 088 038 038 067 036 041
1972 022 056 053 044 083 055 062
1971 024 081 039 074 138 081 056
1970 032 086 055 073 117 070 060
1969 061 089 062 061 117 066 051
1968 049 101 047 073 121 112 072
1967 022 111 048 081 107 128 077 
1966 031 127 058 075 123 128 084
1965 053 141 056 068 142 125 111
1964 054 134 045 052 153 133 075
1963 034 146 054 055 095 103 092
1962 038 076 039 056 077 102 062
1961 046 107 056 137 089 082 076
1960 073 119 062 091 122 119 089
1959 084 084 062 067 086 117 067
1958 093 128 064 071 104 124 101
1957 076 090 056 071 136 112 095
1956 061 098 056 087 157 134 097
1955 040 062 050 079 140 099 114
1954 038 056 033 064 124 134 086
1953 034 086 062 080 096 099 095
