 -1    1    14    3.69  30.0000 *
 -1    1     6    0.87   4.3382
 -1    1     9   -1.10   5.3706
 -1    1     2    1.28   0.2739
 -1    1    36   -0.70   0.5762
 -1    1    29    0.48   0.8690
 -1    2     3    3.99   0.8168
 -1    2    23    2.51  30.0000 *
 -1    2    30   -3.11   7.2239
 -1    2    25    1.31   7.0220
 -1    2    15    1.70  30.0000 *
 -1    2    22    1.71   2.0786
 -1    3    51   -0.70  30.0000 *
 -1    3    18   -3.51  30.0000 *
 -1    3    64   -0.29  30.0000 *
 -1    3    65   -0.70  30.0000 *
 -1    3    26    0.51   2.7181
 -1    3    12   -3.91  30.0000 *
  4    2    23    3.29   1.5759
  4    2    25    2.11   7.6703
  4    2    30   -3.11   7.5067
  4    2     3   -0.30   0.0590
  4    2    15    2.09  30.0000 *
  4    2    22    1.71   1.9435
  4    3    18   -3.51  11.1229
  4    3    51   -0.29  30.0000 *
  4    3    12   -3.51  30.0000 *
  4    3    26    1.31   2.9678
  4    3    64   -0.29  30.0000 *
  4    3    65   -0.29  30.0000 *
  6    1     2    2.06   0.2928
  6    1     9    0.08   6.3367
  6    1    36    1.64   0.8803
  6    1    29    2.03   1.8906
  6    1    14    4.08  30.0000 *
  6    1     6    2.41   5.4946
  6    2    15    3.26  30.0000 *
  6    2     3    5.14   0.0900
  6    2    23    3.69  13.6668
  6    2    30   -2.71   7.9569
  6    2    25    3.69   8.6902
  6    2    22    2.51   2.1701
 10    1    29    4.70   4.4863
 10    1     6    3.56   6.9851
 10    1    36    2.03   1.3598
 10    1     2    3.22   0.3089
 10    1     9    0.87   6.4060
 10    1    14   12.50  30.0000 *
 10    2    30   -2.31   8.4206
 10    2    23    5.64  12.4304
 10    2    15    4.04  30.0000 *
 10    2     3    5.53   0.0776
 10    2    25    5.25   8.9524
 10    2    22    2.51   2.5454
 10    3    26    2.11   3.2280
 10    3    18   -2.30  13.5148
 10    3    64   -0.29  30.0000 *
 10    3    12   -2.31  30.0000 *
 10    3    65    0.11  30.0000 *
 10    3    51    0.51  30.0000 *
 14    1    29    2.41  11.9292
 14    1     2    3.61   0.3054
 14    1     9    0.87   6.6717
 14    1     6    3.18   9.3322
 14    1    14   14.70  30.0000 *
 14    1    36    1.25   3.0581
 14    2     3    1.67   0.0609
 14    2    25    3.69  10.6831
 14    2    23    2.11  23.4483
 14    2    30   -2.31   9.0922
 14    2    15    3.26  30.0000 *
 14    2    22    2.51   3.3622
 14    3    51    0.11  30.0000 *
 14    3    26    1.71   4.0259
 14    3    18   -1.91  14.3047
 14    3    64   -0.29  30.0000 *
 14    3    65   -0.29  30.0000 *
 14    3    12   -2.31  30.0000 *
 18    1    29    5.84  30.0000 *
 18    1    14   15.16  30.0000 *
 18    1     6    4.32  17.1536
 18    1     9    2.03   6.7247
 18    1    36    3.94  15.2174
 18    1     2    4.38   0.3241
 18    2    15    5.20  30.0000 *
 18    2    30   -1.52  11.3658
 18    2     3    7.06   0.0824
 18    2    23    6.42  30.0000 *
 18    2    25    6.03  15.8771
 18    2    22    3.69   4.7439
 18    3    18   -0.72  19.6842
 18    3    65    0.51  30.0000 *
 18    3    12   -1.13  30.0000 *
 18    3    64   -0.29  30.0000 *
 18    3    26    4.08   4.9293
 18    3    51    1.30  30.0000 *
 25    1     6    4.70  25.4227
 25    1     9    2.41   5.9559
 25    1     2    4.76   0.3337
 25    1    29    6.21  30.0000 *
 25    1    14   13.36   2.0458
 25    1    36    4.32   4.0179
 25    2    15    6.36  30.0000 *
 25    2    22    5.25   6.7206
 25    2     3    3.61   0.7530
 25    2    23   10.41   1.0821
 25    2    30   -0.74  14.1148
 25    2    25    8.00   3.3263
 25    3    64    0.91  30.0000 *
 25    3    12    0.03  30.0000 *
 25    3    18    0.06  20.2636
 25    3    51    2.09  30.0000 *
 25    3    65    1.30  30.0000 *
 25    3    26    2.90   0.8558
 29    2    22    6.42   5.0520
 29    2     3    9.00  10.1289
 29    2    30    0.41  30.0000 *
 29    2    23   12.07   3.7685
 29    2    15    8.31  30.0000 *
 29    2    25   10.82   4.8562
 30    1    14   10.00   8.5862
 30    1    36    6.21   0.9447
 30    1     9    4.32   5.9074
 30    1    29    6.98  30.0000 *
 30    1     6    6.98  20.4359
 30    1     2    6.29   0.3290
 30    3    51    3.65  30.0000 *
 30    3    64    1.70  30.0000 *
 30    3    10    2.09  18.4897
 30    3    26    3.69   1.7240
 30    3    65    2.48  30.0000 *
 30    3    12    1.55  30.0000 *
 32    1     6    8.12  16.9241
 32    1     9    5.84   6.0440
 32    1    36    7.36   1.9519
 32    1     2    7.83   0.3365
 32    1    14   17.57   4.0322
 32    1    29    8.89  30.0000 *
 32    2    23   10.41  10.4355
 32    2    25   10.82   4.6969
 32    2    22    7.60   5.3829
 32    2    15    9.10  30.0000 *
 32    2    30    1.55  30.0000 *
 32    2     3   10.59   1.0518
 32    3    12    2.68  30.0000 *
 32    3    51    5.59  30.0000 *
 32    3    26    7.60   2.9427
 32    3    64    2.87  30.0000 *
 32    3    65    4.04  30.0000 *
 32    3    18    1.98  16.9151
 38    1     6    7.36  25.9254
 38    1    29   14.63  30.0000 *
 38    1     2    7.45   0.3563
 38    1    36    6.98  30.0000 *
 38    1    14   19.65  30.0000 *
 38    1     9    5.46   6.3209
 38    2    15    9.10  30.0000 *
 38    2    25   10.00   7.9269
 38    2    30    1.55  23.0165
 38    2    23   10.41  30.0000 *
 38    2    22    6.82  11.2416
 38    2     3    6.29   0.7367
 38    3    18    2.36  16.9830
 38    3    64    3.65  30.0000 *
 38    3    12    2.68  30.0000 *
 38    3    65    4.04  30.0000 *
 38    3    26    6.82   4.8513
 38    3    51    4.43  30.0000 *
 42    1     6    8.89  30.0000 *
 42    1    36    8.12  30.0000 *
 42    1    14   13.81   1.5042
 42    1     9    6.21  30.0000 *
 42    1     2    8.22   0.3452
 42    1    29    9.28  15.1251
 42    2    15   10.30  30.0000 *
 42    2     3   11.40   0.0771
 42    2    23   14.25  30.0000 *
 42    2    30    2.68  30.0000 *
 42    2    25   11.23   3.1686
 42    2    22    8.39  27.3151
 42    3    18    3.12  17.0605
 42    3    65    5.20  30.0000 *
 42    3    51    5.97  30.0000 *
 42    3    64    4.04  30.0000 *
 42    3    12    3.43  30.0000 *
 42    3    26    8.79  14.5170
 46    1     6   10.07  30.0000 *
 46    1    36    8.89   1.7893
 46    1    14   20.76  27.1809
 46    1     2    9.00   0.3631
 46    1     9   11.67  14.1743
 46    1    29    6.60   5.7512
 46    2    25   14.25   5.5946
 46    2    30    3.43  30.0000 *
 46    2     3   12.23   0.0541
 46    2    23   15.16   2.3797
 46    2    22    9.59  30.0000 *
 46    2    15   15.92  30.0000 *
 46    3    12    3.43  30.0000 *
 46    3    64    4.43  30.0000 *
 46    3    51    6.75  30.0000 *
 46    3    65    5.59  30.0000 *
 46    3    26    9.19  13.7944
 46    3    18    3.12  16.3973
 53    3    64    7.14  30.0000 *
 53    3    26   10.41   1.9970
 53    3    51    7.92  30.0000 *
 53    3    18    4.25  13.9048
 53    3    65   58.50  30.0000 *
 53    3    12    3.81  30.0000 *
 55    1     9    8.12   3.6937
 55    1    36    9.28   0.4382
 55    1    29    9.67   0.5607
 55    1     2   14.82   0.3819
 55    1    14   10.82   3.7661
 55    1     6   10.86   3.7785
 55    2    23   12.50   1.1621
 55    2    30    4.18   1.9042
 55    2    25   11.65   4.2507
 55    2    22   10.00   1.5049
 55    2     3    9.40   0.4050
 55    2    15   11.53  30.0000 *
 60    1     6    9.28   3.5680
 60    1     2   10.59   0.3399
 60    1     9    8.51   4.2056
 60    1    29   12.49   0.4894
 60    1    14   21.91   4.2941
 60    1    36   10.46   0.4332
 60    2    22   11.65   1.2494
 60    2    25   14.70   5.4047
 60    2    15   12.79  30.0000 *
 60    2    23   16.10   2.8986
 60    2    30    5.29   2.4228
 60    2     3   14.37   0.0736
 60    3    18    5.38  14.3128
 60    3    65    8.31  30.0000 *
 60    3    12    6.04  30.0000 *
 60    3    64    5.97  30.0000 *
 60    3    26   11.23   4.1253
 60    3    51    9.10  30.0000 *
 68    1     6   12.91   1.9094
 68    1     2   12.65   0.3016
 68    1     9   10.46   3.3590
 68    1    29   13.33   0.5866
 68    1    14   21.91   1.4202
 68    1    36   12.08   0.3287
 68    2    30    6.78   1.9689
 68    2    22   12.93   0.8701
 68    2     3   11.40   0.4394
 68    2    25   20.76   5.2734
 68    2    15   14.10  27.1053
 68    2    23   16.10   1.1457
 68    3    18    6.13  11.9702
 68    3    64    9.10  30.0000 *
 68    3    51   10.30  30.0000 *
 68    3    65    9.90  30.0000 *
 68    3    26   12.50   1.8585
 68    3    12    7.15  30.0000 *
 74    1     6   12.08   2.9239
 74    1    36   11.67   0.3934
 74    1    14   19.12   5.8956
 74    1     2   12.65   0.3678
 74    1     9   10.46   3.8996
 74    1    29   12.91   0.9558
 74    2    25   14.70   7.0734
 74    2     3   10.99   0.6690
 74    2    30    6.78   2.0789
 74    2    22   12.07   1.5111
 74    2    23   14.70   2.8339
 74    2    15   13.22  12.8807
 74    3    18    6.51  12.9202
 74    3    51   10.30  30.0000 *
 74    3    26   12.07   3.4571
 74    3    64    9.50  30.0000 *
 74    3    65    9.90  30.0000 *
 74    3    12    7.15  30.0000 *
 81    1     6   12.91   2.4468
 81    1    36   12.91   0.3061
 81    1    14   17.57   2.8505
 81    1     9   10.86   3.6674
 81    1    29   14.19   0.6446
 81    1     2   12.65   0.3532
 81    2    22   13.36   0.8116
 81    2     3   11.40   0.0591
 81    2    25   15.63   5.5591
 81    2    23   16.10   4.3775
 81    2    30    7.15   2.2019
 81    2    15   14.10  16.2197
 81    3    18    6.88  13.3703
 81    3    64    9.50  30.0000 *
 81    3    12    7.15  27.5678
 81    3    51   11.12  30.0000 *
 81    3    65    9.90  30.0000 *
 81    3    26   12.93   2.4495
 88    1     6   12.08   1.5868
 88    1    29   10.86   0.2107
 88    1     2   13.50   0.3857
 88    1    36   10.86   0.2436
 88    1    14   14.70   1.4353
 88    1     9   11.27   3.3609
 88    2    15   14.10   3.6400
 88    2    25   13.81   4.0014
 88    2     3   12.23   0.6291
 88    2    22   12.93   0.7539
 88    2    23   14.70   1.6950
 88    2    30    8.28   2.2788
 88    3    18    7.64  12.6075
 88    3    51   11.95  30.0000 *
 88    3    65   11.12  29.0823
 88    3    64   10.30  30.0000 *
 88    3    12    7.90  27.2340
 88    3    26   12.93   1.9116
 95    1     6   14.19   3.2726
 95    1    29   17.89   0.7526
 95    1     9   12.08   3.7708
 95    1    36   14.19   0.2612
 95    1    14   25.71   2.5663
 95    1     2   13.50   0.4019
 95    2     3   12.65   0.7768
 95    2    22   14.70   0.9203
 95    2    30    7.90   2.2743
 95    2    25   17.07   3.3779
 95    2    15   15.92   8.8641
 95    2    23   18.08   0.9505
 95    3    26   13.81   0.8326
 95    3    51   11.53  30.0000 *
 95    3    65    9.90  30.0000 *
 95    3    18    8.02  13.0298
 95    3    64   11.12  30.0000 *
 95    3    12    8.28  30.0000 *
101    1     2   13.93   0.4291
101    1    36   12.91   0.5723
101    1     6   14.19  11.6948
101    1     9   11.67   4.1280
101    1    14   24.38  30.0000 *
101    1    29   15.99   6.9252
101    2    22   14.25   1.2064
101    2    15   15.00  14.5820
101    2    23   17.07   3.6943
101    2     3   16.67   0.0627
101    2    30    8.28   2.5435
101    2    25   17.07   9.1915
101    3    26   14.25   4.6358
101    3    65   11.53  30.0000 *
101    3    51   12.37  30.0000 *
101    3    64   12.37  30.0000 *
101    3    12    9.04  30.0000 *
101    3    18    8.40  12.9064
109    1     6   12.91  30.0000 *
109    1    29   13.76  30.0000 *
109    1     9   11.27   4.1350
109    1    36   12.91  16.9248
109    1    14   18.59   3.9209
109    1     2   13.07   0.4265
109    2    22   12.93   2.8447
109    2     3   15.73   0.0687
109    2    30    7.90   2.6852
109    2    23   14.25   9.2419
109    2    25   14.70   4.9224
109    2    15   13.66  18.6415
109    3    18    7.64  13.1486
109    3    26   12.50   3.2719
109    3    51   11.53  30.0000 *
109    3    12    7.53  30.0000 *
109    3    64   11.12  30.0000 *
109    3    65   11.12  30.0000 *
116    1     6   11.67  30.0000 *
116    1    29   13.76  30.0000 *
116    1     2   12.23   0.4818
116    1    36   11.67  30.0000 *
116    1    14   18.59  30.0000 *
116    1     9   10.46   4.4271
116    2    23   14.25  30.0000 *
116    2    25   13.81   9.6932
116    2    15   13.22  25.4348
116    2    22   12.07   7.6267
116    2     3   14.82   0.0705
116    2    30    7.15   3.2033
116    3    18    6.88  13.9425
116    3    64   10.71  30.0000 *
116    3    12    6.78  30.0000 *
116    3    65   10.30  30.0000 *
116    3    51   11.12  30.0000 *
116    3    26   11.65  11.9646
133    1    14   13.36  14.7595
133    1    29    8.51  30.0000 *
133    1     2    9.79   0.5165
133    1    36    8.12  30.0000 *
133    1     6    8.12   0.6652
133    1     9    8.89   4.8090
134    2    22    8.79  30.0000 *
134    2    25    9.59  30.0000 *
134    2    15    9.10  30.0000 *
134    2    30    5.29   4.3993
134    2     3    8.22   1.0863
134    2    23    9.59  30.0000 *
135    3    12    3.81  30.0000 *
135    3    51    7.92  30.0000 *
135    3    65    7.92  30.0000 *
135    3    64    9.10  30.0000 *
135    3    18    5.00  14.9861
135    3    26    8.00  30.0000 *
144    1     6    5.84  30.0000 *
144    1     9    6.21   5.5612
144    1    14   11.23   7.7433
144    1    29    6.60  10.1374
144    1     2    7.06   0.5371
144    1    36    5.84  30.0000 *
144    2    22    7.60  30.0000 *
144    2     3    8.22   0.0623
144    2    30    3.81   5.3999
144    2    23    8.79  30.0000 *
144    2    15    7.53  30.0000 *
144    2    25    8.39   8.5150
144    3    18    3.50  15.7591
144    3    51    6.36  30.0000 *
144    3    26    6.82   6.3404
144    3    64    7.53  30.0000 *
144    3    65    6.36  30.0000 *
144    3    12    2.31  30.0000 *
153    2    22    6.03  30.0000 *
153    2    25    5.25  21.2416
153    2    23    6.42  30.0000 *
153    2    15    5.59  30.0000 *
153    2     3    5.53   0.0621
153    2    30    3.43   7.7997
153    3    65    5.59  30.0000 *
153    3    26    4.86  30.0000 *
153    3    12    1.55  30.0000 *
153    3    64    7.14  30.0000 *
153    3    51    5.20  30.0000 *
153    3    18    3.12  17.7467
154    1     6    3.56  30.0000 *
154    1     2    6.29   0.5825
154    1     9    5.08   6.6116
154    1    36    3.56  30.0000 *
154    1    14    9.59  30.0000 *
154    1    29    3.56  11.9295
