  6    1    14   10.82  30.0000 *
  6    1     2    3.99   0.5335
  6    1     6    3.56  11.9295
  6    1     9    0.48   5.2081
  6    1    29    2.79  28.0448
  6    1    36    1.64   1.7160
  6    2    22    2.11   9.0361
  6    2    30   -1.92   8.2323
  6    2    23    3.29  30.0000 *
  6    2    25   -0.70  13.1656
  6    2     3    1.28   0.7750
  6    2    15    3.65  30.0000 *
  7    3    64   -0.29  30.0000 *
  7    3    65   -0.29  30.0000 *
  7    3    18   -2.71   8.2733
  7    3    12   -3.11  30.0000 *
  7    3    51    0.11  30.0000 *
  7    3    26    1.71   4.0259
 13    1     9    0.48   5.4222
 13    1     6    3.18  14.0504
 13    1    29    3.56  30.0000 *
 13    1    14    9.19  30.0000 *
 13    1    36    1.25  27.5372
 13    1     2    3.99   0.4869
 13    2    25    4.47  30.0000 *
 13    2    15    2.87  30.0000 *
 13    2    22    2.51  30.0000 *
 13    2    23    4.47  30.0000 *
 13    2     3    1.67   0.8873
 13    2    30   -2.71   7.3660
 13    3    26   -1.11   0.0635
 13    3    65   -0.29  30.0000 *
 13    3    64   -0.29  30.0000 *
 13    3    51    0.11  30.0000 *
 13    3    12   -3.11  30.0000 *
 13    3    18   -2.71   8.9278
 20    1    36    5.46  13.8345
 20    1     2    5.91   0.4936
 20    1    29    6.60  30.0000 *
 20    1     9    3.18   5.2757
 20    1     6    5.84  16.2400
 20    1    14   10.41   1.4769
 20    2    15    7.14  30.0000 *
 20    2    23    9.59   1.1987
 20    2    25    7.60   3.4299
 20    2    22    5.64  30.0000 *
 20    2     3    8.22   0.0853
 20    2    30   -0.36   7.3476
 20    3    12    0.41  26.6162
 20    3    18    0.06   9.4543
 20    3    64    0.51  30.0000 *
 20    3    51    3.26  30.0000 *
 20    3    65    2.09  30.0000 *
 20    3    26    6.03   2.3690
 35    1     6    6.98   6.6882
 35    1     2    6.68   0.3380
 35    1    14   13.81   6.8995
 35    1    36    6.21   0.4226
 35    1     9    5.08   4.6476
 35    1    29    7.36  30.0000 *
 35    3    18    1.60   8.1984
 35    3    65    3.65  30.0000 *
 35    3    12    1.93  25.0619
 35    3    64    2.87  30.0000 *
 35    3    51    4.43  30.0000 *
 35    3    26    7.21   2.4015
 36    2    22    8.39   3.7748
 36    2    30    2.31   7.5241
 36    2    25   10.00   7.0484
 36    2    23   11.65   1.0220
 36    2    15    9.10  30.0000 *
 36    2     3   10.59   0.0833
 43    1     2    9.00   0.3949
 43    1    29   11.27  30.0000 *
 43    1     6    9.28   6.1733
 43    1     9    6.21   4.6039
 43    1    14   22.51  30.0000 *
 43    1    36    8.89  30.0000 *
 43    2    30    3.06   6.3735
 43    2    22    8.79   3.5424
 43    2     3    7.45   0.7301
 43    2    25   12.93   8.4288
 43    2    23   13.81   1.8483
 43    2    15   10.71  30.0000 *
 43    3    18    3.12   7.8700
 43    3    65    5.20  30.0000 *
 43    3    64    4.43  30.0000 *
 43    3    51    6.75  30.0000 *
 43    3    12    3.06  28.4634
 43    3    26    9.59   3.5440
 48    3    64    5.59  30.0000 *
 48    3    26    9.59   9.3916
 48    3    65    6.36  30.0000 *
 48    3    51    6.36  30.0000 *
 48    3    18    4.25   8.4696
 48    3    12    4.18  30.0000 *
 50    1     6    8.12   8.3239
 50    1    36    7.36   1.8458
 50    1    14   11.65  30.0000 *
 50    1     2    9.40   0.4413
 50    1     9    6.98   5.5045
 50    1    29    8.12  30.0000 *
 50    2    15   10.30  30.0000 *
 50    2    22    8.79   5.5091
 50    2     3   12.65   1.2024
 50    2    23    9.59  19.1696
 50    2    25   10.41  30.0000 *
 50    2    30    3.81   8.1004
 55    1     6    9.28   9.1600
 55    1    14   17.57  30.0000 *
 55    1    36    8.51  30.0000 *
 55    1    29   10.86  30.0000 *
 55    1     9    7.36   5.2725
 55    1     2    9.79   0.4728
 55    2     3    8.22   0.0761
 55    2    15   11.12  30.0000 *
 55    2    22    9.59   9.7850
 55    2    25   11.65  30.0000 *
 55    2    23   11.23  30.0000 *
 55    2    30    3.81   9.5550
 55    3    18    3.88   9.2333
 55    3    65    5.97  30.0000 *
 55    3    12    3.81  30.0000 *
 55    3    64    5.59  30.0000 *
 55    3    26    9.59  30.0000 *
 55    3    51    7.14  30.0000 *
 62    1     2    9.00   0.4302
 62    1     9    7.36   5.4747
 62    1    14   16.58   8.2830
 62    1    29    8.51   0.0280
 62    1     6    8.89  14.0377
 62    1    36    7.74  30.0000 *
 62    2     3   12.65   0.0817
 62    2    22   10.00  30.0000 *
 62    2    30    4.55  10.7299
 62    2    23   12.50   1.9867
 62    2    25   11.23   8.7134
 62    2    15   10.71  30.0000 *
 62    3    18    5.00  10.3214
 62    3    64    7.14  30.0000 *
 62    3    65    7.53  30.0000 *
 62    3    12    4.55  13.7519
 62    3    51    7.92  30.0000 *
 62    3    26    6.42  30.0000 *
 71    1    14   12.93   6.4938
 71    1    36    9.67   0.6432
 71    1     9    8.89   2.9015
 71    1     6    8.12   4.8523
 71    1     2   10.99   0.3940
 71    1    29   10.46   2.1339
 71    2    22   11.23   4.3923
 71    2    15   12.37  30.0000 *
 71    2    25   14.25   5.4161
 71    2    23   16.10   2.0388
 71    2    30    5.29  13.0669
 71    2     3    9.40   1.0183
 71    3    26   11.65   5.1605
 71    3    64    7.53  30.0000 *
 71    3    12    5.29  14.1959
 71    3    18    5.00   8.0509
 71    3    65    7.53  30.0000 *
 71    3    51    8.71  30.0000 *
 80    1    14   18.59  30.0000 *
 80    1    29   13.76  30.0000 *
 80    1     2   11.40   0.4394
 80    1    36   10.86   5.0402
 80    1     6   12.49   7.5690
 80    1     9    8.89   5.3545
 81    2    25   12.93   6.0514
 81    2    22   11.23   8.0513
 81    2    15   12.37  30.0000 *
 81    2    30    6.04  14.6177
 81    2    23   12.93  30.0000 *
 81    2     3   10.59   0.9535
 81    3    26   10.82  22.0799
 81    3    64    8.31  30.0000 *
 81    3    12    5.67  27.9969
 81    3    18    5.75   8.6398
 81    3    65    8.71  30.0000 *
 81    3    51    9.10  30.0000 *
 97    1     6   13.76  30.0000 *
 97    1     2   13.93   0.4475
 97    1    14   21.91  30.0000 *
 97    1    36   13.76  30.0000 *
 97    1     9   11.67   7.1311
 97    1    29   17.40  30.0000 *
 97    2    25   17.57  30.0000 *
 97    2    22   13.81  30.0000 *
 97    2    23   17.07  30.0000 *
 97    2    30    7.53  30.0000 *
 97    2     3   12.23   1.1708
 97    2    15   15.45  30.0000 *
 97    3    26   12.93  30.0000 *
 97    3    64    9.90  30.0000 *
 97    3    65   11.12  30.0000 *
 97    3    12    7.90  30.0000 *
 97    3    51   11.95  30.0000 *
 97    3    18    6.51  10.9301
107    3    64   10.30  30.0000 *
107    3    18    7.64   4.1955
107    3    65    9.50  30.0000 *
107    3    51   10.30  30.0000 *
107    3    12    6.41   9.1730
107    3    26   12.07   3.4571
108    1     6    8.51  30.0000 *
108    1    36    8.51   0.2369
108    1     2   12.65   0.4729
108    1    29   12.49  30.0000 *
108    1    14   21.33   5.7644
108    1     9   10.46   5.8325
108    2    22   12.07  30.0000 *
108    2    30    7.53  30.0000 *
108    2    23   14.25   3.4758
108    2    25   13.81   6.4281
108    2     3   14.82   0.1110
108    2    15   12.79  30.0000 *
122    1     2   10.99   0.4475
122    1    36    8.12   0.0676
122    1     9    8.89   6.4583
122    1    29    8.89   0.5831
122    1    14   15.16  30.0000 *
122    1     6    8.51  30.0000 *
122    2    23   10.41  30.0000 *
122    2    22   10.00  30.0000 *
122    2    30    5.67  30.0000 *
122    2     3   12.65   1.4713
122    2    15    9.90  30.0000 *
122    2    25   10.82   4.3999
128    3    12    4.92   6.2588
128    3    64    8.71  30.0000 *
128    3    65    8.31  30.0000 *
128    3    26   10.82   2.6031
128    3    51    8.71  30.0000 *
128    3    18    5.38   9.0613
137    1     6    5.84   9.0723
137    1     2    8.61   0.5225
137    1    36    6.21   0.0721
137    1    14    6.42   6.3717
137    1     9    7.36   4.3949
137    1    29    5.08   4.3127
137    2    30    4.18   3.4331
137    2     3    7.45   0.8851
137    2    25    7.21   7.1026
137    2    15    7.92  30.0000 *
137    2    22    8.00   1.7252
137    2    23    8.39   2.7134
137    3    51    7.53  30.0000 *
137    3    65    7.14  30.0000 *
137    3    12    3.43   2.6980
137    3    64    8.31  30.0000 *
137    3    26    7.21   4.8353
137    3    18    4.25   9.9939
151    1    36    3.18   0.1256
151    1     9    4.70   5.2305
151    1    29    3.94   2.2076
151    1     6    3.18  11.9413
151    1     2    5.53   0.6029
151    1    14    6.82  11.2416
151    2    25    4.08   8.6749
151    2    22    5.64   3.1995
151    2    15    4.43  30.0000 *
151    2    30    2.31   4.6370
151    2    23    6.82  13.2914
151    2     3    4.76   0.0663
151    3    12    0.41   4.5847
151    3    51    4.81  30.0000 *
151    3    26    4.08   6.7812
151    3    64    6.75  30.0000 *
151    3    18    2.36  11.8676
151    3    65    5.20  30.0000 *
