STAND 2, SURVEY DATE: 11 Aug 1995, OBSERVER: G.H. LaRoi (#1), ROWS: 0,2,4,6,8,	DATA ENTRY: 10 Oct 1995

QUAD  0A    0C	  0E	0G    0I    2I	  2G	2E    2C    2A	  4A	4C    4E    4G	  4I	6I    6G    6E	  6C	6A    8A    8C	  8E	8G    8I    4a	  4c	4e    4g    4i

PIBA   1.0   4.0   0.1	17.0  31.0  24.0  16.0	 5.0  21.0  14.0   2.0	14.0  15.0  18.0   0.0	 4.0  15.0  27.0  22.0	28.0  15.0  26.0   9.0	17.0   7.0
PIGL   0.0   0.0   0.0	 0.0   0.0   0.01  0.0	 0.0   0.0   0.0   0.0	 0.0   2.0   0.0   0.0	 0.0   0.0   0.0   0.0	 0.0   0.01  0.0   0.0	 0.0   0.0
POTR   0.01  0.0   0.0	 0.0   0.0   0.0   0.0	 0.0   0.0   0.0   0.0	 0.0   0.0   0.0   0.0	 0.0   0.0   0.0   0.0	 0.0   0.0   0.0   0.0	 0.0   0.0
ALCR   0.0   0.0  11.0	 0.5  11.0   5.0  12.0	 0.0  12.0   4.0   0.0	 4.0   5.0   0.1   8.0	 3.0   0.0   2.0   9.0	 8.0   7.0   7.0   4.0	10.0   1.0
AMAL   0.5   1.0   0.1	 0.5   1.0   0.1   0.0	 2.0   0.0   0.1   1.0	 0.1   0.5   0.0   0.1	 1.0   0.0   1.0   0.1	 0.5   0.0   1.0   2.0	 4.0   0.5
ARUV   8.0  27.0  12.0	32.0   5.0   8.0   7.0	 7.0   5.0   5.0  20.0	 5.0  10.0  17.0  13.0	 8.0   7.0   2.0   9.0	 2.0   0.5   2.0   2.0	 4.0   8.0
PRPE   0.0   0.01  0.5	 0.0   1.0   0.1   0.1	 0.1   1.0   0.0   0.0	 1.0   0.0   0.0   0.0	 0.1   0.1   0.0   0.0	 0.0   0.0   1.0   0.0	 0.0   0.0
ROAC   1.0   1.0   1.0	 0.5   2.0   2.0   1.0	 1.0   3.0   2.0   1.0	 2.0   0.1   0.1   0.1	 1.0   3.0   2.0   3.0	 3.0   3.0   3.0   3.0	 2.0   3.0
ROWO   0.0   0.1   0.1	 0.0   0.0   0.0   0.0	 0.5   0.0   0.0   0.5	 0.0   1.0   1.0   0.0	 0.0   0.1   1.0   1.0	 0.0   0.0   0.0   0.0	 0.0   0.0
RUID   0.0   0.0   0.0	 0.0   0.0   0.0   0.01  0.0   0.1   0.0   0.0	 0.0   0.0   0.0   0.0	 0.0   0.0   0.0   0.0	 0.0   0.0   0.5   0.5	 1.0   0.0
SABE   0.0   0.0   0.0	 0.0   2.0   0.0   0.0	 0.0   0.0   0.0   0.0	 0.0   0.0   0.0   1.0	 0.0   0.0   0.0   0.0	 0.0   0.0   0.0   0.0	 0.0   0.0
SHCA   4.0   3.0   0.0	 0.0   0.0   1.0   0.0	 8.0   1.0   2.0   3.0	 3.0   1.0   0.0   0.0	 0.0   0.0   0.1   0.0	 0.0   0.0   0.0   0.0	 0.0   0.0
SYAL   0.0   0.0   0.1	 0.0   0.0   0.0   0.0	 0.0   0.0   0.0   0.0	 0.0   0.0   0.0   0.0	 0.0   0.0   0.0   0.0	 0.0   0.0   0.0   0.0	 0.0   0.0
ANMU   0.1   0.01  0.1	 0.0   0.0   0.01  0.0	 0.01  0.1   0.01  0.01  0.0   0.1   0.1   0.0	 0.1   0.1   0.0   0.0	 0.0   0.0   0.0   0.0	 0.0   0.1
ANPA   0.01  0.0   0.1	 0.01  0.01  0.0   0.0	 0.01  0.01  0.01  0.0	 0.0   0.1   0.1   0.01  0.01  0.01  0.01  0.0	 0.0   0.0   0.0   0.1	 0.01  0.01
ARNU   0.0   0.0   0.0	 0.0   0.1   2.0   0.0	 0.0   0.0   0.0   0.0	 0.0   0.0   0.0   0.5	 0.0   0.1   0.0   0.0	 0.0   1.0   3.0   5.0	 3.0   0.5
ASLA   0.5   0.5   1.0	 0.5   0.0   0.1   0.1	 1.0   0.1   1.0   2.0	 0.5   1.0   0.5   1.0	 2.0   2.0   0.5   0.5	 0.5   0.0   0.0   0.5	 0.5   2.0

QUAD  0A    0C	  0E	0G    0I    2I	  2G	2E    2C    2A	  4A	4C    4E    4G	  4I	6I    6G    6E	  6C	6A    8A    8C	  8E	8G    8I    4a	  4c	4e    4g    4i
CARO   0.01  0.0   0.01  0.01  0.01  0.01  0.01  0.01  0.0   0.01  0.01  0.0   0.01  0.01  0.01  0.01  0.01  0.01  0.01  0.01  0.0   0.0   0.01  0.01  0.01
ERGL   0.0   0.1   0.0	 0.1   0.01  0.01  0.0	 0.0   0.1   0.1   0.1	 0.1   0.0   0.1   0.01  0.5   1.0   0.0   0.1	 0.0   0.0   0.0   0.0	 0.0   0.1
GABO   0.1   0.01  0.5	 0.1   0.0   0.1   0.01  0.01  0.01  0.1   0.5	 0.01  0.1   0.1   0.01  0.5   0.5   0.01  0.01  0.1   0.0   0.0   0.1	 0.01  0.1
GELI   0.1   0.0   0.0	 0.01  0.5   1.0   1.0	 0.0   2.0   0.0   0.0	 0.1   1.0   1.0   0.1	 0.0   0.5   0.5   0.0	 0.1   2.0   1.0   2.0	 0.1   0.1
HIUM   0.01  0.0   0.0	 0.0   0.0   0.0   0.0	 0.0   0.0   0.0   0.1	 0.0   0.0   0.0   0.1	 0.0   0.1   0.0   0.0	 0.0   0.0   0.0   0.01  0.0   0.0
LIBO   0.1   0.0   0.0	 0.1   1.0   1.0   2.0	 4.0   0.0   0.1   0.0	 0.0   0.5   2.0   0.5	 0.0   0.5   0.1   0.0	 0.0   0.01  0.1   1.0	 2.0   1.0
LIPH   0.0   0.0   0.0	 0.0   0.0   0.0   0.0	 0.0   0.0   0.0   0.0	 0.0   0.0   0.0   0.0	 0.0   0.0   0.0   0.0	 0.0   0.0   0.0   0.0	 0.0   0.0
MELI   0.1   0.5   0.1	 0.1   0.0   1.0   0.0	 0.0   0.1   0.01  0.01  0.01  0.01  0.5   0.1	 0.01  0.1   0.1   0.01  0.01  0.1   0.0   0.0	 0.0   0.0
ORSE   0.0   0.0   0.0	 0.0   0.1   0.1   0.0	 0.1   0.1   0.0   0.0	 0.0   0.0   0.0   0.0	 0.0   0.0   0.0   0.0	 0.0   0.0   0.0   0.0	 0.0   0.0
PYCH   0.01  0.0   0.1	 0.1   0.1   0.1   0.0	 0.0   0.0   0.0   0.1	 0.0   0.1   0.01  0.1	 0.0   0.1   0.1   0.01  0.1   0.1   0.0   0.1	 0.0   0.0
SOSP   0.0   0.01  0.01  0.1   0.0   0.0   0.0	 0.0   0.0   0.1   0.1	 0.5   0.0   0.0   0.01  0.1   0.1   0.0   0.01  0.01  0.01  0.0   0.0	 0.0   0.1
VIAD   0.01  0.01  0.1	 0.01  0.0   0.1   0.1	 0.1   0.01  0.01  0.0	 0.0   0.01  0.01  0.01  0.0   0.1   0.0   0.0	 0.0   0.0   0.0   0.01  0.0   0.1
CXSI   0.0   0.0   0.0	 0.0   0.01  0.0   0.0	 0.01  0.0   0.0   0.0	 0.01  0.0   0.0   0.0	 0.0   0.0   0.01  0.0	 0.01  0.01  0.0   0.0	 0.0   0.0
CXRI   0.1   0.01  0.1	 0.01  0.01  0.0   0.0	 0.0   0.0   0.1   0.1	 0.1   0.0   0.01  0.1	 0.01  0.01  0.01  0.0	 0.1   0.0   0.0   0.0	 0.0   0.01
ELGL   0.0   0.0   0.0	 0.0   0.0   0.0   0.0	 0.0   0.0   0.0   0.0	 0.0   0.0   0.0   0.0	 0.0   0.0   0.0   0.0	 0.0   0.0   0.0   0.0	 0.0   0.0
ELIN   0.01  0.01  0.0	 0.01  0.5   0.01  0.0	 0.0   0.0   0.1   0.0	 0.1   0.01  0.1   0.5	 0.0   0.01  0.01  0.01  0.01  0.5   0.1   0.1	 0.1   0.01
ORAS   0.0   0.0   0.01  0.0   0.0   0.01  0.0	 0.01  0.01  0.1   0.1	 0.01  0.01  0.1   0.01  0.1   0.1   0.01  0.01  0.0   0.0   0.0   0.01  0.0   0.1
ORPU   0.01  0.01  0.1	 0.01  0.01  0.01  0.01  0.1   0.01  0.1   0.1	 0.1   0.01  0.1   0.1	 0.1   0.1   0.01  0.01  0.01  0.0   0.0   0.01  0.01  0.01
EQAR   0.01  0.0   0.0	 0.0   0.0   0.0   0.0	 0.0   0.0   0.0   0.0	 0.0   0.0   0.0   0.0	 0.0   0.0   0.0   0.0	 0.0   0.01  0.0   0.0	 0.0   0.0
EQVA   0.01  0.01  0.0	 0.0   0.0   0.0   0.0	 0.0   0.0   0.01  0.01  0.01  0.0   0.01  0.01  0.01  0.01  0.01  0.01  0.0   0.0   0.0   0.0	 0.1   0.01
LYCO   0.0   0.0   0.0	 0.0   0.0   0.0   0.0	 0.0   0.0   0.0   0.0	 0.0   0.0   0.0   0.0	 2.0   0.0   0.0   0.0	 0.0   0.0   0.0   0.5	 1.0   0.0

QUAD  0A    0C	  0E	0G    0I    2I	  2G	2E    2C    2A	  4A	4C    4E    4G	  4I	6I    6G    6E	  6C	6A    8A    8C	  8E	8G    8I    4a	  4c	4e    4g    4i
VAMY   0.5   0.0   0.0	 0.0   0.0   0.1   1.0	 2.0   0.1   2.0   2.0	 0.1   2.0   0.5   0.1	 2.0   2.0   2.0   0.1	 1.0   0.1   0.01  0.5	 4.0   6.0
VAVI   6.0   8.0   3.0	 3.0   3.0   5.0   9.0	 7.0   2.0   2.0   3.0	 2.0   5.0  13.0   1.0	 2.0   6.0   2.0   2.0	 0.5   2.0   2.0   2.0	 2.0   5.0
MACA   1.0   0.1   5.0	 0.1   0.5   2.0   2.0	 1.0   2.0   1.0   0.1	 0.01  2.0   0.5   0.5	11.0   3.0   1.0   1.0	 1.0   0.1   0.5   2.0	 3.0   4.0
LAOC   0.0   0.0   0.1	 0.0   0.0   0.0   0.0	 0.0   0.0   0.0   0.0	 0.0   0.0   0.0   0.0	 0.0   0.0   0.0   0.0	 0.0   0.0   0.0   0.0	 0.0   0.0
AGSU   0.0   0.0   0.0	 0.0   0.0   0.0   0.0	 0.0   0.0   0.0   0.0	 0.0   0.0   0.0   0.0	 0.0   0.0   0.0   0.0	 0.0   0.0   0.0   0.0	 0.0   0.0
EPAN   0.0   0.0   0.0	 0.0   0.0   0.0   0.0	 0.0   0.0   0.0   0.0	 0.0   0.0   0.0   0.0	 0.0   0.0   0.0   0.01  0.0   0.0   0.01  0.0	 0.0   0.0
temp  54    54	  54	54    54    53	  54	55    54    55	  56	55    55    56	  55	55    56    54	  55	54    55    55	  54	55    55
