STAND 2, SURVEY DATE: 02 Aug 2000, OBSERVER: G.H. La Roi (#1), ROWS:0,2,4,6,8, DATA ENTRY: 05 Nov 2000 (Soil Thermometer = "Old #1"; MACA and ARNU turning yellow; PRPE browsed;
        ASLA & HIUM grazed; time-lapse slides taken; GPS waypoints for 4 corners; tree#6340 rooted in 7C is leaning over center of 6C; animal burrow 3 m from post 3E)

QUAD  0A    0C    0E    0G    0I    2I    2G    2E    2C    2A    4A    4C    4E    4G    4I    6I    6G    6E    6C    6A    8A    8C    8E    8G    8I    4a    4c    4e    4g    4i

PIBA   1.0   3.0   0.5  11.0  24.0  27.0  17.0  10.0  21.0  15.0   2.0  16.0  16.0  19.0   0.0   3.0  15.0  18.0  22.0  25.0  28.0  27.0  10.0  16.0  10.0
PIGL   0.0   0.0   0.0   0.0   0.0   0.1   0.0   0.0   0.0   0.0   0.0   0.0   2.0   0.0   0.0   0.0   0.0   0.0   0.0   0.0   0.5   0.0   0.0   0.0   0.0
POTR   0.5   0.0   0.0   0.0   0.0   0.0   0.0   0.0   0.0   0.0   0.0   0.0   0.0   0.0   0.0   0.0   0.0   0.0   0.0   0.0   0.0   0.0   0.0   0.0   0.0
ALCR   0.0   0.0  13.0   0.5  15.0   7.0  16.0   0.0  13.0   4.0   0.0   5.0   8.0   0.5   9.0   6.0   0.0   2.0   8.0   7.0   8.0   8.0   3.0  15.0   2.0
AMAL   1.0   2.0   0.0   0.5   1.0   0.5   0.0   3.0   0.0   0.01  1.0   0.1   1.0   0.0   2.0   1.0   0.0   2.0   0.1   1.0   0.0   0.0   3.0   4.0   0.0
ARUV   9.0  24.0   6.0  41.0   8.0   3.0   5.0  15.0   4.0   7.0  27.0  13.0  14.0  18.0   4.0  12.0  24.0   3.0   4.0   2.0   0.5   1.0   3.0   2.0  15.0
PRPE   0.0   0.01  0.01  0.0   2.0   0.5   0.5   0.0   0.1   0.0   0.0   0.1   0.0   0.0   0.0   0.5   0.1   0.0   0.0   0.0   0.0   1.0   0.5   0.0   0.1
ROAC   0.5   1.0   2.0   0.5   2.0   2.0   2.0   1.0   2.0   1.0   2.0   2.0   2.0   0.1   0.1   2.0   2.0   1.0   2.0   4.0   2.0   1.0   1.0   3.0   3.0
ROWO   0.0   0.0   0.5   0.0   0.0   0.0   0.5   0.5   0.0   0.0   0.1   0.5   1.0   1.0   0.0   0.0   0.1   1.0   0.0   0.0   0.0   0.0   0.0   0.0   0.0
RUID   0.0   0.0   0.0   0.0   0.0   0.0   0.5   0.0   0.5   0.0   0.0   0.0   0.0   0.0   0.0   0.0   0.0   0.0   0.0   0.0   0.0   0.5   1.0   2.0   0.0
SABE   0.0   0.0   0.0   0.0   3.0   0.0   0.0   0.0   0.0   0.0   0.0   0.0   0.0   0.0   2.0   0.0   0.0   0.0   0.0   0.0   0.0   0.0   0.0   0.0   0.0
SHCA   6.0   4.0   0.0   0.0   0.0   1.0   0.0   5.0   0.01  3.0   4.0   2.0   2.0   0.0   0.1   0.0   0.0   1.0   0.0   0.0   0.0   0.0   0.0   0.0   0.0
SYAL   0.0   0.0   0.5   0.0   0.0   0.0   0.0   0.0   0.0   0.0   0.0   0.0   0.0   0.0   0.0   0.0   0.0   0.0   0.0   0.0   0.0   0.0   0.0   0.0   0.0
ANMU   0.1   0.0   0.5   0.1   0.0   0.0   0.0   0.1   0.1   0.1   0.1   0.0   0.5   0.5   0.0   0.5   0.1   0.0   0.0   0.1   0.0   0.0   0.0   0.0   0.1
ANPA   0.1   0.01  0.0   0.0   0.0   0.0   0.0   0.0   0.0   0.0   0.01  0.0   0.5   0.01  0.0   0.01  0.01  0.0   0.0   0.0   0.0   0.0   0.0   0.0   0.0
ARNU   0.5   0.0   0.0   0.0   0.1   3.0   0.0   0.0   0.0   0.0   0.0   0.0   0.0   0.0   2.0   1.0   0.5   0.0   0.0   0.0   2.0   6.0   5.0   5.0   1.0
ASLA   1.0   1.0   1.0   0.1   0.0   0.5   0.01  0.1   0.1   2.0   2.0   1.0   1.0   0.5   1.0   2.0   2.0   1.0   0.5   1.0   0.0   0.0   0.5   1.0   2.0

QUAD  0A    0C    0E    0G    0I    2I    2G    2E    2C    2A    4A    4C    4E    4G    4I    6I    6G    6E    6C    6A    8A    8C    8E    8G    8I    4a    4c    4e    4g    4i
CARO   0.01  0.0   0.01  0.01  0.1   0.0   0.01  0.01  0.0   0.01  0.01  0.01  0.01  0.0   0.01  0.01  0.0   0.01  0.01  0.0   0.0   0.0   0.0   0.0   0.01
ERGL   0.01  0.0   0.0   0.0   0.1   0.1   0.0   0.0   0.0   0.0   0.1   0.0   0.0   0.0   0.5   0.0   0.0   0.0   0.1   0.1   0.0   0.0   0.0   0.0   0.0
GABO   0.5   0.1   0.5   0.5   0.0   0.1   0.1   0.1   0.1   0.1   1.0   0.1   0.1   0.5   0.1   0.5   1.0   0.01  0.1   0.1   0.0   0.0   0.5   0.1   0.1
GELI   0.5   0.0   0.0   0.1   0.5   0.1   0.5   0.0   0.5   0.01  0.0   0.1   1.0   2.0   0.1   0.1   0.01  0.5   0.0   0.1   0.5   0.5   0.5   0.0   0.0
HIUM   0.1   0.0   0.0   0.0   0.0   0.0   0.0   0.0   0.0   0.0   0.1   0.0   0.0   0.0   0.1   0.1   0.0   0.0   0.0   0.0   0.0   0.0   0.1   0.1   0.0
LIBO   1.0   0.0   0.0   2.0   1.0   2.0   2.0   4.0   1.0   0.5   0.0   0.0   2.0   3.0   0.5   0.0   2.0   1.0   0.1   0.5   0.1   1.0   1.0   2.0   2.0
LIPH   0.0   0.0   0.0   0.0   0.0   0.0   0.0   0.0   0.0   0.0   0.0   0.0   0.0   0.0   0.0   0.0   0.0   0.0   0.0   0.0   0.0   0.0   0.0   0.01  0.0
MELI   1.0   1.0   1.0   2.0   0.0   0.1   0.0   0.5   0.1   1.0   2.0   0.5   0.5   2.0   0.1   2.0   1.0   1.0   0.1   0.1   0.1   0.1   0.1   0.0   0.0
ORSE   0.0   0.0   0.0   0.0   0.1   0.0   0.0   0.1   0.1   0.0   0.0   0.0   0.0   0.0   0.0   0.0   0.0   0.0   0.0   0.0   0.0   0.1   0.0   0.0   0.0
PYCH   0.1   0.0   0.0   0.0   0.0   0.0   0.0   0.0   0.0   0.01  0.0   0.1   0.1   0.0   0.0   0.0   0.01  0.1   0.0   0.1   0.01  0.01  0.0   0.0   0.0
SOSP   0.0   0.0   0.0   0.0   0.0   0.0   0.0   0.0   0.0   0.0   0.5   0.5   0.0   0.0   0.0   0.1   0.0   0.0   0.1   0.1   0.0   0.0   0.0   0.0   0.0
VIAD   0.01  0.0   0.1   0.0   0.0   0.1   0.1   0.01  0.0   0.5   0.0   0.1   0.0   0.0   0.01  0.1   0.0   0.0   0.0   0.0   0.0   0.0   0.0   0.0   0.1
CXSI   0.0   0.0   0.0   0.0   0.01  0.0   0.0   0.01  0.0   0.0   0.0   0.01  0.01  0.0   0.0   0.0   0.0   0.0   0.01  0.01  0.01  0.0   0.0   0.0   0.0
CXRI   0.5   0.1   0.0   0.01  0.0   0.0   0.0   0.0   0.0   0.1   0.01  0.1   0.0   0.0   0.0   0.01  0.1   0.0   0.0   0.0   0.0   0.0   0.0   0.0   0.0
ELGL   0.0   0.0   0.0   0.0   0.0   0.0   0.0   0.0   0.0   0.0   0.01  0.0   0.0   0.0   0.0   0.0   0.0   0.0   0.0   0.0   0.0   0.0   0.0   0.0   0.0
ELIN   0.1   0.01  0.1   0.1   1.0   0.1   0.0   0.0   0.01  0.1   0.0   0.1   0.5   0.1   0.5   0.1   0.5   0.0   0.1   0.1   1.0   0.5   0.1   0.5   0.1
ORAS   0.0   0.01  0.1   0.0   0.0   0.0   0.01  0.01  0.0   0.01  0.01  0.0   0.0   0.5   0.1   1.0   0.0   0.01  0.01  0.0   0.0   0.0   0.0   0.01  0.1
ORPU   0.5   0.1   0.1   0.01  0.0   0.0   0.01  0.01  0.0   0.1   0.5   0.1   0.01  0.01  0.1   0.1   0.1   0.0   0.01  0.0   0.0   0.0   0.0   0.0   0.1
EQAR   0.0   0.0   0.0   0.0   0.0   0.0   0.0   0.0   0.0   0.0   0.0   0.0   0.0   0.0   0.0   0.0   0.0   0.0   0.0   0.0   0.0   0.0   0.0   0.0   0.0
EQVA   0.0   0.01  0.0   0.0   0.0   0.0   0.0   0.0   0.0   0.01  0.0   0.1   0.0   0.0   0.01  0.01  0.0   0.0   0.01  0.0   0.0   0.0   0.0   0.0   0.1
LYCO   0.0   0.0   0.0   0.0   0.0   0.0   0.0   0.0   0.0   0.0   0.0   0.0   0.0   0.0   0.0   3.0   0.0   0.0   0.0   0.0   0.0   0.0   1.0   0.2   0.5

QUAD  0A    0C    0E    0G    0I    2I    2G    2E    2C    2A    4A    4C    4E    4G    4I    6I    6G    6E    6C    6A    8A    8C    8E    8G    8I    4a    4c    4e    4g    4i
VAMY   2.0   0.0   0.0   0.0   0.0   0.0   2.0   3.0   1.0   2.0   3.0   0.1   3.0   1.0   0.0   2.0   3.0   2.0   0.5   1.0   0.0   0.1   1.0   5.0   7.0
VAVI   8.0  19.0   2.0  16.0   2.0   2.0  10.0  10.0   2.0   5.0   3.0   3.0  14.0  15.0   2.0   3.0   6.0   3.0   1.0   1.0   2.0   2.0   2.0   3.0  11.0
MACA   3.0   0.5   3.0   0.5   1.0   1.0   1.0   3.0   2.0   2.0   0.1   0.5   2.0   2.0   1.0   5.0   2.0   2.0   2.0   1.0   0.1   0.5   1.0   2.0   5.0
LAOC   0.0   0.01  0.1   0.0   0.0   0.0   0.0   0.0   0.0   0.0   0.0   0.0   0.0   0.0   0.0   0.0   0.0   0.0   0.0   0.0   0.0   0.0   0.0   0.0   0.0
FESA   0.0   0.0   0.0   0.0   0.0   0.0   0.0   0.0   0.0   0.0   0.0   0.0   0.0   0.0   0.0   0.0   0.0   0.0   0.0   0.0   0.0   0.0   0.0   0.0   0.0
AGSU   0.0   0.0   0.0   0.0   0.0   0.0   0.0   0.0   0.0   0.0   0.0   0.0   0.0   0.0   0.0   0.0   0.0   0.0   0.0   0.0   0.0   0.0   0.0   0.0   0.0
EPAN   0.0   0.0   0.0   0.0   0.0   0.0   0.0   0.0   0.0   0.0   0.0   0.0   0.0   0.0   0.0   0.0   0.0   0.0   0.0   0.0   0.0   0.0   0.0   0.0   0.0
AGSC   0.0   0.0   0.0   0.0   0.0   0.0   0.0   0.0   0.0   0.0   0.0   0.0   0.0   0.0   0.01  0.0   0.0   0.0   0.0   0.0   0.0   0.0   0.0   0.0   0.0
temp  65    64    64    66    63    60    63    64    64    65    65    66    63    63    63    64    66    66    63    63    60    61    63    60    62
