0a  0  0   0  0  0  0  0 .1  0  0 .5  0 .1  0  0 .1 .1  0  0  0    .1 .1 65 .5
    0  0   0 .1  0  0  0  0  0  0  0  0 .1  0  0
0c  0  0   0  0 .1  0 .5 .1  0  0 .1  0  0  0  0 .5 .5 .1  0  0    .1  0  4 .5
    0  0   0  0  0  0  0  0  0  0 .1  0 .5  0  0
0e  0  0  .1  0  0 .5 .1 .5  0  0  0  0  0  0  0 .1 .5  0  0  0    .5 .5 25 .5
    .1 0   0  0  0  0  0  0  1  0  0  0 .1  0  0
0g  0  0  .1  0  0  2  0 .1  0  0  0  0  0  0 .1 .1 .1  0  0  0     0 .5 40  1
    0  0   0  0  0  0  0 .1  2  0  0  0 .1  0  0
0i  0  0  .1 .5  0 35  0  0  0  0  0  0  0  0  0  0  0 .1  0  0     0  0  1 .5
    0  0   0  0  0  0  0  0 .1  0  0  0  0  0  0
2a  0  0  .5  1  0 15 .1  5  0  0 .1 .1  0  0 .1 .1 .1 .1  0  0     0 .5 50 .5
    0  0   0 .1  0  0  0  0 .5  0  0 .5 .1  0  0
2c  0  0  .1  1  0  1 .1 .1  0  0 .5  0  0  0 .1 .1 .1  0  0  0     0 .1 60 .5
    0  0   0  0 .1  0  0 .5  2  0 .1 .5 .1  0  0
2e  0  0  .1 .5  0  1 .5 .1  0 .1 .5  0  0  0  0 .5 .5  0  0  0     0 .5 10  1
    .5 0   0  0  0  0  0 .5  2  0  0  1 .1  0 .1
2g  0  0   0 .1  0  1 .1 .1  0  0  0  0 .1  0  0 .1 .1 .1  0 .1    .1  0 75 .5
    0  0   0  0  0  0  0  0  0  0  0  0 .1  0  0
2i  0  0   1 10  0 25 .1 .1  0  0  0  0  0  0  0 .5 .1  0  0  0    .1 .1 20 .5
    0  0   0  0  0  0  0  1  1  0  1  0 .1  0 .5
4a  0  .1 .1  0  0  0 .5  0  0  0 .1  0 .1  0 .1 .5  1 .1  0  0     0  1 30  1
    .5 .5  0  0  0  0  0  0  3  0 .1  0 .5  0  0
4c  0  0   0  0  0  1 .1 .5  0  0 .1  0 .1  0  0 .1 .5 .1  0  0    .1 .5 65 .5
    .1 0   0  0 .5  0  0 .1  4  0  0  0 .5  0  0
4e  0  0  .5 20  0 30 .1  0  0  0  0  0  0  0 .5 .1 .1  0  0  0     0 .5 15 .5
    0  0   0  0  0  0  0 .5  1  1  0  0  0  0  0 
4g  0  0  .5 .5  0  2 .1 .1  0 .1 .1  0  0 .1  0  0  0  0 .1 .1    .1 .5 65  1
    0  .1  0  0  0  0  0 .5  1  0 .1  0 .1  0  0
4i  0   0  0  0  0 .1 .5  0  0 .1  0  0 .1 .5  0 .5  0  0 .1  0    .1 .5 50 .5
    .5 .1  0  0  0  0  0 .1  1  0  0  0 .1  0  0
6a  0   0  0 .1  0 .5  0  0  0 .1  0  0  0  0 .1 .5 .1 .1 .1 .1    .1 .5 60  1
    0   0  0  0  0  0  0  0  1  0  0 .1  0  0  0
6c  0   0 .1  0  0 .5 .1  0  0  0 .1 .1  0  0  0 .1 .1  0  0 .1     0 .5 80 .5
    .1  0  0  0  0 .1  0 .5  0  0  0  0 .1 .1  0
6e  0   0  0  0 .1 .1  0  0  0  0 .5  0  0  0  0 .1  0 .1  0 .1    .1 .5 80 .5
    .5  0 .1 .5  0  0  0  0  1  0  0  0  0  0  0
6g  0   0 .5 .1 .1  1  0 .1  0  0 .5  0  0  0  0 .1 .1  0  0  0     0 .5 65  1
    0   0  0  0  0  0  0  0  0  0  0  0 .5  0  0
6i  0   0  0  0  0  0  0 .1  0  0 .1  0 .1  0 .1 .5 .5  0 .1 .1    .1 .5 80  1
    0   0  0  0  0  0  0  0 .5  0  0  0  0  0 .1
8a  0   0  0  0  0  0  0  1  0  0  0  0  0  0  0 .5 .1  0 .1 .5    .1 .5 80 .5
    0  .1  0  0  0  0  0  0 .5  0  0  0 .1  0  0
8c  0   0  0  0  0 .5  0  0  0  0  0  0  0  0 .1 .1  0  0  0  0    .1 .5 15  1
    .5  0  0  0  0  0  0  0 .5  0 .5  0  0  0 .1
8e  0   0  0  0  0 .5 .5  1  0  0  0  0 .1  0  0  0 .5  0  0  0    .1 .5 85 .5
    .5 .5  0  0  0  0  0  0  0  0 .5 .1  0  0  0
8g  0  .1  0  0  0 .1 .5 .5  0  0  0  0  0  0  0 .5 .1 .1  0  0     0 .5 35  1
    0   0  0 .1  0  0  0  0  0  0 .5  0 .1  0 .1
8i  0   0  0  0  0 .1 .5  3  0  0 .1  0  0  0  0 .1 .5 .1  0 .1     0 .5 60 .5
    1   0  0  0  0  0  0  0 .1  0  0  0  0  0  0
