0a   0  0 .1  0  0  0  1 .5 .5     0  0 .5  0  0  0 .1  0  0    0   0  0 75 .5
    .1  0  0  0  0  0  0 .5  3     0  0  0  0  0  0  0
0c   0  0 .1  0  0  0 .5 .1 .1     0  0 .1  0  0  0  0  0 .1    0   0 .5 75 .5
    .5  0  0  0  0  0  0  0 .5     0  0  0  0  0  0  0            
0e   0  0 .5  0  0 .1  3 .5 .1    .1  0  0  0  0  0  0  0 .1    0   0 .5 80  1
    .5  0  0 .1 .1  0  0 .5  2     0  0  0  0 .1  0  0
0g   0  0 .1  0  0 .1 .1 .1 .5     0  0 .5  0  0  0 .1  0 .1    0   0 .5 50 .5
    .5  0  0  0  0  0  0  0  2     0  0  0  0 .5  0  0
0i   0  0 .5  0  0 .5  5 .1 .1     1 .5  0  0  0 .1  0 .1 .1    0   0 .1  7 .5
     0  0  0 .1  0  0  0  0  0     0  0  0  0  0 .1  0
2a   0  0  0  0  0  0  0 .5 .1     0 .1  0 .1  0  0  0  0  0    0   0 .1 60 .5
    .1  0  0 .5  0  0  0  0  2     0  0  0  0  0  0  0
2c   0  0 .5  0  0  2 15  0  0    .5  0  0  0  0  0 .1  0  0    0   0  0 35 .5
    .1  0  0  1 .1  0  0  0  0     0  0  0  0  0  0  0
2e   0  0 .1  0  0  1 60  0  0     1  0  0  0  0  0  0  0  0    0   0  0  6 .5
    .1  0  0  1  0  0  0  0  1     0  0  0  0  0  0  0
2g   0 .1 .5  0  0  2 20 .5 .1     1  0 .1  0  0 .1  0  0  0    0   0  0 30 .5
     0  0  0 .1  0  0  0 .5  1     0  0  0  0  0  0  0
2i   0  0  1  0  0  1 45  0  0     2  0  0  0  0  0  0  0 .1    0   0  0  5 .5
     0  0  0 .5  0  0  0  0  1     0  0  0  0  0  0  0
4a   0  0 .1  0  0 .1  1 .5  1     0  0 .5  0  0  0 .1  0 .1    0   0 .1 40 .5
    .1  0  0 .5  0  0  0  0  2     0  0  0  0  0  0  0
4c   0  0  0  0  0  0 .1 .5 .5     0  0 .1  0  0 .1 .5  0 .5    .1  0  0 65 .5
    .5 .1  0  0 .5  0  0  0  4    .5  0  0  0  0  0  0
4e   0 .1 .1  0  0 .5  3  0  0     0  0  0 .1  0  0  0 .1 .1    0   0  0 60 .1
    .5  0  0 .5 .1  0  0 .1  3     0  0 .5  0  0  0  0
4g   0  0 .1  0  0  0 .5  0 .1    .1  0  0  0  0 .1  0 .1  0    0   0 .1  5 .1
     0  0  0  0  0  0  0  0  2     0  0  0  0  0  0  0
4i   0  0 .1  0  0 .1 .1 .1 .5    .1  0  0  0  0 .1  0  0 .5    0   0 .5 85 .5
    .5  0  0  0  1  0  0 .5  2     0  0  0  0  0  0  0
6a   0  0  0  0  0 .1  1 .5  0     0  0 .1  0  0 .1  0  0  0    0   0 .1 15 .1
     0  0  0  0  0  0  0  0 .5     0  0  0  0  0  0 .1   
6c   0  0 .1  0  0  0  1 .5  0     0 .1  0  0  0 .1  0  0  0    0   0 .1 25 .1
    .5  0  0 .1  0  0  0  0  1     0  0  0  0  0  0  0
6e   0  0 .1  0  0 .1  1  0  0    .5 .1 .1  0  0 .1  0  0  0    0   0 .1 65  0
    .1  0  0  1  0  0  0  0 .5     0  0  0  0  0  0  0
6g   0  0  0  0  0 .5  2 .1 .1    .1  0  0  0  0  0  0  0  0    0   0 .1 65 .1
    .1  0  0  0  0  0  0  0  1     0  0  0  0  0  0  0
6i   0  0 .1  0  0  0 .5 .1  0     0  0 .1  0  0  0 .1  0  0    0   0 .1 75 .1
    .5  0  0  0  0  0  0  0  1     0  0  0  0  0  0  0
8a  .5  0 .5  0  0  4 75  0  0     1 .1  0  0  0 .1  0  0 .1    0  .1  0  3 .5
     0  0  0 .5  0  0  0 .5 .5     0  0  0  0  0  0  0 
8c  .1  0  0  0  0  1  5  0  0     4 .1  0  0  0 .1  0  0 .1    0   0  0  3 .1
     0  0  0  0  0  0  0  0  0     0  0  0  0  0  0  0
8e   0  0 .5  0  0  1 25  0  0     1  0  0  0  0 .1  0  0  0    0   0  0  3 .1
     0  0  0 .5  0  0  0  1  1     0  0  0  0  0  0  0 
8g   0  0 .5  0  0 .5 15  0  0     3  0  0  0  0 .1  0  0  0    0   0 .1  3  0
     0  0  0  0  0  0  0  1 .5     0  0  0  0  0  0  0  
8i   0 .1 .1  0  0  0  2 .1  0    .1  0 .1  0  0  0 .1  0 .1    0   0 .1 85 .1
     0  0  0  0  0  0  0  0  1     1  0  0  0  0  0  0
