'1B' 5 75 .5 0 0 0 0 0 0 0 0 0 0 0 0 0 0 0 0 0 0 0
0 0 0
'1D' 25 60 1 0 0 1 0 0 0 .5 0 0 0 1 0 0 0 0 0 .1 0 0
0 0 0
'1F' 40 45 1 1 0 0 0 0 0 0 0 0 0 0 0 0 0 0 0 0 0 0
0 0 0
'1H' 40 55 .5 0 0 0 0 0 0 0 0 0 0 0 0 0 0 0 0 0 0 0
0 0 0
'1J' .5 85 .5 0 .1 0 0 0 0 0 0 0 0 0 0 0 0 0 0 0 0 0
0 0 0
'3B' 30 25 35 0 0 0 0 0 0 0 0 0 0 0 0 0 0 0 0 0 0 0
0 0 0
'3D' 35 25 35 0 0 1 0 0 0 0 0 0 0 .1 0 0 0 0 0 0 0 0
0 0 0
'3F' 25 30 30 .5 0 .5 0 0 0 0 6 0 0 0 0 0 0 0 0 0 0 0
0 0 0
'3H' .5 30 1 0 0 2 0 0 0 0 0 0 0 0 0 0 0 0 0 0 1 0
0 0 0
'3J' 20 25 50 0 0 .5 0 0 0 0 0 0 0 0 0 0 0 0 0 0 0 0
0 0 0
'5B' 15 5 4 0 .1 0 4 0 0 .5 0 0 0 0 0 0 0 0 0 .5 0 0
0 0 0
'5D' 1 .1 1 .1 0 0 0 2 0 1 0 0 0 .1 0 .1 0 0 0 .1 0 0
0 0 0
'5F' 35 30 .5 0 .1 0 1 0 0 0 0 0 0 .1 0 0 0 0 0 0 0 0
0 0 0
'5H' 15 75 0 0 0 2 0 0 0 0 0 0 0 0 0 0 0 0 0 0 0 0
0 0 0
'5J' 20 30 25 0 .5 0 2 .1 0 0 0 0 0 0 0 0 0 .1 0 0 0 0
0 0 0
'7B' 2 20 .5 .1 0 2 0 0 0 0 0 0 0 0 0 0 0 0 0 0 0 0
0 0 0
'7D' 15 35 35 0 0 .5 .5 0 0 0 0 0 0 0 0 0 0 0 0 0 0 0
0 0 0
'7F'  15 15 0 .5 0 .5 0 0 0 .1 0 0 0 0 0 0 0 0 0 0 0 0
0 0 0
'7H' 15 25 60 1 0 0 0 0 0 0 0 0 0 0 0 0 0 0 0 0 0 0
0 0 0
'7J' 30 25 0 0 0 .5 .5 0 0 .1 0 0 0 0 0 0 0 0 0 0 0 0
0 0 0
'9B' 20 60 7 0 0 .5 0 0 0 0 0 0 0 0 0 0 0 0 0 0 0 0
0 0 0
'9D' 5 60 20 0 0 0 0 0 0 0 0 0 0 0 0 0 0 0 0 0 0 0
0 0 0
'9F' 25 15 25 1 0 .5 0 0 0 0 0 0 0 0 0 0 0 0 0 0 0 0
0 0 0
'9H' 10 70 8 0 0 0 0 .1 0 .5 0 0 0 .1 0 0 0 0 0 .5 0 .1
0 0 0
'9J' 25 55 15 .5 0 1 0 .5 0 .5 0 0 0 0 0 .1 0 0 0 .1 0 0
0 0 0
'1B' 15 30 5 0 0 0 0 0 0 0 0 0 0 0 0 0 0 0 0 0 0 0 0 0 0
'1D' 25 45 0 0 0 3 0 0 0 0 0 0 0 .5 0 0 0 0 0 0 0 0 0 0 0
'1F' 30 40 4 0 0 0 0 0 0 0 0 0 0 0 0 0 0 0 0 0 0 0 0 0 0
'1H' 40 50 5 0 0 0 0 0 0 0 0 0 0 0 0 0 0 0 0 0 0 0 0 0 0
'1J' 5 75 0 0 .5 0 0 .5 0 0 0 0 0 0 0 0 0 0 0 0 0 0 0 0 0
'3J' 30 25 40 0 0 0 0 0 0 0 0 0 0 0 0 0 0 0 0 0 0 0 0 0 0
'3H' 0 35 3 0 1 5 .5 0 0 0 0 0 0 0 0 0 0 0 0 0 0 0 .1 0 0
'3F' 20 20 45 .1 0 0 0 0 0 0 7 0 0 0 0 0 0 0 0 0 0 0 0 0 0
'3D' 30 30 30 0 0 1 0 0 0 0 0 0 0 0 0 0 0 0 0 0 0 0 0 0 0
'3B' 15 25 40 0 0 0 0 0 0 0 0 0 0 0 0 0 0 0 0 0 0 0 0 0 0
'5B' 5 10 3 0 0 .5 5 0 0 0 0 0 0 0 0 0 0 0 0 .1 0 0 0 0 0
'5D' 2 .1 2 .5 0 .5 0 4 0 0 0 0 0 0 0 0 0 0 0 .5 0 0 0 .5 0
'5F' 30 25 .5 0 0 0 0 0 0 0 0 0 0 .5 0 0 0 0 0 0 0 0 0 5 0
'5H' 15 70 .5 0 0 1 0 0 0 0 0 0 0 0 0 0 0 0 0 0 0 0 0 0 0
'5J' 25 20 15 0 0 2 0 0 0 0 0 .5 0 .1 0 0 0 0 0 0 0 0 0 0 0
'7J' 40 15 .5 0 0 .5 0 0 0 0 0 0 0 0 0 0 0 0 0 0 0 0 0 0 0
'7H' 10 20 65 .1 0 0 0 0 0 0 0 0 0 0 0 0 0 0 0 0 0 0 0 0 0
'7F' 20 30 0 1 0 .5 0 0 0 0 0 0 0 0 0 0 0 0 0 0 0 0 0 .5 0
'7D' 30 30 25 0 0 .5 0 0 0 0 0 0 0 0 0 0 0 0 0 0 0 0 0 0 0
'7B' 1 35 5 .5 0 3 0 0 0 0 0 0 0 0 0 0 0 0 0 0 0 0 0 0 0
'9B' 30 40 7 0 0 0 0 0 0 0 0 0 0 .1 0 0 0 0 0 0 0 0 0 0 0
'9D' 5 25 35 0 0 0 0 0 0 0 0 0 0 0 0 0 0 0 0 0 0 0 0 0 0
'9F' 10 30 30 1 0 2 0 0 0 0 0 0 0 0 0 0 0 0 0 0 0 0 0 0 0
'9H' 5 75 7 .5 0 0 0 0 0 0 0 0 0 0 0 0 0 0 0 .5 0 0 0 0 0
'9J' 30 30 10 1 0 0 1 .5 0 0 0 0 0 .1 0 .1 0 0 0 .1 0 0 0 0 0
