'0A'
.5 2 2 10 .5 .5 0 .5 .5 0 0 0 0 0 0 0 0 0 0 0 0 0 0 0 0 0
0 0
'0C'
.1 3 .5 8 0 0 1 .5 0 0 .5 0 0 0 0 0 0 0 .5 .5 0 0 0 0 0 0
0 0
'0E'
.5 0 0 2 .5 .5 .5 .5 0 0 0 0 0 .5 0 0 0 0 0 0 0 0 0 0 0 0
0 0
'0G'
1 .5 .5 5 .5 1 1 0 0 0 0 0 0 0 0 0 0 0 0 0 0 0 0 0 0 0
0 0
'0I'
.5 1 0 4 .5 .5 1 .1 0 0 0 0 0 0 0 0 0 0 0 0 0 0 0 0 0 0
0 0
'2A'
2 1 .1 2 .5 .5 .5 .5 0 0 0 .1 0 0 0 0 0 0 0 .5 0 0 0 0 0 0
0 0
'2C'
4 1 .1 4 0 .5 .5 0 .5 0 0 .5 0 0 0 0 0 .5 .5 0 0 0 0 0 0 0
0 0
'2E'
30 2 .5 5 .5 1 .5 0 0 0 0 0 0 0 0 0 0 0 0 0 0 0 0 0 0 0
0 0
'2G'
5 2 .5 4 .5 1 0 .5 0 0 0 .1 0 0 0 0 0 0 .5 0 0 0 0 0 0 0
0 0
'2I'
2 .5 .5 3 .5 1 .5 .5 0 0 .5 0 0 0 0 0 0 0 0 0 0 0 0 0 0 0
0 0
'4A'
.1 0 0 3 1 1 0 .5 0 0 .5 0 0 0 .5 0 0 0 0 0 0 .5 0 0 0 0
0 0
'4C'
0 .5 0 8 1 .5 .5 .5 0 0 0 0 0 0 0 0 .5 0 0 0 0 0 .5 0 0 0
0 0
'4E'
.5 2 .5 2 1 1 0 .5 0 0 .5 0 0 0 0 0 .5 0 .5 0 0 0 0 0 0 0
0 0
'4G'
.5 2 .5 5 1 1 .5 0 .5 0 0 0 0 0 0 0 0 0 0 0 0 0 0 .5 .5 0
0 0
'4I'
1 1 0 4 2 .5 .5 .5 0 0 0 0 .1 0 0 0 0 0 0 0 0 0 0 0 0 0
0 0
'6A'
1 1 1 3 1 1 .5 0 0 0 0 0 0 0 0 0 0 0 .5 0 0 0 0 0 .1 0
0 0
'6C'
1 1 1 4 .5 1 .5 0 0 0 0 0 0 0 0 0 0 0 .5 0 0 0 0 0 0 0
0 0
'6E'
2 1 2 7 1 2 .5 .5 0 0 .5 0 0 0 0 0 0 0 1 0 0 0 0 0 0 .1
0 0
'6G'
.5 1 1 8 1 0 .5 .5 0 0 0 0 0 0 0 0 0 0 .5 .5 0 0 0 0 0 0
0 0
'6I'
1 1 .5 3 .5 1 1 0 0 0 0 0 0 0 0 0 0 0 .5 0 0 0 0 0 0 0
0 0
'8A'
3 2 1 7 .5 1 1 1 0 0 1 0 0 0 0 0 0 0 0 .5 .1 .5 0 0 0 0
0 0
'8C'
.5 1 2 8 .5 1 0 0 .5 0 .5 0 0 0 0 0 0 0 0 0 0 0 0 0 0 0
0 0
'8E'
0 1 .5 5 0 2 .5 .5 .1 0 0 0 0 0 0 0 0 0 0 0 0 0 0 0 0 0
0 0
'8G'
0 0 0 7 .5 1 1 .5 0 0 0 0 .1 0 0 0 0 0 0 .1 0 0 0 0 0 0
0 0
'8I'
1 2 1 3 0 .5 .5 .5 0 0 .5 0 0 0 0 0 0 0 0 0 0 0 0 0 0 0
0 0
'0A' .5 3 2 5 .5 1 .5 1 0 0 0 0 0 0 0 0 0 0 0 .5 0 0 0 0 0 0 .5 0
'0C' 1 4 0 5 0 .5 .5 .5 0 0 .5 0 0 0 0 0 0 0 .5 0 0 0 0 0 0 0 0 0
'0E' 0 0 0 4 .5 1 .5 .5 0 0 .5 0 0 0 0 0 0 0 0 0 0 0 0 0 0 0 0 0
'0G' 1 1 .5 2 .5 .5 .5 .5 0 0 .5 0 0 0 0 0 0 0 0 0 0 0 0 0 0 0 0 0
'0I' 0 .5 .5 5 .5 1 0 0 0 0 .5 0 0 0 0 0 0 0 0 0 0 0 0 0 0 0 0 0
'2A' .5 2 .5 4 1 1 .5 .5 0 0 0 .1 0 0 0 0 0 0 0 0 0 0 0 0 0 0 0 0
'2C' 2 .5 .5 4 0 .5 0 0 .5 0 0 0 0 0 0 0 0 0 0 .5 0 0 0 0 0 0 0 0
'2E' 30 1 1 3 1 .5 0 .5 0 0 0 .5 0 0 0 0 0 .5 0 0 0 0 0 0 0 0 0 0
'2G' 3 1 1 3 .5 2 0 0 0 0 .5 0 0 0 0 0 0 .1 0 .5 0 0 0 0 0 0 0 0
'2I' 1 .5 .5 3 .5 1 .5 .5 0 0 .5 0 0 0 0 0 0 0 0 0 0 0 0 0 0 0 0 0
'4A' 0 1 .1 1 1 1 0 0 0 0 .5 0 0 0 .5 0 0 0 0 0 0 0 0 0 0 0 0 0
'4C' .5 1 0 3 .5 2 .5 .5 0 0 0 0 0 0 0 0 0 0 0 0 0 1 0 0 0 0 0 0
'4E' 1 1 .5 4 1 2 .5 .5 0 0 0 0 .1 0 0 0 0 0 0 0 0 0 0 0 0 0 0 0
'4G' 0 .5 .5 4 .5 1 .5 .5 0 0 .5 0 0 0 0 0 0 0 0 0 0 0 0 .1 0 0 0 0
'4I' 0 1 0 3 1 1 .5 .5 0 0 .5 0 0 0 0 0 0 0 0 0 0 0 0 0 0 0 0 0
'6A' .5 .5 .5 3 2 2 .5 0 0 0 .5 0 0 0 0 0 0 0 0 0 0 0 0 0 0 0 0 0
'6C' .5 .5 1 4 1 4 .5 .5 0 0 0 0 0 0 0 0 0 0 0 .1 0 0 0 0 0 0 0 0
'6E' 1 1 1 4 .5 4 .5 .5 0 0 .5 0 0 0 0 0 0 0 0 0 0 0 0 0 0 0 0 .5
'6G' 0 .5 1 3 2 1 .5 .5 0 0 .5 0 0 0 0 0 0 0 0 0 0 0 0 0 0 0 0 0
'6I' 1 1 0 4 .5 1 .5 0 0 0 .5 0 0 .1 0 0 0 0 0 0 0 0 0 0 0 0 0 0
'8A' 2 2 1 3 .5 2 .5 .5 0 0 .5 0 0 0 0 0 0 0 0 .5 0 .5 0 0 0 0 0 .1
'8C' 3 .5 1 2 1 1 1 0 .5 0 .5 0 0 0 0 0 0 0 0 0 0 0 0 0 0 0 0 0
'8E' 0 1 .5 4 2 2 .5 1 .5 0 0 0 .1 0 0 0 0 0 0 0 0 .5 0 0 0 0 0 0
'8G' 1 1 0 3 .5 .5 .5 .5 0 0 .5 0 0 0 0 0 0 0 0 0 0 .5 0 0 0 0 0 0
'8I' .5 1 1 3 .5 1 .5 0 0 0 0 0 0 0 0 0 0 0 .5 0 0 0 0 0 0 0 0 0
