0a   0 70  0  1  0     0    .5  0 .5  0  0  0 .5  0  0  0  0  0  0  0  0  2 .1
     0 .5  0  0 .1     0     0 .1 .1 .1  0  0  0  0  0  0 .5 .1  0  0  0  0  0
0c   0 25  0 .5  0     0    .5  0  1  0  0  0 .5  0  0  0  2 .1 .5  0  2 50  0
    .1 .5  0  0 .1     0     0 .5 .5  0  0  0  0  0  0  0  0  0  0  0  0  0  0
0e   0 25  0 .1  0     0     0  0 .1  0 .5  0  1  0 .1  0  2  2  0  0  1 25  0
     0 .1 .1  0 .1     0     0 .5  1 .5  0  0 .1  0  1  0 .5  0  0 .1  0  0  0
0g   0 25  0  0  0     0    .5  0  1  0  3  0  2  0  0  0 .5  0  0  0  1 30  0
    .1 .5  0  0 .1    .1     0 .5  1 .5  0  0  0  0 .5  0  1 .5  0  0  0  0  0
0i   0 20  0 .1  0     0    .5  0 .5  0  2  0 .5  0  0  0  2  2 .5  0  1 25  0
     0 .5  0  0 .5     0     0 .5  1 .5  0  0  0  0  1  0  0  1  0  0  0  0  0
2a   0 15  0 .1  0     0    .5  0  1  0  4  0 .5  0  0  0  1  0  2  0  1 20  0
     0  0  0  0  0     0     0 .1  1  1  0  0  0  0 .5  0  0  1 .5  0  0  0  0
2c   0 15  0 .5  0     0     1  0  0  0  5  0  1  0  0  0  3  2 .5  0  1 10  0
     0 .5  0  0  0     0     0 .5  1  1  0  0  0  0  1  0  0  1 .1  0  0  0  0
2e   0 10  0  0  0     0    .5  0 .1  0 .5  0  0 .5  0  0  1  0  0  0 .5 25  0
    .1 .5  0  0 .5     0     0 .5 .5 .5  0  0  0  0  1  0  0 .5  0  0  0  0  0
2g   0 10  0 .5  0     0    .5  0 .5  0  2  0 .5 .1  0 .1  2  2 .5  0 .5 15  0
     0 .1  0  0  0     0     0 .1  2 .5  0  0  0  0  1  0  0 .5  0  0  0  0  0
2i   0 15  0 .5  0     0    .5  0 .5  0 .1  0  0  0  0  0  1  0  0  0 .5 60  0
    .1 .5  0  0  0     0     0 .5 .5 .5  0  0  0  0 .5  0  0 .5  0  0  0  0  0
4a   0  5  0 .5  0     0    .5  0 .5  1  5  0  2  0 .5  0  1 .1  0  0  0  5  0
     0 .1  0  0  0     0     0  0 .5 .5  0  0  0  0  1  0  0 .5 .5  0  0  0  0
4c   0 15  0 .5  0     0     1  0 .5  0  7  0  1  0  0  0 .5  0 .5  0  4 20  0
     0 .5  0  0  1     0     0 .5  2 .5  0  0  0  0 .5  0  0  1  0  0  0  0  0
4e   0 20  0 .1  0     0    .5  0  0  0  1  0  0  0 .1  0  1  0  0  0  1 50  0
     0  0  0  0 .1     0     0 .5 .5 .1  0  0  0 .1  1  0  0  1  0  0  0  0  0
4g   0 15  0 .1  0     0    .5  0  0  0  1  0  0 .5 .1  0  2  3 .5  0 .5 25  0
     0 .5  0  0  0     0     0 .1  1 .5  0  0  0  0  1  0  0  1  0  0  0  0  0
4i   0 10  0 .5  0     0     0  0 .1  0  2  0  2  0  0  0  1  1 10  0  2 40  0
     0 .1  0  0 .5     0     0 .1 .5 .1  0 .1  0 .1  0  0  0 .5  0  0  0  0  0
6a   0  2  0 .5  0     0    .5  0  0  0 10  0  3  0  0  0  5  2 .5  0  3 25  0
     0 .1  0  0 .5     0     0  0  1  0  0  0  0  0  1  0 .5  0  1  0  0  0  0
6c   0 15  0 .1  0     0    .1  0 .1  0  1  0 .5  0  0  0  0  0  0  0  0 50  0
    .1 .1 .1  0  0     0    .1 .1  1  1  0  0  0 .1 .5  0  0  1 .5  0 .5  0  0
6e   0 20  0  0  0     0    .5  0 .5  0  0  0  1  0 .5  0  5  1  0  0  2 25  0
     0 .1  0  0  0     0     0 .1 .5  1  0  0  0  0  0  0  0 .5  0  0  0  0  0
6g   0 25  0 .5  0     0     0  0 .1 .5  1  0  1  0  0 .5  5  8  2  0  2  5  0
     0 .5  0  0 .5     0    .1 .5  1 .1  0  0  0  0  1  0  0  0  1  0  0  0  0
6i   0 20  0 .1  0     0    .1  0 .1  0 .5  0 .5  0  0  0 .5  0  0  0  0 40  0
     0 .1  0  0 .5     0     0 .5 .5 .5  0 .1  0  0  0  0  0  0 .5  0  0  0  0
8a   0 15  0 .1  0     0     1 .1  0  0  0  0  0  0  0  0  0  0  0  0  0 70  0
     0 .5  0  0  0     0     0 .5 .1 .5  0  0  0  0 .5  0  0 .5  0  0  0  0  0
8c   0 20  0 .5  0     0     0  0 .5  0  0  0  0  0  0  0  0  0  0  0  0 65  0
     0 .1  0  0  0     0     0 .1  1 .1  0  0  0  0  0  0  0 .5  0  0  0  0  0
8e   0 15  0 .5  0     0    .5  0 .5  0 .5  0  0  0  0  0  0  0  0  0  0 65  0
    .1 .1  0  0 .5     0     0 .1 .5 .1  0  0  0  0 .5  0  0 .5  0  0  0  0  0
8g   0 10  0  0  0     0     1  0  0  0  2  0  1  0  0  0  5 10  0  0 10 15  0
     0 .1  0  0 .1     0     0 .5  2  1  0  0  0  0  1  0  0  1  1  0  0  0  0
8i   0 30  0 .1  0     0    .5  0 .1  0 .5  0  2  0  0  0  0 .5  0  0  0 35  0
     0 .1  0  0 .1     0     0 .5 .5 .1  0  0  0 .1 .5  0  0  1  0  0  0  0  0
