'1A' 0 0 0 0 25 40 0 0 0 0 0 0 0 0 0 0 0 0 0 0 0 0 0 0 0 0 0 0 0
0 0 0 0 0
0
'1B' 0 0 0 0 8 40 0 0 0 0 0 0 0 0 0 0 0 0 0 0 0 0 0 0 0 0 0 0 0
0 0 0 0 0
0
'1C' 0 0 0 0 50 40 0 0 0 0 0 0 0 0 0 0 0 0 0 0 0 0 0 0 0 0 0 0 0
0 0 0 .01 0
0
'1D' 0 0 0 0 0 70 0 0 0 0 0 0 0 20 0 0 0 0 0 0 0 0 0 0 0 0 0 0 0
0 0 0 .05 0
0
'1E' 10 0 0 0 35 35 0 .5 0 0 0 0 0 0 0 1 1 0 0 0 0 .02 0 0 0 0 .05 0 0
1 .5 0 0 0
0
'1F' 0 0 0 0 1 70 0 2 0 0 0 0 0 0 0 7 0 .01 0 0 0 .01 0 0 0 0 0 0 0
0 0 0 0 .05
0
'1G' 0 0 0 0 2 80 0 0 0 0 0 0 0 0 0 0 0 0 0 0 0 .01 0 0 0 0 0 0 0
0 0 .5 0 0
0
'1H' 0 0 0 0 10 30 0 2 0 0 0 0 0 0 0 0 0 0 0 0 0 .01 0 0 0 0 0 0 0
0 0 0 0 0
0
'1I' 0 0 0 0 25 25 0 0 0 0 0 0 0 40 0 0 .5 0 0 0 0 0 0 0 0 0 0 0 0
0 0 0 .05 0
0
'1J' 0 0 0 0 25 60 0 0 0 0 0 0 0 0 0 0 0 0 0 0 0 0 0 0 0 0 0 0 0
0 0 0 .02 0
0
'3A' 0 0 0 0 35 35 0 0 0 0 0 0 0 0 0 0 7 0 0 0 0 0 0 0 0 0 0 0 0
0 0 0 0 0
0
'3B' 0 0 0 0 45 20 0 7 0 0 0 0 0 0 0 0 0 1 .05 0 0 0 0 0 0 0 0 0 0
0 0 0 0 0
0
'3C' 3 0 0 0 2 55 0 1 0 0 0 0 0 0 0 1 0 0 0 0 0 0 0 0 0 0 0 0 0
0 0 0 0 0
0
'3D' 0 0 0 0 30 60 0 0 0 0 0 0 0 0 0 2 0 0 0 0 0 0 0 0 0 0 0 0 0
0 0 0 .01 0
0
'3E' 0 0 0 0 15 45 0 0 0 0 0 0 0 0 0 2 0 0 0 0 0 0 0 0 0 0 0 0 0
0 0 0 0 0
0
'3F' 0 0 0 0 1 3 0 0 0 0 0 0 0 0 0 0 0 0 0 0 0 0 0 0 0 0 0 0 0
0 0 0 0 0
0
'3G' 0 0 0 0 40 55 0 0 0 0 0 0 0 0 0 0 0 0 0 0 0 0 0 0 0 0 0 0 0
0 0 0 0 0
0
'3H' 0 0 0 0 65 25 0 0 0 0 0 0 0 0 0 0 0 0 0 0 0 0 0 0 0 0 0 0 0
0 2 0 0 0
0
'3I' 0 0 0 0 65 30 1 0 0 0 0 0 0 0 0 0 .5 0 0 0 0 0 0 0 0 0 0 0 .05
0 0 0 .03 0
0
'3J' 0 0 0 0 45 20 .05 0 0 0 0 0 0 0 0 0 0 0 0 0 0 .01 0 0 0 0 0 0 0
0 0 0 0 0
0
'5A' 0 0 0 0 5 80 0 0 0 0 0 0 0 0 0 0 0 0 0 0 0 .05 0 0 0 0 0 0 0
0 0 .5 0 0
0
'5B' 3 0 0 0 1 65 0 2 0 0 0 0 0 0 0 0 0 0 0 0 0 0 0 0 0 0 0 0 0
0 0 0 .01 0
0
'5C' 2 0 0 0 0 95 0 0 0 0 0 0 0 0 0 1 0 0 0 0 0 0 0 0 0 0 0 0 0
0 0 0 0 0
0
'5D' 0 0 0 0 40 45 1 0 0 0 0 0 0 0 0 0 5 0 0 0 0 0 0 0 0 0 0 0 0
0 0 0 0 0
0
'5E' 0 0 0 0 10 80 0 0 0 0 0 0 0 0 0 0 3 0 0 0 0 0 0 0 0 0 0 0 0
0 0 .5 0 0
0
'5F' 0 0 0 0 55 35 0 0 0 0 0 0 0 0 0 0 0 0 0 0 0 0 0 0 0 0 0 0 0
0 1 0 0 0
0
'5G' 0 0 0 0 30 20 0 0 0 0 0 0 0 0 0 0 1 0 0 0 0 0 0 0 0 0 0 0 .5
0 0 8 0 0
0
'5H' 0 0 0 0 8 30 0 0 0 0 0 0 0 0 0 20 3 0 0 0 0 0 0 0 0 0 0 0 0
0 0 0 0 0
0
'5I' 0 0 0 0 65 30 0 0 0 0 0 0 0 0 0 0 2 0 0 0 0 0 0 0 0 0 0 0 .7
0 0 0 0 0
0
'5J' 0 0 0 0 55 40 1 0 0 0 0 0 0 0 0 0 0 0 0 0 0 0 0 0 0 0 0 0 0
0 0 0 0 0
0
'7A' 0 0 0 1 3 85 0 0 0 0 0 0 0 0 0 5 0 0 0 0 0 .01 0 0 0 0 0 0 0
0 0 0 0 0
0
'7B' 2 0 0 0 .5 85 0 0 0 0 .01 0 0 0 0 3 0 0 0 0 0 0 0 0 0 0 0 0 0
0 0 0 0 0
0
'7C' 40 0 0 1 0 30 0 0 0 0 .5 0 0 0 0 5 0 0 0 0 0 0 0 0 0 0 0 0 0
0 0 0 .01 0
0
'7D' .5 0 0 0 25 30 0 7 0 0 0 0 0 0 0 1 0 0 0 0 0 .01 0 0 0 0 0 0 0
0 0 .5 0 0
0
'7E' 0 0 0 .5 10 70 0 0 0 0 0 0 0 0 0 8 0 .01 0 0 0 0 0 0 0 0 3 0 0
0 0 0 0 0
0
'7F' 0 0 0 0 60 3 0 0 0 0 0 0 0 0 0 0 0 0 0 0 0 0 0 0 0 0 0 0 20
0 0 0 0 0
0
'7G' 0 0 0 0 20 65 0 0 0 0 0 0 0 0 0 0 0 0 0 0 0 0 0 0 0 0 0 0 0
0 0 0 0 0
0
'7H' 0 0 0 0 25 35 0 0 0 0 0 0 0 0 0 0 5 0 0 0 0 0 0 0 0 0 0 0 .5
0 0 0 0 0
0
'7I' 0 0 0 0 45 35 0 0 0 0 0 0 0 0 0 0 2 0 0 0 0 .8 0 0 0 0 0 0 10
0 0 .5 0 0
0
'7J' 0 0 0 0 0 35 0 0 0 0 0 0 0 0 0 0 1 0 0 0 0 0 0 0 0 .01 0 0 25
0 0 0 0 0
0
'9A' 0 0 0 0 8 75 0 0 0 0 0 0 0 0 0 15 0 0 0 0 0 0 0 0 0 0 0 0 0
0 0 0 0 0
0
'9B' 0 0 0 5 .5 30 0 2 0 0 0 0 0 0 0 7 .5 .5 .01 0 0 .5 0 0 0 0 0 0 0
0 0 0 0 0
0
'9C' 1 0 0 0 10 80 0 0 0 0 0 0 0 0 0 .5 0 0 0 0 0 0 0 0 0 0 0 0 0
0 0 0 0 0
0
'9D' 0 0 0 0 10 75 0 0 0 0 0 0 0 0 0 0 0 0 0 0 0 0 0 0 0 0 0 0 0
0 0 0 .05 0
0
'9E' 0 0 0 2 30 35 0 0 0 0 0 0 0 0 0 0 0 .01 0 0 0 0 0 0 0 0 0 0 0
0 0 0 0 0
0
'9F' 0 0 0 .5 30 65 0 0 0 0 .5 0 0 0 0 3 0 0 0 0 0 0 0 0 0 0 0 0 0
0 0 0 0 0
0
'9G' 0 0 0 0 6 90 0 0 0 0 0 0 0 0 0 3 0 0 0 0 0 0 0 0 0 0 0 0 0
0 0 0 0 0
0
'9H' 0 0 0 0 45 30 0 0 0 0 0 0 0 0 0 0 0 0 0 0 0 .01 0 0 0 0 0 0 0
0 0 1 0 0
0
'9I' 0 0 0 0 0 95 0 0 0 0 0 0 0 0 0 0 0 0 0 0 0 0 0 0 0 0 0 0 0
0 0 0 0 0
0
'9J' 0 0 0 0 8 30 0 0 0 0 0 0 0 0 0 0 0 0 0 0 0 .01 0 0 0 0 0 0 0
0 0 .7 0 0
0
'1B' 0 0 0 0 20 60 0 0 0 0 0 0 0 0 0 0 0 0 0 0 0 0 0 0 0 0
0 0 0 0 0 0 0 0 0
'1D' 0 0 0 0 1 65 0 0 0 0 0 0 0 20 0 0 0 0 0 0 0 0 0 0 0 0
0 0 0 0 0 0 0 0 0
'1F' 0 0 0 0 5 60 0 3 0 0 0 0 0 0 0 6 0 0 0 0 0 .1 0 0 0 0
0 0 0 0 0 0 0 0 0
'1H' 0 0 0 0 8 25 0 2 0 0 0 0 0 0 0 0 0 0 .1 0 0 .1 0 0 0 0
0 0 0 0 0 0 0 0 0
'1J' 0 0 0 0 20 60 .5 0 0 0 0 0 0 0 0 0 0 0 0 0 0 0 0 0 0 0
0 0 0 0 0 0 .1 0 0
'3J' 0 0 0 0 60 15 .5 0 0 0 0 0 0 0 0 0 0 0 0 0 0 0 0 0 0 0
0 0 0 0 0 0 0 0 0
'3H' 0 0 0 0 60 40 0 0 0 0 0 0 0 0 0 0 0 0 0 0 0 0 0 0 0 2
0 0 0 0 0 0 0 0 0
'3F' 0 0 0 0 .5 2 0 0 0 0 0 0 0 0 0 0 0 0 0 0 0 0 0 0 0 0
0 0 0 0 0 0 0 0 0
'3D' 0 0 0 0 20 55 0 0 0 0 0 0 0 0 0 5 0 0 0 0 0 0 0 0 0 0
0 0 0 0 0 0 0 0 0
'3B' 0 0 0 0 50 20 0 5 0 0 0 0 0 0 0 5 0 0 0 .5 0 0 0 0 0 0
0 0 0 0 0 0 0 0 0
'5B' 5 0 0 0 .5 65 0 2 0 0 0 0 0 0 0 .5 0 0 0 0 0 0 0 0 0 0
0 0 0 0 0 0 0 0 0
'5D' 0 0 0 0 40 40 1 0 0 0 0 0 0 0 0 0 5 0 0 0 0 0 0 0 0 0
0 0 0 0 0 0 0 0 0
'5F' 0 0 0 0 50 35 0 0 0 0 0 0 0 0 0 0 0 0 0 0 0 0 0 0 0 0
0 0 0 0 1 0 0 0 0
'5H' 0 0 0 0 20 15 0 0 0 0 0 0 0 0 0 15 7 0 0 0 0 0 0 0 0 0
0 0 0 0 0 0 0 0 0
'5J' 0 0 0 0 75 15 2 0 0 0 0 0 0 0 0 0 0 0 0 0 0 0 0 0 0 0
0 0 0 0 0 0 0 0 0
'7J' 0 0 0 0 .5 25 0 0 0 0 0 0 0 0 0 0 1 0 0 0 0 0 0 0 0 0
0 0 30 0 .5 0 0 0 0
'7H' 0 0 0 0 35 40 0 0 0 0 0 0 0 0 0 0 6 0 0 0 0 .1 0 0 0 0
0 0 .5 0 0 0 0 0 0
'7F' 0 0 0 0 60 15 0 0 0 0 0 0 0 0 0 0 0 0 0 0 0 0 0 0 0 0
0 0 20 0 0 0 0 0 0
'7D' .5 0 0 0 10 60 0 10 0 0 0 0 0 0 0 1 0 0 0 0 0 .5 0 .1 0 0
0 0 0 0 0 0 0 0 0
'7B' 2 0 0 0 1 80 0 0 0 0 .1 0 0 0 0 2 0 0 0 0 0 0 0 0 0 0
0 0 0 0 0 0 0 0 0
'9B' 0 0 0 1 .5 30 0 2 0 0 .1 0 0 0 0 7 0 0 .1 0 0 2 0 0 0 0
0 0 0 0 0 0 0 0 .1
'9D' 0 0 0 0 15 65 0 0 0 0 0 0 0 0 0 0 0 0 0 0 0 0 0 0 0 0
0 0 0 0 0 0 0 0 0
'9F' 0 0 0 0 35 45 .1 0 0 0 .5 0 0 0 0 6 0 0 0 0 0 0 0 0 0 0
0 0 0 0 0 0 0 0 0
'9H' 0 0 0 0 30 25 0 0 0 0 0 0 0 0 0 0 0 0 0 0 0 .5 0 0 0 0
0 0 0 0 0 1 0 0 0
'9J' 0 0 0 0 45 15 0 0 0 0 0 0 0 0 0 0 0 0 0 0 0 0 0 0 0 0
0 0 0 0 0 .5 0 0 0
