1B1  0  0  0  0  0  0  0  0 .1  0  4  0  0  0  0  0 .1  0  0  0  0  0  0 10 .1
1B2  0  0  0  0  0  0  0  0  0  0  0  0  0 .5  0  0  0  0  0  0  0  0  0  0  0
1B3  0  0  0  0  0  0  0  0  0  0  0  0
1D1  0 .1  0  0  0  0  0  0 .5  0 .5  0  0  0  0  0  0  0  0  0  0 .1  0  8  0
1D2  0  0  0  0  0  0  0  0  0  0  0  0  0  0  0  0  0  0  0  0  0  0  2  0  0
1D3  0  0  0  0  0  0  0  0  0  0  0  0
1F1  0  0  0  0  0  0  0  0  0  0  0  0  0  0  2  0  0  0  0  0  0 .1  0  9 .1
1F2  0  0  0  0  0  0  0  0 .1  0  0  0 .5  0  0  0  0  0  0  0  0  0  0  0  0
1F3  0 .1 .1 .1  0  5  0  1  0  0  0  0
1H1  0  0  0  0  0  0  0  0  0  0  0  0 .5 .5  0  0  0  0  0  0  0 .1  0  8 .5
1H2  0  0  0  0  0  0  0  0  0  0  0  0 .1  0  0  0  0  0  0 .1  0  0  0  0  0
1H3  0  0  0 .1  0  0  0  0  0  0  0  0
1J1  0  0  0  0  0  0  0  0  0  0  0  0  0  0  0  0  0  0  0  0  0 .1  0  5  0
1J2  0  0  0  0  0 .5 .1  0  0  0  0 .1  0  0 .1  0  0  0  0  0  0  0  0  0  0
1J3  0 .1  0 .5  0 .5  0 .5  0  0  0  0
3B1  0  0  0  0  0  0  0  0  0  0  0  0  0  0  0  0  0  0  0  0  0  0  0  7 .1
3B2  0  0  0  0  0  0  0  0  0  0  0  0  0 .1  0  0  0  0  0  0  0  0  0  0  0
3B3  0  0 .1 .5  0  0  0 .1  0  0  0  0
3D1  0  0  0  1  0  0  0  0  0  0 .1 .1 .1  0  0  0  0  0  0  0  0 .1  0 20  0
3D2  0  0  0  0  0  0  0  0  0  0  0  0  0 .5  0  0  0  0  0  0  0  0  0  0  0
3D3  0  0  0  0  0  0  0  0  0 .5  0  0
3F1  0  0  0  0  0  0  0  0  0  0  0  0  0  0  0  0  0  0  0  0  0 .1  0 20 .1
3F2 .5  0  0  0  0  0  0  0  0  0  0  0 .1  0  0  0  0  0  0  0  0  0  0  0  0
3F3  0  0  0 .1  0  0  0  0  0  0  0  0
3H1  0  0  0  1  0  0  0  0 .1  0 35 .1 .1  0  0  0  0  0  0  0  0  0  0  1  0
3H2  0  0  0  0  0  0  0  0  0  0  0  0  0 .5  0  0  0  0  0  0  0  0  0  0  0
3H3  0  0  0 .1  0  0  0  0  0  0  0  0
3J1  0  0  0  0  0  0  0  0  0  0 .1  0  0  0  0  0  0  0  0  0  0 .1  0 12  0
3J2  0  0  0  0  0  0  0  0  0  0  0  0 .1  0  0  0  0  0  0  0  0  0  0  0  0
3J3  0  0  0 .1  0  0  0  0  0  0  0  0
5B1  0 .1  0  1  0  0  0  0  0  0 .5  0 .1  0  0  0  0  0  0  0  0  0  0  7  0
5B2  0  0  0  0  0 .1  0  0  0  0  0  0  0  0  0  0  0  0  0  0  0  0  0  0  0
5B3  0  0  0 .1  0  0  0  0  0  0  0  0
5D1  0  0  0  0  0  0  0  0  0  0  0 .1  0  0  0  0  0  0  0  0  0  0  0  0  0
5D2  0  0  0  0  0  0  0  0  0  0  0  0  0  0  0  0  0  0  0  0  0  0  0  0  0
5D3  0 .1 .1 .5  0 .1  0  0  0 .1  0  0
5F1  0  0  0  2  0  0  0  0  0  0  0 .1  0  0  0  0  0  0  0  0  0  0  0  4  0
5F2  0  0  0  0  0 .1  0  0  0  0  0 .1  0 .1 .1  0  0  0  0  0  0  0  0  0  0
5F3  0  0  0  1  0 .5  0 .5  0  0  0  0
5H1  0  0  0  0  0  0  0  0  0  0  0  0 .1  0  0  0  0  0  0  0  0  0  0  7  0
5H2  0  0  0  0  0  0  0  0  0  0  0  0  0 .1  0  0  0  0  0  0  0  0  0  0  0
5H3  0  0  0 .1  0  0  0  0  0  0  0  0
5J1  0  0  0  0  0  0  0  0  0  0  0  0 .1  0  0  0  0  0  0  0  0 .1  0 80 .5
5J2  0  0  0  0  0 .1  0  0  0  0  0  0 .1 .1  0  0  0  0 .5  0  0  0  0  0  0
5J3  0  0  0  0  0  0  0  0  0  0  0  0
7B1  0  0  0 .1  0  0  0  0  0  0  3 .1  0  0  0  0  0  0  0  0  0 .1 .5 20  0
7B2  0  0  0  0  0 .1  0  0  0  0  0  0  0 .5  0  0  0  0  0  0  0  0  0  0  0
7B3  0  0 .1 .5  0  0  0  0 .1  0  0  0
7D1  0  0  0  0  0  0  0  0  0  0  0  0 .1  0  0  0  0  0  0  0  0 .1 .1 50  0
7D2 .5  0  0  0  0 .1  0  0  0  0  0  0 .1 .5  0  0  0  0 .1  0  0  0  0  0  0
7D3  0  0  0 .1  0  0  0  0  0  0  0  0
7F1  0  0  0 .1  0  0  0  0  0  0  0  0  0  0  0  0  0  0  0  0  0  0  0  3  0
7F2  0  0  0  0  0  0  0  0  0  0  0  0  0 .1  0  0  0  0  0  0  0  0  0  0  0
7F3  0  0  0  0  0  0  0  0  0  0  0  0
7H1  0  0 .5 .1  0  0  0  0  0  0  0  0 .5 .1  0  0  0  0  0  0  0 .1  0 15  0
7H2  0  0  0  0  0 .1  0  0  0  0  0 .1  0 .1  0  0  0  0 .1  0  0  0  0  0  0
7H3  0  0 .1 .5 .1  0  0  0  0  0  0  0
7J1  0 .1  0  2  0  0  0  0  0  0 .1  0  0  0  0  0  0  0  0  0  0  0  0 12  0
7J2  0  0  0  0  0  0  0  0  0  0  0  0  0 .1  0  0  0  0  0  0  0  0  0  0  0
7J3  0  0  0  0  0  0  0  0  0  0  0  0
9B1  0  0  0  0  0  0  0  0  0  0  0  0  0  0  0  0  0  0  0  0  0  0  0  8 .1
9B2 .5  0  0  0  0  0  0  0  0  0  0  0  0  0  0  0  0  0 .1  0  0  0  0  0  0
9B3  0  0  0  0  0  0  0  0  0  0  0  0
9D1  0  0  0 .5  0  0  0  0  0  0 .5  0  0  0  0  0  0  0  0  0  0  0 .1 20 .1
9D2  0  0  0  0  0 .1  0  0  0  0  0  0  0 .1  0  0  0  0  0  0  0  0  0  0  0
9D3  0  0  0  0  0  0  0  0  0  0  0  0
9F1  0  0  0 .5  0  0  0  0  0  0 .1  0 .1  0  0  0  0  0  0  0  0 .1  0 40 .1
9F2 .5  0  0  0  0  0  0  0  0  0  0  0 .5 .5  0  0  0  0 .5  0  0  0  0  0  0
9F3  0  0  0 .1  0  0  0  0  0  0  0  0
9H1  0  0  2  0  0  0  0  0  0  0 .5  0 .1  0  0  0  0  0  0  0  0  0  0  2  0
9H2 .5  0  0  0  0 .1  0  0 .1  0  0 .1 .1 .5 .1  0  0  0  0  0  0  0  0  0  0
9H3  0  0  0 .5  0  1  0 .5  2  0  0  0
9J1  0 .5  0  4  0  0  0  0  0  0 10  0  0  0  0  0  0  0  0  0  0  0  0  0  0
9J2  0  0  0  0  0  0  0  0  0  0  0  0  0  0  0  0  0  0  0  0  0  0  0  0  0
9J3  0  0  0  0  0  0  0  0  0  0  0  0
1B1  0  0  0  1  0  0  0  0 .5  0  4  0  0  0  0  0 .5  0  0  0  0  0  0 10 .1
1B2  0  0  0  0  0  0  0  0  0  0  0  0  0 .5  0  0  0  0  0  0  0  0  0  0  0
1B3  0  0 .1 .1  0  0  0  0  0  0  0  0
1D1  0  0 .5  0  0  0  0  0  0  0 .5  0  0  0  0  0  0  0  0  0  0  0  0  8  0
1D2  0  0  0  0  0  0  0  0  0  0  0  0  0  0  0  0  0  0  0  0  0  0  5  0  0
1D3  0  0  0  0  0  0  0  0  0  0  0  0
1F1  0  0  0  0  0  0  0  0  0  0  0  0  0  0  0  0  3  0  0  0  0 .5  0  7 .1
1F2  0  0  0  0  0 .1  0  0  0  0  0  0 .5  0  0  0  0  0  0  0  0  0  0  0  0
1F3  0 .5 .1  0  0  4  0  2  1  0  0  0
1H1  0  0  0 .1  0  0  0  0  0  0  0  0 .1  1  0  0  0  0  0  0  0 .1  0  8 .5
1H2  0  0  0  0  0  0  0  0  0  0  0  0 .5  0  0  0  0  0  0  0  0  0  0  0  0
1H3  0  0  0 .1  0  0  0  0  0  0  0  0
1J1  0  0  0  0  0  0  0  0  0  0  0  0  0  0  0  0  0  0  0  0  0 .1  0  5  0
1J2  0  0  0  0  0  1 .1  0  0  0  0  0  0 .5  0  0  0  0  0  0  0  0  0  0  0
1J3  0 .1  0 .5  0  0  0  2  1  0  0  0
3B1  0  0  0  0  0  0  0  0  0  0  0  0  0  0  0  0  0  0  0  0  0  0  0  8 .5
3B2  0  0  0  0  0  0  0  0  0  0  0  0  0 .1  0  0  0  0  0  0  0  0  0  0  0
3B3  0  0 .5 .5  0  0  0  0  0  0  0  0
3D1  0  0  1  2  0  0  0  0  0  0  0  0 .1  0  0  0 .1  0  0  0  0  0  0 15  0
3D2  0  0  0  0  0  0  0  0  0  0  0  0  0 .1  0  0  0  0  0  0  0  0  0  0  0
3D3  0  0  0  0  0  0  0  0 .1 .1  0  0
3F1  0  0  0  0  0  0  0  0  0  0  0  0  0  0  0  0  0  0  0  0  0 .1  0 25 .1
3F2 .5  0  0  0  0  0  0  0  0  0  0  0  0 .1  0  0  0  0  0  0  0  0  0  0  0
3F3  0  0  0 .1  0  0  0  0  0  0  0  0
3H1  0  0  1  0  0  0  0  0  0  0 35  0  0  0  0  0  0  0  0  0  0  0  0  1  0
3H2  0  0  0  0  0  0  0  0  0  0  0  0  0 .5  0  0  0  0  0  0  0  0  0  0  0
3H3  0  0  0 .1  0  0  0  0  0  0  0  0
3J1  0  0  0  0  0  0  0  0  0  0  0  0  0  0  0  0  0  0  0  0  0 .1  0 12  0
3J2  0  0  0  0  0  0  0  0  0  0  0  0  0  0  0  0  0  0 .1  0  0  0  0  0  0
3J3  0  0  0 .1  0  0  0  0  0  0  0  0
5B1  0  0 .1  1  0  0  0  0  1  0  3  0 .5  0  0  0  0  0  0  0  0 .1  0  6  0
5B2  0  0  0  0  0 .1  0  0  0  0  0  0  0 .5 .1  0  0  0  0  0  0  0  0  0  0
5B3  0  0  0 .1  0  0  0  0  0  0  0  0
5D1  0  0 .1  0  0  0  0  0  0  0  0  0  0  0  0  0  0  0  0  0  0  0  0  0  0
5D2  0  0  0  0  0  0  0  0  0  0  0  0  0  0  0  0  0  0  0  0  0  0  0  0  0
5D3  0  0  0 .5 .1  0  0  0 .1 .1  0  0
5F1  0  0  2  0  0  0  0  0  0  0 .5  0  0  0  0  0  0  0  0  0  0 .1  0  4  0
5F2  0  0  0  0  0 .1  0  0  0  0  0  0 .5 .5 .1  0  0  0  0  0  0  0  0  0  0
5F3  0 .1 .1  1  0 .5  0 .5 .5 .1  0 .1
5H1  0  0  0  0  0  0  0  0  0  0 .5  0  0  0  0  0  0  0  0  0  0  0  0 10 .1
5H2  0  0  0  0  0  0  0  0  0  0  0  0  0 .5  0  0  0  0  0  0  0  0  0  0  0
5H3  0  0  0 .1  0  0  0  0  0  0  0  0
5J1  0  0  0  0  0  0  0  0  0  0  0  0  0 .5  0  0  0  0  0  0  0 .1  0 80 .5
5J2  0  0  0  0  0  0  0  0  0  0  0  0 .1 .1  0  0  0  0 .1  0  0  0  0  0  0
5J3  0  0  0  0  0  0  0  0  0  0  0  0
7B1  0  0 .5 .1  0  0  0  0  0  0  5  0  0  0  0  0  0  0  0  0  0 .1  0 15  0
7B2  0  0  0  0  0 .1  0  0  0  0  0 .1  0 .5  0  0  0  0  0  0  0  0  0  0  0
7B3  0  0  0 .1  0  0  0  0 .5  0  0  0
7D1  0  0  0  0  0  0  0  0  0  0  0  0 .1  0  0  0  0  0  0  0  0 .5 .1 40 .1
7D2 .5  0  0  0  0 .1 .1  0  0  0  0  0 .1 .5  0  0  0  0 .1  0  0  0  0  0  0
7D3  0  0  0 .1  0  0  0  0  0  0  0  0
7F1  0  0  0  0  0  0  0  0  0  0 .1  0  0  0  0  0  0  0  0  0  0  0  0  4  0
7F2  0  0  0  0  0  0  0  0  0  0  0  0  0  0  0  0  0  0  0  0  0  0  0  0  0
7F3  0  0  0  0  0  0  0  0  0  0  0  0
7H1  0  0  0  0  0  0  0  0  0  0  0  0 .1 .1  0  0  0  0  0  0  0  0  0 12  0
7H2  0  0  0  0  0 .1  0  0  0  0  0 .1  0 .1 .1  0  0  0 .1  0  0  0  0  0  0
7H3  0 .1  0 .5  0  0  0 .1 .1  0  0 .1
7J1  0  0  2 .5 .5  0  0  0  0  0 .1  0  0  0  0  0  0  0  0  0  0  0  0 20 .1
7J2  0  0  0  0  0  0  0  0  0  0  0  0  0  0  0  0  0  0  0  0  0  0  0  0  0
7J3  0  0  0  0  0  0  0  0  0  0  0  0
9B1  0  0  0  0  0  0  0  0  0  0  0  0  0  0  0  0  0  0  0  0  0  0  0 12 .1
9B2 .1  0  0  0  0  0  0  0  0  0  0  0  0  0  0  0  0  0  0  0  0  0  0  0  0
9B3  0  0  0 .1  0  0  0  0  0  0  0  0
9D1  0  0  0 .5  0  0  0  0  0  0 .5  2  0  0  0  0  0  0  0  0  0  0  0 20  0
9D2  0  0  0  0  0 .1  0  0  0  0  0  0 .1  0  0  0  0  0  0  0  0  0  0  0  0
9D3  0  0  0 .1  0  0  0  0  0  0  0  0
9F1  0  0 .5 .1  0  0  0  0  0  0 .5  0  0  0  0  0  0  0  0  0  0 .5  0 40  0
9F2 .5  0  0  0  0  0  0  0  0  0  0  0  0 .5  0  0  0  0 .5  0  0  0  0  0  0
9F3  0  0  0 .1  0  0  0  0  0  0  0  0
9H1  0  0  3  0  0  0  0  0  0  0  1  0 .5  0  0  0  0  0  0  0  0  0  0  5  0
9H2  0  0  0  0  0  0  0  0  0  0  0 .1  0  1  0  0  0  0  0  0  0  0  0  0  0
9H3  0  0  0 .5  0  3  0 .5  4  0  0  0
9J1  0  0  1  5  0  0  0  0  0  0 10  0  0  0  0  0  0  0  0  0  0  0  0  0  0
9J2  0  0  0  0  0  0  0  0  0  0  0  0  0  0  0  0  0  0  0  0  0  0  0  0  0
9J3  0  0  0  0  0  0  0  0  0  0  0  0
1B1  0  0 .5  2  0  0  0  0  0  0  5  0  0  0  0  0 .5  0  0  0  0 .5  0 20  0
1B2  0  0  0  0  0  0  0  0  0  0  0  0  0 .5  0  0  0  0  0  0  0  0  0  0  0
1B3  0  0  0 .1  0  0  0  0  0  0  0  0
1D1  0  0 .5  0  0  0  0  0 .5  0 .5  0  0  0  0  0  0  0  0  0  0  0  0 12 .1
1D2  0  0  0  0  0 .1  0  0  0  0  0  0  0 .1  0  0  0  0  0  0  0  0  0  0  0
1D3  0  0  0 .1  0  0  0  0  0  0  0  0
1F1  0  0  0  0  0  0  0  0  0  0  0  0  0 .1  0  0  3  0  0  0  0 .1  0  8 .1
1F2  0  0  0  0  0 .5  0  0  0  0  0  0  0  1  0  0  0  0  0  0  0  0  0  0  0
1F3  0 .1  0 .5  0  6  0  1  2 .5  0  0
1H1  0  0  0  0  0  0  0  0  0  0  0  0 .5  1  0  0  0  0  0  0  0 .5  0 15 .5
1H2  0  0  0  0  0  0  0  0  0  0  0  0  0 .5  0  0  0  0  0 .1  0  0  0  0  0
1H3  0  0  0 .5  0  0  0  0 .1 .1  0  0
1J1  0  0  0  0  0  0  0  0  0  0  0  0  0  0  0  0  0  0  0  0  0  0  0  8  0
1J2  0  0  0  0  0  1 .1 .1  0  0  0  0  0 .5  0  0  0  0  0  0  0  0  0  0  0
1J3  0 .1 .5 .5  0  1  0  1 .5 .5  0 .1
3B1  0 .1 .1  0  0  0  0  0  0  0  0  0  0  0  0  0 .1  0  0  0  0  0  0  8 .5
3B2  0  0  0  0  0  0  0  0  0  0  0  0  0 .5  0  0  0  0  0  0  0  0  0  0  0
3B3  0  0 .5 .5  0  0  0 .5 .5  0  0  0
3D1  0  0 .5  0  0  0  0  0  0  0 .5  0  0  0  0  0 .1  0  0  0  0  0  0 20  0
3D2  0  0  0  0  0  0  0  0  0  0  0  0  0 .5  0  0  0  0  0  0  0  0  0  0  0
3D3  0  0  0  0  0  0  0  0 .5 .5  0  0
3F1  0  0  0  1  0  0  0  0  0  0  0  0  0  0  0  0  0  0  0  0  0 .1  0 25 .1
3F2  1  0  0  0  0  0  0  0  0  0  0  0  0 .1  0  0  0  0  0  0  0  0  0  0  0
3F3  0  0  0 .1  0  0  0  0 .1  0  0  0
3H1  0  0 .5  2  1  0  0  0 .5  0 30  0 .1  0  0  0 .5  0  0  0  0  0  0  1  0
3H2  0  0  0  0  0  0  0  0  0  0  0  0  0  1  0  0  0  0  0  0  0  0  0  0  0
3H3  0  0  0  0  0  0  0  0  0  0  0  0
3J1  0  0  0  0  0  0  0  0  0  0  0  0  0  0  0  0  0  0  0  0  0 .1  0 15  0
3J2  0  0  0  0  0  0  0  0  0  0  0  0  0 .5  0  0  0  0  0  0  0  0  0  0  0
3J3  0  0  0 .1  0  0  0  0  0  0  0  0
5B1  0  0 .5  1  0  0  0  0 .5  0  1  0 .5  0  0  0  0  0  0  0  0 .1  0 10  0
5B2  0  0  0  0  0 .5  0  0  0  0  0  0  0  0  0  0  0  0  0  0  0  0  0  0  0
5B3  0  0  0 .1  0  0  0  0 .1  0  0  0
5D1  0  0  0  0  0  0  0  0  0  0  0  0  0  0  0  0  0  0  0  0  0  0  0  0  0
5D2  0  0  0  0  0  0  0  0  0  0  0  0  0  0  0  0  0  0  0  0  0  0  0  0  0
5D3  0  0 .1 .5 .1 .1  0  0 .5  0  0 .1
5F1  0 .1 .5  2  0  0  0  0  0  0 .5  0  0  0  0  0  0  0  0  0  0  0  0  7  0
5F2  0  0  0  0  0  0  0  0  0  0  0  0  0 .5 .5  0  0  0  0  0  0  0  0  0  0
5F3  0  0 .5  1  0 .5  0 .5 .5 .1  0  0
5H1  0 .1  0  0  0  0  0  0  0  0 .5  0 .1  0  0  0  0  0  0  0  0  0  0 20  0
5H2  0  0  0  0  0 .1  0  0  0  0  0 .1  0 .5  0  0  0  0  0  0  0  0  0  0  0
5H3  0  0  0 .1  0 .1  0  0  0  0  0  0
5J1  0  0  0  0  0  0  0  0  0  0  0  0 .1  0  0  0  0  0  0  0  0  0  0 80 .5
5J2  0  0  0  0  0  0  0  0  0  0  0 .1  0 .5 .1  0  0  0 .5  0  0  0  0  0  0
5J3  0  0  0 .1  0  0  0  0  0  0  0  0
7B1  0  0 .5 .5  0  0  0  0  0  0  4  0  0  0  0  0 .5  0  0  0  0  0  0 35  0
7B2  0  0  0  0  0 .1  0  0  0  0  0  0  0 .5 .1  0  0  0  0  0  0  0  0  0  0
7B3  0  0  0 .1  0  0  0  0 .5  0  0  0
7D1  0  0  0  0  0  0  0  0  0  0  0  0 .5  0  0  0  0  0  0  0  0 .1  0 50  0
7D2 .5  0  0  0  0 .1 .1  0  0  0  0  0  0 .5  0  0  0  0  0  0  0  0  0  0  0
7D3  0  0  0  0  0  0  0  0  0  0  0  0
7F1  0  0  0  0  0  0  0  0  0  0 .1  0  0  0  0  0  0  0  0  0  0  0  0  5  0
7F2  0  0  0  0  0  0  0  0  0  0  0  0  0  0  0  0  0  0  0  0  0  0  0  0  0
7F3  0  0  0 .1  0  0  0  0  0  0  0  0
7H1  0  0 .5 .1  0  0  0  0  0  0  0  0 .5 .1  0  0  0  0  0  0  0 .1  0 25  0
7H2  0  0  0  0  0 .1  0  0  0  0  0 .1  0 .1  0  0  0  0  0  0  0  0  0  0  0
7H3  0  0  0 .5  0  0  0  0 .1  0  0  0
7J1  0 .1  0  2  2  0  0  0  0  0 .5  0  0  0  0  0  0  0  0  0  0  0  0 25  0
7J2  0  0  0  0  0  0  0  0  0  0  0  0  0 .5  0  0  0  0  0  0  0  0  0  0  0
7J3  0  0  0  0  0  0  0  0  0  0  0  0
9B1  0  0  0  0  0  0  0  0  0  0  0  0  0  0  0  0  0  0  0  0  0 .1  0 20  0
9B2 .5  0  0  0  0  0  0  0  0  0  0  0  0  0  0  0  0  0  0  0  0  0  0  0  0
9B3  0  0  0 .1  0  0  0  0  0  0  0  0
9D1  0  0  0 .5  2  0  0  0  0  0  1  0  0  0  0  0  0  0  0  0  0  0  0 35  0
9D2  0  0  0  0  0 .1  0  0  0  0  0  0  0 .5  0  0  0  0  0  0  0  0  0  0  0
9D3  0  0  0 .1  0  0  0  0  0  0  0  0
9F1  0  0  0  0 .5  0  0  0  0  0 .5  0 .1  0  0  0  0  0  0  0  0 .5  0 50  0
9F2 .1  0  0  0  0 .1  0  0  0  0  0 .1  0 .5  0  0  0  0 .1  0  0  0  0  0  0
9F3  0  0  0  0  0  0  0  0  0  0  0  0
9H1  0 .5  2  0  0  0  0  0  0  0 .5  0 .5  0  0  0  0  0  0  0  0  0  0  4  0
9H2  0  0  0  0  0 .5  0  0  0  0  0 .1  0  1  0  0  0  0  0  0  0  0  0  0  0
9H3  0  0  0 .5  0  2  0 .5  4 .5  0  0
9J1  0 .5  0  6  0  0  0  0  0  0 20  0  0  0  0  0  0  0  0  0  0  0  0  0  0
9J2  0  0  0  0  0  0  0  0  0  0  0  0  0  0  0  0  0  0  0  0  0  0  0  0  0
9J3  0  0  0 .1  0  0  0  0  0 .1  0  0
1B1  0  0  0  2  0  0  0  0 .5  0  8  0  0  0  0  0 .5  0  0  0  0 .1  0 17  0
1B2  0  0  0  0  0  0  0  0  0  0  0  0  0 .5 .1  0  0  0  0  0  0  0  0  0  0
1B3  0  0  0 .1  0  0  0  0  0  0  0  0
1D1  0  0 .5  0  0  0  0  0  0  0  1  0  0  0  0  0  0  0  0  0  0 .1  0 12 .1
1D2 .5  0  0  0  0  0  0  0  0  0  0  0  0 .1  0  0  0  0  0  0  0  4  0  0  0
1D3  0  0  0  0  0  0  0  0  0  0  0  0
1F1  0  0  0  0  0  0  0  0  0  0  0  0  0  0  0  0  4  0  0  0  0 .5  0  8 .5
1F2  0  0  0  0  0 .5  0  0  0  0  0 .1 .5  1 .5  0  0  0  0  0  0 .5  0  0  0
1F3  0 .1 .1 .5 .1  6  0  2  0  0  0 .1
1H1  0 .5  0 .1  0  0  0  0  0  0 .1  0 .5 .5  0  0  0  0  0  0  0 .5  0 12 .5
1H2  0  0  0  0  0 .1 .1  0  0  0  0  0 .5 .1  0  0  0  0  0  0  0  0  0  0  0
1H3  0  0  0 .5  0  0  0  0 .1 .1  0  0
1J1  0  0 .1  0  0  0  0  0  0  0  0  0  0  0  0  0  0  0  0  0  0 .5  0  6  0
1J2  0  0  0  0  0 .5 .1  0 .5  0  0 .1  0  1 .5  0  0  0  0  0  0  0  0  0  0
1J3  0 .1 .1 .5  0  1  0  1  1 .5  0 .1
3B1  0 .1 .1  0  0  0  0  0  0  0 .1  0  0  0  0  0 .1  0  0  0  0  0  0 10  0
3B2  0  0  0  0  0  0  0  0  0  0  0  0  0 .5  0  0  0  0  0  0  0  0  0  0  0
3B3  0  0 .1 .5  0 .1  0 .5 .5  0  0 .1
3D1  0  0 .5  3  0  0  0  0  0  0 .5  0 .5  0  0  0  0  0  0  0  0 .1  0 30  0
3D2  0  0  0  0  0  0  0  0  0  0  0  0 .1 .5  0  0  0  0  0  0  0  2  0  0  0
3D3  0  0  0  0  0  0  0  0 .5 .5  0  0
3F1  0  0  0  0  0  0  0  0  0  0  0  0  0  0  0  0  0  0  0  0  0 .5  0 35  0
3F2  2  0  0  0  0  0  0  0  0  0  0  0  0 .1  0  0  0  0  0  0  0  0  0  0  0
3F3  0  0  0 .1  0  0  0  0  0  0  0  0
3H1  0  0 .5  2  1  0  0  0 .5  0 40  0 .5  0  0  0  0  0  0  0  0  0  0  2  0
3H2  0  0  0  0  0  0  0  0  0  0  0  0  0  1  0  0  0  0  0  0  0  0  0  0  0
3H3  0  0  0 .1  0  0  0  0  0  0  0  0
3J1  0  0  0  0  0  0  0  0  0  0 .1  0  0  0  0  0  0  0  0  0  0 .5  0 20  0
3J2  0  0  0  0  0  0  0  0  0  0  0  0 .1  0  0  0  0  0  0  0  0  0  0  0  0
3J3  0  0  0 .1  0  0  0  0  0  0  0  0
5B1  0  0  0 .5  0  0  0  0 .5  0  3  0 .5  0 .1  0  0  0  0  0  0  0  0 10  0
5B2  0  0  0  0  0 .5  0  0  0  0  0 .1  0 .1  0  0  0  0  0  0  0  0  0  0  0
5B3  0  0  0 .1  0  0  0  0 .5  0  0  0
5D1  0  0  1  0  0  0  0  0  0  0  0  0  0  0  0  0  0  0  0  0  0  0  0  0  0
5D2  0  0  0  0  0  0  0  0  0  0  0  0  0  0  0  0  0  0  0  0  0  0  0  0  0
5D3  0  0 .1 .5  0  0  0 .1 .1 .1  0 .5
5F1  0 .5 .5  3  0  0  0  0 .1  0 .1  0  0  0 .5  0  0  0  0  0  0 .1  0  8  0
5F2  0  0  0  0  0 .1  0  0  0  0  0 .1 .5 .5 .1  0  0  0  0  0  0  0  0  0  0
5F3  0  0 .5  1  0  0  0 .5 .5 .5  0 .1
5H1  0  0  0  0  0  0  0  0  0  0 .5  0 .5  0  0  0  0  0  0  0  0  0  0 15 .1
5H2  0  0  0  0  0 .1  0  0  0  0  0 .1  0 .5 .1  0  0  0  0  0  0  0  0  0  0
5H3  0  0  0 .1  0  0  0  0  0  0  0  0
5J1  0  0  0  0  0  0  0  0  0  0  0  0 .1 .1  0  0  0  0  0  0  0 .1  0 75 .5
5J2  0  0  0  0  0  0  0  0  0  0  0  0 .5  0 .5  0  0  0  1  0  0  0  0  0  0
5J3  0  0 .1 .1  0  0  0  0  0  0  0  0
7B1  0 .5 .5 .5  0  0  0  0 .5  0  5  0  0  0  0  0  0  0  0  0  0 .1  0 25  0
7B2  0  0  0  0  0 .5  0  0  0  0  0  0  0 .5 .1  0  0  0  0  0  0  0  0  0  0
7B3  0  0 .1 .5  0  0  0  0 .5 .1  0  0
7D1  0  0 .1  0  0  0  0  0  0  0  0  0 .5  0  0  0  0  0  0  0  0 .5 .5 40 .1
7D2 .5  0  0  0  0 .1  0  0  0  0  0  0 .5 .5  0  0  0  0 .5  0  0  0  0  0  0
7D3  0  0 .1  0  0  0  0  0  0  0  0  0
7F1  0  0  0  0  0  0  0  0  0  0 .5  0 .1  0  0  0  0  0  0  0  0  0  0  5  0
7F2  0  0  0  0  0 .1  0  0  0  0  0  0  0 .1  0  0  0  0  0  0  0  0  0  0  0
7F3  0  0  0  0  0  0  0  0  0  0  0  0
7H1  0  0 .5 .1  0  0  0  0  0  0  0  0  1  0  0  0  0  0  0  0  0 .5  0 20  0
7H2  0  0  0  0  0 .1  0 .1  0  0  0 .1 .5  0  0  0  0  0  0  0  0  0  0  0  0
7H3  0  0  0 .5  0  0  0  0 .5  0  0  0
7J1  0  0  0  3  0  0  0  0  0  0 .5  0  0  0 .5  0  0  0  0  0  0  0  0 20 .5
7J2  0  0  0  0  0  0  0  0  0  0  0 .1  0 .5  0  0  0  0  0  0  0  0  0  0  0
7J3  0  0  0  0  0  0  0  0  0  0  0  0
9B1  0  0  0  0  0  0  0  0  0  0  0  0  0  0  0  0  0  0  0  0  0  0  0 17  0
9B2 .5  0  0  0  0  0  0  0  0  0  0  0  0  0  0  0  0  0  0  0  0  0  0  0  0
9B3  0  0  0 .1  0  0  0  0  0  0  0  0
9D1  0  0  0  3  0  0  0  0  0  0  2  0  0  0 .5  0  0  0  0  0  0 .1 .5 25 .1
9D2  0  0  0  0  0 .1  0  0  0  0  0  0 .1 .5  0  0  0  0  0  0  0  0  0  0  0
9D3  0  0  0 .1  0  0  0  0  0  0  0  0
9F1  0  0  0  1  0  0  0  0  0  0 .5  0 .1  0  0  0  0  0  0  0  0 .1  0 35  0
9F2 .5  0  0  0  0 .1  0  0  0  0  0  0 .1 .5  0  0  0  0 .5  0  0  0  0  0  0
9F3  0  0  0  0  0  0  0  0  0  0  0  0
9H1  0  0  3  0  0  0  0  0  0  0  2  0  2  0  0  0  0  0  0  0  0  0  0  5  0
9H2  0  0  0  0  0 .5 .1  0  0  0  0 .5  0 .5 .1  0  0  0  0  0  0  0  0  0  0
9H3  0  0 .1 .5  0  2  0  1  4 .5  0  0
9J1  0  3  0  6  0  0  0  0  0  0 20  0  0  0  0  0 .5  0  0  0  0  0  0  0  0
9J2  0  0  0  0  0  0  0  0  0  0  0  0  0  0  0  0  0  0  0  0  0  0  0  0  0
9J3  0  0  0  0  0  0  0  0  0  0  0  0
1B1  0 .1  0  2  0  0  0  0 .5  0 12  0  0  0  0  0 .1  0  0  0  0 .1  0 12  0
1B2  0  0  0  0  0  0  0  0  0  0  0  0  0 .5 .1  0  0  0  0  0  0  0  0  0  0
1B3  0  0 .1 .1  0  0  0  0  0  0  0  0
1D1  0  0 .5  0  0  0  0  0 .1  0  1  0  0  0  0  0  0  0  0  0  0 .1  0 12  0
1D2  0  0  0  0  0  0  0  0  0  0  0 .1 .1  0  0  0  0  0  0  0  0  0  4  0  0
1D3  0  0  0  0  0  0  0  0  0  0  0  0
1F1  0  0  0  0  0  0  0  0  0  0  0  0  0  0  0  0  3  0  0  0  0 .1  0  8 .1
1F2  0  0  0  0  0 .5  0  0  0  0  0  0 .5 .5 .1  0  0  0  0  0  0  0 .5  0  0
1F3  0 .1 .5 .1  0  5  0  3  1 .1  0 .1
1H1  0  0 .5  0  0  0  0  0  0  0  0  0 .5  0  0  0  0  0  0  0  0 .1  0 12 .5
1H2  0  0  0  0  0 .1 .1  0  0  0  0  0  0 .1  0  0  0  0  0  0  0  0  0  0  0
1H3  0  0  0 .1  0  0  0  0  0 .1  0  0
1J1  0  0 .1  0  0  0  0  0  0  0  0  0  0  0  0  0  0  0  0  0  0 .1  0  8  0
1J2  0  0  0  0  0  1 .1 .5  0  0  0 .1  2  0 .5  0  0  0  0  0  0  0  0  0  0
1J3  0 .1 .5 .5  0  1  0  1 .5 .5  0 .1
3B1  0 .1 .1  0  0  0  0  0  0  0  0  0  0  0  0  0 .1  0  0  0  0  0  0 10 .1
3B2  0  0  0  0  0  0  0  0  0  0  0  0  0 .1  0  0  0  0  0  0  0  0  0  0  0
3B3  0  0 .1 .5  0  0  0 .1 .5  0  0 .1
3D1  0  0 .5  3  0  0  0  0  0  0  1  0 .5  0  0  0 .1  0  0  0  0 .1  0 25  0
3D2  0  0  0  0  0 .1  0  0  0  0  0  0 .5  0 .1  0  0  0  0  0  0  1  0  0  0
3D3  0  0  0  0  0  0  0  0 .5 .5  0  0
3F1  0 .1  0  0  0  0  0  0  0  0  0  0  0  0  0  0  0  0  0  0  0 .1  0 25  0
3F2  2  0  0  0  0  0  0 .1  0  0  0  0  0 .1  0  0  0  0  0  0  0  0  0  0  0
3F3  0  0  0 .5  0  0  0  0 .1  0  0  0
3H1  0  0 .5 .1  0  0  0  0 .5  0 50  0 .1  0  0  0  0  0  0  0  0  0  0  2  0
3H2  0  0  0  0  0  0  0  0  0  0  0  0  0  1  0  0  0  0  0  0  0  0  0  0  0
3H3  0  0  0 .1  0  0  0  0  0  0  0  0
3J1  0  0  0  0  0  0  0  0  0  0  0  0  0  0  0  0  0  0  0  0  0 .1  0 17  0
3J2  0  0  0  0  0  0  0  0  0  0  0  0  0  0 .1  0  0  0  0  0  0  0  0  0  0
3J3  0  0  0  0  0  0  0  0  0  0  0  0
5B1  0  0  0  2  0  0  0  0  2  0  6  0 .1  0  1  0  0  0  0  0  0 .1  0 10  0
5B2  0  0  0  0  0 .5  0  0  0  0  0  0 .5  0  0  0  0  0  0  0  0  0  0  0  0
5B3  0  0  0 .1  0  0  0  0 .1  0  0  0
5D1  0  0  2  0  0  0  0  0  0  0  0  0  0  0  0  0  0  0  0  0  0  0  0  0  0
5D2  0  0  0  0  0  0  0  0  0  0  0  0  0  0  0  0  0  0  0  0  0  0  0  0  0
5D3  0  0 .1 .5  0  0  0 .1 .1 .1  0 .5
5F1  0  2 .5  2  0  0  0  0  0  0  1  0  0  0  0  0  0  0  0  0  0 .1  0  8  0
5F2  0  0  0  0  0 .1  0  0 .1  0  0  0  0 .5 .1  0  0  0  0  0  0  0  0  0  0
5F3  0 .1 .5  2  0  0  0  2 .5 .1  0 .1
5H1  0  0  0  0  0  0  0  0  0  0 .5  0 .1  0  0  0  0  0  0  0  0 .1  0 15 .1
5H2  0  0  0  0  0 .1  0 .1  0  0  0  0 .5  0 .1  0  0  0  0  0  0  0  0  0  0
5H3  0  0  0 .1  0  0  0  0  0  0  0  0
5J1  0  0  0  0  0  0  0  0  0  0 .1  0 .1  0  0  0  0  0  0  0  0 .1  0 80 .5
5J2 .5  0  0  0  0 .1  0  0  0  0  0  0 .1  0 .1  0  0  0  0  0  0  0  0  0  0
5J3  0  0 .1 .1  0  0  0  0  0  0  0  0
7B1  0  0  2 .5  0  0  0  0 .1  0  8  0  0  0  0  0  1  0  0  0  0 .1  0 20  0
7B2  0  0  0  0  0 .5 .1 .1  0  0  0  0  0 .5 .1  0  0  0  0  0  0  0  0  0  0
7B3  0  0  0 .5  0  0  0  0 .5 .5  0  0
7D1  0  0  0  0  0  0  0  0  0  0  0  0 .1  0  0  0  0  0  0  0  0 .5  0 60 .1
7D2  2  0  0  0  0 .5  0  0  0  0  0  0 .1  0  0  0  0  0 .1  0  0 .5  0  0  0
7D3  0  0  0 .1  0  0  0  0  0  0  0  0
7F1  0  0 .5  0  0  0  0  0  0  0 .5  0  0  0  0  0  0  0  0  0  0  0  0  4  0
7F2  0  0  0  0  0 .1  0  0  0  0  0  0  0  0  0  0  0  0  0  0  0  0  0  0  0
7F3  0  0  0  0  0  0  0  0  0  0  0  0
7H1  0  0  1 .1  0  0  0  0  0  0  0  0  1  0  0  0  0  0  0  0  0 .1  0 20  0
7H2  0  0  0  0  0 .1  0  0  0  0  0 .1  0 .1  0  0  0  0  0  0  0  0  0  0  0
7H3  0  0  0 .5  0  0  0  0 .5  0  0  0
7J1  0 .1  0  2  2  0  0  0  0  0  0  0  0  0 .5  0  0  0  0  0  0 .1  0 20  0
7J2  0  0  0  0  0  0  0  0  0  0  0  0  0 .5  0  0  0  0  0  0  0  0  0  0  0
7J3  0  0  0  0  0  0  0  0  0  0  0  0
9B1  0  0  0  0  0  0  0  0  0  0  0  0  0  0  0  0  0  0  0  0  0  0  0 20  0
9B2 .5  0  0  0  0  0  0  0  0  0  0  0  0  0  0  0  0  0  0  0  0  0  0  0  0
9B3  0  0  0  0  0  0  0  0  0  0  0  0
9D1  0 .1  0  2  0  0  0  0  0  0  4  0  0  0 .5  0  0  0  0  0  0 .1  0 30 .1
9D2  0  0  0  0  0 .1  0  0  0  0  0  0 .1 .5 .1  0  0  0  0  0  0  0  0  0  0
9D3  0  0  0  0  0  0  0  0 .1  0  0  0
9F1  0  0  0  2  0  0  0  0  0  0 .5  0 .1  0  0  0  0  0  0  0  0 .5  0 60  0
9F2 .5  0  0  0  0 .1  0  0  0  0  0  0  1 .5 .1  0  0  0  0  0  0  0  2  0  0
9F3  0  0  0 .1  0  0  0  0  0 .1  0  0
9H1  0 .5  5  0  0  0  0  0  0  0  3  0  1  0  0  0  0  0  0  0  0  0  0  8  0
9H2 .5  0  0  0  0 .5 .1 .1  0  0  0  0  0 .5 .1  0  0  0  0  0  0  0  0  0  0
9H3  0  0  0 .5  0  2  0  1  5 .5  0  0
9J1  0  5  0  8  0  0  0  0 .5  0 20  0  0  0  0  0  0  0  0  0  0  0  0  0  0
9J2  0  0  0  0  0  0  0  0  0  0  0  0  0  0  0  0  0  0  0  0  0  0  0  0  0
9J3  0  0  0  0  0  0  0  0  0  0  0  0
