0A115.0. 0. 0. 0. 0. 0. 5. 6. 5. .5 .1 .1 0. 0. 0. 0. 0. 0. 0. 0. 0. 0. 0. 0.
0A20. 0. 0. 2. .5 .5 .01.5 1. .01.1 .010. 0. 0. 0. 0. 0. 0. 0. 0. 0. 0. 0. 0.
0A30. 0. 0. 0. 0. 0. 0. 0. 0. 0. 0. 0. 0. 0. 0. 0. 0. 0. 0. 0. 0. 0. 0. 0. 0.
0A40. .5 .1 .010. 0. 0. 0. 0. 0. 0. 0. 0. 0. 0. 0. 0. .5 0. 0. 0. 0. 0. 0. 0.
0A556.0. 0. 0. 0. 0. 0. 0.
0C112.0. 0. 0. 0. 0. 0. 6. 5. 3. .1 .5 .1 0. 0. 0. 0. 0. 0. 0. 0. 0. 0. 0. 0.
0C20. 0. 0. 1. .5 .1 .01.013. .01.1 .010. 0. 0. 0. 0. .010. 0. 0. 0. 0. 0. 0.
0C30. 0. 0. .1 0. 0. 0. 0. 0. 0. 0. 0. 0. 0. 0. 0. 0. 0. 0. 0. 0. 0. 0. 0. 0.
0C40. .1 .1 .1 .010. 0. 0. 0. 0. 0. 0. 0. 0. 0. 0. 0. 0. 0. 0. 0. 0. 0. 0. 0.
0C556.0. 0. 0. 0. 0. 0. 0.
0E110.0. 0. 0. 0. 0. 0. 2. 7. 8. .1 .5 .5 0. 0. 0. 0. 0. 0. 0. 0. 0. 0. 0. 0.
0E20. 0. 0. 1. .1 .1 .01.1 .5 0. .1 0. 0. 0. 0. 0. 0. 0. 0. 0. 0. 0. 0. 0. 0.
0E30. 0. 0. 0. 0. 0. 0. 0. 0. 0. 0. 0. 0. 0. 0. 0. 0. 0. 0. 0. 0. 0. 0. 0. 0.
0E40. .01.010. 0. 0. 0. 0. 0. 0. 0. .010. 0. 0. 0. 0. 0. 0. 0. 0. 0. 0. 0. 0.
0E556.0. 0. 0. 0. 0. 0. 0.
0G112.0. 0. 0. 0. 0. 0. 2. 5. 6. 1. 0. .1 0. 0. 0. 0. 0. 0. 0. 0. 0. 0. 0. 0.
0G20. 0. 0. 1. .1 .1 .01.1 2. 0. .1 .1 0. 0. 0. 0. 0. 0. 0. 0. 0. 0. 0. 0. 0.
0G30. 0. 0. 0. 0. 0. 0. 0. 0. 0. 0. 0. 0. 0. 0. 0. 0. 0. 0. 0. 0. 0. 0. 0. 0.
0G40. .01.010. 0. 0. 0. 0. 0. 0. 0. 0. 0. 0. 0. 0. 0. 0. 0. 0. 0. 0. 0. 0. 0.
0G556.0. 0. 0. 0. 0. 0. 0.
0I110.0. 0. 0. 0. 0. 0. 4. 6. 4. 1. .1 .1 0. 0. 0. 0. 0. 0. 0. 0. 0. 0. 0. 0.
0I20. 0. 0. .5 .5 .1 0. 0. 1. .01.01.01.1 .010. 0. 0. 0. 0. 0. 0. 0. 0. 0. 0.
0I30. 0. 0. 0. 0. 0. 0. 0. 0. 0. 0. 0. 0. 0. 0. 0. 0. 0. 0. 0. 0. 0. 0. 0. 0.
0I40. .010. .010. 0. 0. 0. 0. 0. 0. 0. 0. 0. 0. 0. 0. 0. 0. 0. 0. 0. 0. 0. 0.
0I557.0. 0. 0. 0. 0. 0. 0.
2A112.0. 0. 0. 0. 0. 0. 10.10.4. 4. 0. .5 0. .1 0. 0. 0. 0. 0. 0. 0. 0. 0. 0.
2A20. 0. 0. 1. .1 .1 .011. 2. .010. 0. 0. 0. 0. 0. 0. 0. 0. 0. 0. 0. 0. 0. 0.
2A30. 0. 0. 0. 0. 0. 0. 0. 0. 0. 0. 0. 0. 0. 0. 0. 0. 0. 0. 0. 0. 0. 0. 0. 0.
2A40. .1 .5 .1 0. 0. 0. 0. 0. 0. 0. 0. 0. 0. 0. 0. 0. 0. 0. 0. 0. 0. 0. 0. 0.
2A557.0. 0. 0. 0. 0. 0. 0.
2C117.0. 0. 0. 0. 0. 0. 15.15.5. 4. 0. 1. 0. 0. 0. 0. 0. 0. 0. 0. 0. 0. 0. 0.
2C20. 0. 0. 2. .5 .01.1 .1 3. .01.1 0. 0. 0. 0. 0. 0. 0. 0. 0. 0. 0. 0. 0. 0.
2C30. 0. 0. 0. 0. 0. 0. 0. 0. 0. 0. 0. 0. 0. 0. 0. 0. 0. 0. 0. 0. 0. 0. 0. 0.
2C40. .1 .1 .01.010. 0. 0. 0. 0. 0. 0. 0. 0. 0. 0. 0. 0. 0. 0. 0. 0. 0. 0. 0.
2C557.0. 0. 0. 0. 0. 0. 0.
2E112.0. 0. 0. 0. 0. 0. 1. 6. 8. 2. .5 .5 0. 0. 0. 0. 0. 0. 0. 0. 0. 0. 0. 0.
2E20. 0. 0. 2. .5 .1 .01.1 1. .01.1 0. 0. 0. 0. 0. 0. 0. 0. 0. 0. 0. 0. 0. 0.
2E30. 0. 0. 0. 0. 0. 0. 0. 0. 0. 0. 0. 0. 0. 0. 0. 0. 0. 0. 0. 0. 0. 0. 0. 0.
2E40. .1 .01.01.010. 0. 0. 0. 0. 0. 0. 0. 0. 0. 0. 0. 0. 0. 0. 0. 0. 0. 0. 0.
2E557.0. 0. 0. 0. 0. 0. 0.
2G16. 0. 0. 0. 0. 0. 0. .5 1. 4. 1. 0. 0. 0. 0. 0. 0. 0. 0. 0. 0. 0. 0. 0. 0.
2G20. 0. 0. .5 .5 .1 0. 0. 2. .01.1 0. 0. 0. 0. 0. 0. 0. 0. 0. 0. 0. 0. 0. 0.
2G30. 0. 0. 0. 0. 0. 0. 0. 0. 0. 0. 0. 0. 0. 0. 0. 0. 0. 0. 0. 0. 0. 0. 0. 0.
2G40. .010. .010. 0. 0. 0. 0. 0. 0. 0. 0. 0. 0. 0. 0. 0. 0. 0. 0. 0. 0. 0. 0.
2G558.0. 0. 0. 0. 0. 0. 0.
2I112.0. 0. 0. 0. 0. 0. .5 3. 3. .5 0. 0. 0. 0. 0. 0. 0. 0. 0. 0. 0. 0. 0. 0.
2I20. 0. 0. .5 .1 .1 .010. 0. .01.1 .1 .1 0. 0. 0. 0. 0. 0. 0. 0. 0. 0. 0. 0.
2I30. 0. 0. 0. 0. 0. 0. 0. 0. 0. 0. 0. 0. 0. 0. 0. 0. 0. 0. 0. 0. 0. 0. 0. 0.
2I40. .01.010. .010. 0. 0. 0. 0. 0. 0. 0. 0. 0. 0. 0. 0. 0. 0. 0. 0. 0. 0. 0.
2I559.0. 0. 0. 0. 0. 0. 0.
4A110.0. 0. 0. 0. 0. 0. 5. 10.2. 1. 0. .5 .1 0. 0. 0. 0. 0. 0. 0. 0. 0. 0. 0.
4A20. 0. 0. 2. .1 .1 .1 .1 .5 0. 0. .1 .5 0. 0. 0. 0. 0. 0. 0. 0. 0. 0. 0. 0.
4A30. 0. 0. 0. 0. 0. 0. 0. 0. 0. 0. 0. 0. 0. 0. 0. 0. 0. 0. 0. 0. 0. 0. 0. 0.
4A40. .01.5 .1 0. 0. 0. 0. 0. 0. 0. 0. 0. 0. 0. 0. 0. .1 0. 0. 0. 0. 0. 0. 0.
4A558.0. 0. 0. 0. 0. 0. 0.
4C120.0. 0. 0. 0. 0. 0. .5 4. 2. .5 .5 .1 0. 0. 0. 0. 0. 0. 0. 0. 0. 0. 0. 0.
4C20. 0. 0. 1. .1 .1 0. 0. 0. .01.010. 0. 0. .1 0. 0. 0. 0. 0. 0. 0. 0. 0. 0.
4C30. 0. 0. 0. 0. 0. 0. 0. 0. 0. 0. 0. 0. 0. 0. 0. 0. 0. 0. 0. 0. 0. 0. 0. 0.
4C40. .1 .1 0. .010. 0. 0. 0. 0. 0. 0. 0. 0. 0. 0. 0. 0. 0. 0. 0. 0. 0. 0. 0.
4C557.0. 0. 0. 0. 0. 0. 0.
4E18. 0. 0. 0. 0. 0. 0. 2. 2. 6. 4. .5 .1 0. 0. 0. 0. 0. 0. 0. 0. 0. 0. 0. 0.
4E20. 0. 0. 1. .1 .1 .010. .5 .01.1 .1 0. 0. .5 .1 0. 0. 0. 0. 0. 0. 0. 0. 0.
4E30. 0. 0. 0. 0. 0. 0. 0. 0. 0. 0. 0. 0. 0. 0. 0. 0. 0. 0. 0. 0. 0. 0. 0. 0.
4E40. .01.010. .010. 0. 0. 0. 0. 0. 0. 0. 0. 0. 0. 0. 0. 0. 0. 0. 0. 0. 0. 0.
4E558.0. 0. 0. 0. 0. 0. 0.
4G115.0. 0. 0. 0. 0. 0. .5 2. .1 .01.010. 0. 0. 0. 0. 0. 0. 0. 0. 0. 0. 0. 0.
4G20. 0. 0. 2. .1 .01.010. .5 .01.01.010. .010. 0. 0. 0. 0. 0. 0. 0. 0. 0. 0.
4G30. 0. 0. 0. 0. 0. 0. 0. 0. 0. 0. 0. 0. 0. 0. 0. 0. 0. 0. 0. 0. 0. 0. 0. 0.
4G40. .01.010. .010. 0. 0. 0. 0. 0. 0. 0. 0. 0. 0. .01.1 0. 0. 0. 0. 0. 0. 0.
4G563.0. 0. 0. 0. 0. 0. 0.
4I14. 0. 0. 0. 0. 0. 0. 2. 3. 3. 1. .5 0. 0. 0. 0. 0. 0. 0. 0. 0. 0. 0. 0. 0.
4I20. 0. 0. 2. .1 .010. .010. .1 .5 .01.5 0. 0. 0. 0. 0. 0. 0. 0. 0. 0. 0. 0.
4I3.010. 0. 0. 0. 0. 0. 0. 0. 0. 0. 0. 0. 0. 0. 0. 0. 0. 0. 0. 0. 0. 0. 0. 0.
4I40. .01.1 0. .010. 0. 0. 0. 0. 0. 0. 0. 0. 0. 0. 0. 0. 0. 0. 0. 0. 0. 0. 0.
4I561.0. 0. 0. 0. 0. 0. 0.
6A118.0. 0. 0. 0. 0. 0. 2. 5. .5 .5 0. 0. 0. .010. 0. 0. 0. 0. 0. 0. 0. 0. 0.
6A20. 0. 0. .5 0. 0. .01.1 0. .01.01.01.010. 0. 0. .5 0. 0. 0. 0. 0. 0. 0. 0.
6A3.010. 0. 0. 0. 0. 0. 0. 0. 0. 0. 0. 0. 0. 0. 0. 0. 0. 0. 0. 0. 0. 0. 0. 0.
6A40. .01.1 .1 0. 0. 0. 0. 0. 0. 0. 0. 0. 0. 0. 0. 0. .1 0. 0. 0. 0. 0. 0. 0.
6A558.0. 0. 0. 0. 0. 0. 0.
6C115.0. 0. 0. 0. 0. 0. 5. 6. 2. .5 0. .010. 0. 0. 0. 0. 0. 0. 0. 0. 0. 0. 0.
6C20. 0. 0. 3. .1 .01.01.1 .5 .01.01.1 0. 0. 0. 0. .010. .010. 0. 0. 0. 0. 0.
6C30. 0. 0. 0. 0. 0. 0. 0. 0. 0. 0. 0. 0. 0. 0. 0. 0. 0. 0. 0. 0. 0. 0. 0. 0.
6C40. .01.1 .1 .010. 0. 0. 0. 0. 0. 0. 0. 0. 0. 0. 0. 0. 0. 0. 0. 0. 0. 0. 0.
6C559.0. 0. 0. 0. 0. 0. 0.
6E115.0. 0. 0. 0. 0. 0. 3. 2. .5 1. .1 0. 0. 0. 0. 0. 0. 0. 0. 0. 0. 0. 0. 0.
6E20. 0. 0. 1. .1 0. .010. 1. .01.010. 0. 0. 0. .1 0. 0. 0. 0. 0. 0. 0. 0. 0.
6E30. 0. 0. 0. 0. 0. 0. 0. 0. 0. 0. 0. 0. 0. 0. 0. 0. 0. 0. 0. 0. 0. 0. 0. 0.
6E40. .01.010. .010. 0. 0. 0. 0. 0. 0. 0. 0. 0. 0. 0. 0. 0. 0. 0. 0. 0. 0. 0.
6E561.0. 0. 0. 0. 0. 0. 0.
6G117.0. 0. 0. 0. 0. 0. .5 3. 6. 0. 0. 0. 0. 0. 0. 0. 0. 0. 0. 0. 0. 0. 0. 0.
6G20. 0. 0. .5 .1 .1 .010. .5 .01.01.1 .010. 0. .010. 0. 0. 0. 0. 0. 0. 0. 0.
6G30. 0. 0. 0. 0. 0. 0. 0. 0. 0. 0. 0. 0. 0. 0. 0. 0. 0. 0. 0. 0. 0. 0. 0. 0.
6G40. .01.1 0. .010. 0. 0. 0. 0. 0. 0. 0. 0. 0. 0. 0. 0. 0. 0. 0. 0. 0. 0. 0.
6G561.0. 0. 0. 0. 0. 0. 0.
6I114.0. 0. 0. 0. 0. 0. 2. 3. 0. 0. 0. .010. 0. 0. 0. 0. 0. 0. 0. 0. 0. 0. 0.
6I20. 0. 0. 3. .01.1 0. .01.5 .1 .1 .01.1 0. .010. 0. 0. 0. 0. 0. 0. 0. 0. 0.
6I3.1 0. 0. 0. 0. 0. 0. 0. 0. 0. 0. 0. 0. 0. 0. 0. 0. 0. 0. 0. 0. 0. 0. 0. 0.
6I40. 0. .010. 0. 0. 0. 0. 0. 0. 0. 0. 0. 0. 0. 0. 0. 0. 0. 0. 0. 0. 0. 0. 0.
6I561.0. 0. 0. 0. 0. 0. 0.
8A115..010. 0. 0. 0. 0. 3. 8. 2. .01.01.010. 0. 0. 0. 0. 0. 0. 0. 0. 0. 0. 0.
8A20. 0. 0. .5 .1 .010. 0. 2. .01.01.01.1 0. 0. 0. .01.010. 0. 0. 0. 0. 0. 0.
8A3.010. 0. 0. 0. 0. 0. 0. 0. 0. 0. 0. 0. 0. 0. 0. 0. 0. 0. 0. 0. 0. 0. 0. 0.
8A40. .01.1 0. .010. 0. 0. 0. 0. 0. 0. 0. 0. 0. 0. 0. .5 0. 0. 0. 0. 0. 0. 0.
8A559.0. 0. 0. 0. 0. 0. 0.
8C120.0. 0. 0. 0. 0. 0. 2. 4. 2. 3. .01.1 0. 0. 0. 0. 0. 0. 0. 0. 0. 0. 0. 0.
8C20. 0. 0. 2. .5 .01.01.01.5 .01.01.1 0. 0. 0. .010. .1 .010. 0. 0. 0. 0. 0.
8C3.010. 0. 0. 0. 0. 0. 0. 0. 0. 0. 0. 0. 0. 0. 0. 0. 0. 0. 0. 0. 0. 0. 0. 0.
8C40. .01.1 .1 .010. 0. 0. 0. 0. 0. 0. 0. 0. 0. 0. 0. 0. 0. 0. 0. 0. 0. 0. 0.
8C559.0. 0. 0. 0. 0. 0. 0.
8E115.0. 0. 0. 0. 0. 0. 1. 1. 2. 2. 0. 0. 0. 0. 0. 0. 0. 0. 0. 0. 0. 0. 0. 0.
8E20. 0. 0. .1 .010. .010. .1 .01.01.01.010. 0. .010. .1 .010. 0. 0. 0. 0. 0.
8E30. 0. 0. 0. 0. 0. 0. 0. 0. 0. 0. 0. 0. 0. 0. 0. 0. 0. 0. 0. 0. 0. 0. 0. 0.
8E40. .01.010. .010. 0. 0. 0. 0. 0. 0. 0. 0. 0. 0. 0. 0. 0. 0. 0. 0. 0. 0. 0.
8E557.0. 0. 0. 0. 0. 0. 0.
8G117.0. 0. 0. 0. 0. 0. 2. 2. .5 .5 .1 .010. 0. 0. 0. 0. 0. 0. 0. 0. 0. 0. 0.
8G20. 0. 0. 2. .01.1 .010. 2. .01.01.01.010. 0. 0. 0. .1 0. 0. 0. 0. 0. 0. 0.
8G30. 0. 0. 0. 0. 0. 0. 0. 0. 0. 0. 0. 0. 0. 0. 0. 0. 0. 0. 0. 0. 0. 0. 0. 0.
8G40. .01.1 0. 0. 0. 0. 0. 0. 0. 0. 0. 0. 0. 0. 0. 0. 0. 0. 0. 0. 0. 0. 0. 0.
8G557.0. 0. 0. 0. 0. 0. 0.
8I113.0. 0. 0. 0. 0. 0. 1. 2. 2. 0. .1 .5 0. 0. 0. 0. 0. 0. 0. 0. 0. 0. 0. 0.
8I20. 0. 0. 1. .1 .1 0. 0. .01.01.01.1 .1 0. 0. 0. 0. 0. 0. 0. 0. 0. 0. 0. 0.
8I30. 0. 0. 0. 0. 0. 0. 0. 0. 0. 0. 0. 0. 0. 0. 0. 0. 0. 0. 0. 0. 0. 0. 0. 0.
8I40. .010. .010. 0. 0. 0. 0. 0. 0. 0. 0. 0. 0. 0. 0. 0. 0. 0. 0. 0. 0. 0. 0.
8I558.0. 0. 0. 0. 0. 0. 0.
