0A117.0. 0. 0. 0. 0. 0. .010. 2. .1 0. 0. 0. 0. 0. 0. .5 0. 2. 0. 0. 0. 0. .1
0A20. 0. 0. 0. 0. 0. 0. 0. 7. 0. 0. 0. 0. 0. .5 .010. 0. 0. 0. 0. 0. 0. 0.
0A30. 0. 0. .010. 0. 0. 0. 0. 0. 0. 0. 0. 0. 0. 0. 0. 0. 0. 0. 0. 0. 0. 0. 0.
0A4.01.01.01.010. 0. 0. 0. 0. 0. 0. 0. 0. 0. 0. 0. 0. 0. 0. 0. .010. 0. 0. 0.
0A536.0. 0. 0. 0. 0. 0. 0.
0C10. 0. 4. 0. 0. 0. 0. 0. .1 3. .1 0. 0. 0. 0. 0. 0. .5 0. 2. 0. 0. 0. 0. 1.
0C20. 0. 0. 0. 0. 0. 0. 0. 10.0. 0. 0. 0. 0. .5 .1 0. 0. 0. 0. 0. 0. 0. .1 0.
0C30. 0. 0. 0. 0. 0. 0. 0. 0. 0. 0. 0. 0. 0. 0. 0. 0. 0. 0. 0. 0. 0. 0. 0. 0.
0C40. .01.01.5 0. 0. 0. 0. 0. 0. 0. 0. 0. 0. 0. 0. 0. 0. 0. 0. 0. 0. 0. 0. 0.
0C536.0. 0. 0. 0. 0. 0. 0.
0E125.0. 1. 0. 0. 0. 0. 0. 0. 3. .1 0. 0. 0. 0. 0. 0. .5 0. .5 0. 0. 0. 0. .5
0E20. 0. 0. 0. 0. 0. 0. 0. 20.0. 0. 0. 0. 0. .1 .010. .010. .010. 0. 0. .1 0.
0E30. 0. 0. 0. 0. 0. 0. 0. 0. 0. 0. 0. 0. 0. 0. 0. 0. 0. 0. 0. 0. 0. 0. 0. 0.
0E4.5 .01.012. 0. 0. 0. 0. 0. 0. 0. 0. 0. 0. 0. 0. 0. 0. 0. 0. .010. 0. 0. 0.
0E535.0. 0. 0. 0. 0. 0. 0.
0G120.0. 0. 0. 0. 0. 0. .5 0. .5 .010. 0. 0. 0. 0. 0. 0. 0. 17.0. 0. 0. 0. 0.
0G20. 0. 0. 0. 0. 0. 0. 0. 7. 0. 0. 0. 0. 0. .1 .1 0. 0. 0. 0. 0. 0. 0. .1 0.
0G30. 0. 0. .1 0. 0. 0. 0. 0. 0. 0. 0. 0. 0. 0. 0. 0. 0. 0. 0. 0. 0. 0. 0. 0.
0G40. 0. .010. 0. 0. 0. 0. 0. 0. 0. 0. 0. 0. 0. 0. 0. 0. 0. 0. .010. 0. 0. 0.
0G535.0. 0. 0. 0. 0. 0. 0.
0I14. 0. .5 0. 0. 0. 0. .5 .010. .010. 0. 0. 0. 0. 0. 0. 0. 25.0. 0. 0. 0. 0.
0I20. 0. 0. 0. 0. 0. 0. 0. 10.0. 0. 0. 0. 0. 0. .1 0. 0. 0. 0. 0. 0. 0. .1 0.
0I30. 0. 0. 0. 0. 0. 0. 0. 0. 0. 0. 0. 0. 0. 0. 0. 0. 0. 0. 0. 0. 0. 0. 0. 0.
0I40. .01.010. 0. 0. 0. 0. 0. 0. 0. 0. 0. 0. 0. 0. 0. 0. 0. 0. .010. 0. 0. 0.
0I534.0. 0. 0. 0. 0. 0. 0.
2A120.0. 6. 0. 0. 0. 0. .1 0. .1 0. 0. 0. 0. 0. 0. 0. 0. 0. 20.0. 0. 0. 0. 0.
2A20. 0. 0. 0. 0. 0. 0. 0. .5 0. 0. 0. 0. 0. 0. 0. 0. 0. 0. 0. 0. 0. 0. .1 0.
2A30. 0. 0. .1 0. 0. 0. 0. 0. 0. 0. 0. 0. 0. 0. 0. 0. 0. 0. 0. 0. 0. 0. 0. 0.
2A40. .01.010. 0. 0. 0. 0. 0. 0. 0. 0. 0. 0. 0. 0. 0. 0. 0. 0. 0. 0. 0. 0. 0.
2A534.0. 0. 0. 0. 0. 0. 0.
2C125.0. .5 0. 0. 0. 0. .5 .1 .5 .1 0. 0. 0. 0. 0. 0. 0. 0. 15.0. 0. 0. 0. 0.
2C20. 0. 0. 0. 0. 0. 0. 0. .5 0. 0. 0. 0. 0. .1 0. 0. 0. 0. 0. 0. 0. 0. .1 0.
2C30. 0. 0. 0. 0. 0. 0. 0. 0. 0. 0. 0. 0. 0. 0. 0. 0. 0. 0. 0. 0. 0. 0. 0. .01
2C40. 0. .010. 0. 0. 0. 0. 0. 0. 0. 0. 0. 0. 0. 0. 0. 0. 0. 0. .1 0. 0. 0. 0.
2C537.0. 0. 0. 0. 0. 0. 0.
2E13. 0. 1. 0. 0. 0. 0. 1. 0. 1. .1 0. 0. 0. 0. 0. 0. 0. 0. 17.0. 0. 0. 0. .5
2E20. 0. 0. 0. 0. 0. 0. 0. 3. 0. 0. 0. 0. 0. 0. .5 0. 0. 0. 0. 0. 0. 0. .010.
2E30. 0. 0. 0. 0. 0. 0. 0. 0. 0. 0. 0. 0. 0. 0. 0. 0. 0. 0. 0. 0. 0. 0. 0. 0.
2E40. 0. .010. 0. 0. 0. 0. 0. 0. 0. 0. 0. 0. 0. 0. 0. 0. 0. 0. 0. 0. 0. 0. 0.
2E536.0. 0. 0. 0. 0. 0. 0.
2G13. 0. 1. 0. 0. 0. 0. 1. 0. 1. .010. 0. 0. 0. 0. 0. 0. 0. 12.0. 0. 0. 0. 0.
2G20. 0. 0. 0. 0. 0. 0. 0. 4. 0. 0. 0. 0. 0. 0. .1 0. 0. 0. 0. 0. 0. 0. .1 0.
2G30. 0. 0. 0. 0. 0. 0. 0. 0. 0. 0. 0. 0. 0. 0. 0. 0. 0. 0. 0. 0. 0. 0. 0. 0.
2G40. 0. .010. 0. 0. 0. 0. 0. 0. 0. 0. 0. 0. 0. 0. 0. 0. 0. 0. 0. 0. 0. 0. 0.
2G535.0. 0. 0. 0. 0. 0. 0.
2I112.0. .5 0. 0. 0. 0. .5 1. 2. .010. 0. 0. 0. 0. 0. .1 0. 25.0. 0. 0. 0. .1
2I20. 0. 0. 0. 0. 0. 0. 0. 3. 0. 0. 0. 0. 0. 0. .5 0. 0. 0. 0. 0. 0. 0. .1 0.
2I30. 0. 0. 0. 0. 0. 0. 0. 0. 0. 0. 0. 0. 0. 0. 0. 0. 0. 0. 0. 0. 0. 0. 0. 0.
2I40. .01.01.1 0. 0. 0. 0. 0. 0. 0. 0. 0. 0. 0. 0. 0. 0. 0. 0. 0. 0. 0. 0. 0.
2I534.0. 0. 0. 0. 0. 0. 0.
4A117.0. 3. 0. 0. 0. 0. .1 0. 1. .010. 0. 0. 0. 0. 0. 0. 0. 4. 0. 0. 0. 0. 0.
4A20. 0. 0. 0. 0. 0. 0. 0. 1. 0. 0. 0. 0. 0. 0. 0. 0. 0. 0. 0. 0. 0. 0. .1 0.
4A30. 0. 0. .1 0. 0. 0. 0. 0. 0. 0. 0. 0. 0. 0. 0. 0. 0. 0. 0. 0. 0. 0. 0. 0.
4A40. .01.01.1 0. 0. 0. 0. 0. 0. 0. 0. 0. 0. 0. 0. 0. 0. 0. 0. 0. 0. 0. 0. 0.
4A536.0. 0. 0. 0. 0. 0. 0.
4C115.0. 2. 0. 0. 0. 0. .5 10.0. .010. 0. 0. 0. 0. 0. .5 0. 12.0. 0. 0. 0. 0.
4C20. 0. 0. 0. 0. 0. 0. 0. .1 0. 0. 0. 0. 0. 0. 0. 0. 0. 0. 0. 0. 0. 0. .010.
4C30. 0. 0. .1 0. 0. 0. 0. 0. 0. 0. 0. 0. 0. 0. 0. 0. 0. 0. 0. 0. 0. 0. 0. 0.
4C40. .01.010. 0. 0. 0. 0. 0. 0. 0. 0. 0. 0. 0. 0. 0. 0. 0. 0. 0. 0. 0. 0. 0.
4C537.0. 0. 0. 0. 0. 0. 0.
4E112.0. 0. 0. 0. 0. 0. .5 5. 0. .010. 0. 0. 0. 0. 0. .5 0. 17.0. 0. 0. 0. 0.
4E20. 0. 0. 0. 0. 0. 0. 0. 2. 0. 0. 0. 0. 0. 0. 0. 0. .010. 0. 0. 0. 0. .010.
4E30. 0. 0. 0. 0. 0. 0. 0. 0. 0. 0. 0. 0. 0. 0. 0. 0. 0. 0. 0. 0. 0. 0. 0. 0.
4E40. 0. .010. 0. 0. 0. 0. 0. 0. 0. 0. 0. 0. 0. 0. 0. 0. 0. 0. 0. 0. 0. 0. 0.
4E536.0. 0. 0. 0. 0. 0. 0.
4G120.0. 1. 0. 0. 0. 0. .5 3. 0. .010. 0. 0. 0. 0. 0. 0. 0. 25.0. 0. 0. 0. 0.
4G20. 0. 0. 0. 0. 0. 0. 0. 2. 0. 0. 0. 0. 0. 0. .010. 0. 0. 0. 0. 0. 0. .5 0.
4G30. 0. 0. 0. 0. 0. 0. 0. 0. 0. 0. 0. 0. 0. 0. 0. 0. 0. 0. 0. 0. 0. 0. 0. 0.
4G40. 0. 0. 0. 0. 0. 0. 0. 0. 0. 0. 0. 0. 0. 0. 0. 0. 0. 0. 0. 0. 0. 0. 0. 0.
4G536.0. 0. 0. 0. 0. 0. 0.
4I16. 0. 2. 0. 0. 0. 0. 1. 0. 0. .010. 0. 0. 0. 0. 0. .1 0. 20.0. 0. 0. 0. 0.
4I20. 0. 0. 0. 0. 0. 0. 0. .1 0. 0. 0. 0. 0. 0. .1 0. 0. 0. 0. 0. 0. 0. .1 0.
4I30. 0. 0. 0. 0. 0. 0. 0. 0. 0. 0. 0. 0. 0. 0. 0. 0. 0. 0. 0. 0. 0. 0. 0. 0.
4I40. 0. 0. 0. 0. 0. 0. 0. 0. 0. 0. 0. 0. 0. 0. 0. 0. 0. 0. 0. 0. 0. 0. 0. 0.
4I536.0. 0. 0. 0. 0. 0. 0.
6A110.0. 4. 0. 0. 0. 0. 2. .1 0. .010. 0. 0. 0. 0. 0. .1 0. 5. 0. 0. 0. 0. 0.
6A20. 0. 0. 0. 0. 0. 0. 0. 2. 0. 0. 0. 0. 0. 0. .1 0. 0. 0. 0. 0. 0. 0. .1 0.
6A30. 0. 0. 0. 0. 0. 0. 0. 0. 0. 0. 0. 0. 0. 0. 0. 0. 0. 0. 0. 0. 0. 0. 0. 0.
6A40. .01.010. 0. 0. 0. 0. 0. 0. 0. 0. 0. 0. 0. 0. 0. 0. 0. 0. 0. 0. 0. 0. 0.
6A535.0. 0. 0. 0. 0. 0. 0.
6C120.0. 2. 0. 0. 0. 0. .5 1. 0. .010. 0. 0. 0. 0. 0. .1 0. 20.0. 0. 0. 0. 0.
6C20. 0. 0. 0. 0. 0. 0. 0. .5 0. 0. 0. 0. 0. 0. .1 0. 0. 0. 0. 0. 0. 0. .010.
6C30. 0. 0. 0. 0. 0. 0. 0. 0. 0. 0. 0. 0. 0. 0. 0. 0. 0. 0. 0. 0. 0. 0. 0. 0.
6C40. 0. .010. 0. 0. 0. 0. 0. 0. 0. 0. 0. 0. 0. 0. 0. 0. 0. 0. 0. 0. 0. 0. 0.
6C536.0. 0. 0. 0. 0. 0. 0.
6E18. 0. 5. 0. 0. 0. 0. .5 1. 0. .010. 0. 0. 0. 0. 0. .1 0. 8. 0. 0. 0. 0. .5
6E20. 0. 0. 0. 0. 0. 0. 0. .1 0. 0. 0. 0. 0. .010. 0. 0. 0. 0. 0. 0. 0. .1 0.
6E30. 0. 0. 0. 0. 0. 0. 0. 0. 0. 0. 0. 0. 0. 0. 0. 0. 0. 0. 0. 0. 0. 0. 0. 0.
6E40. 0. .010. 0. 0. 0. 0. 0. 0. 0. 0. 0. 0. 0. 0. 0. 0. 0. 0. 0. 0. 0. 0. 0.
6E536.0. 0. 0. 0. 0. 0. 0.
6G110.0. .5 0. 0. 0. 0. 2. 3. 0. .010. 0. 0. 0. 0. 0. 0. 0. 12.0. 0. 0. 0. 0.
6G20. 0. 0. 0. 0. 0. 0. 0. .1 0. 0. 0. 0. 0. 0. 0. 0. 0. 0. 0. 0. 0. 0. .1 0.
6G30. 0. 0. 0. 0. 0. 0. 0. 0. 0. 0. 0. 0. 0. 0. 0. 0. 0. 0. 0. 0. 0. 0. 0. 0.
6G40. 0. 0. 0. 0. 0. 0. 0. 0. 0. 0. 0. 0. 0. 0. 0. 0. 0. 0. 0. 0. 0. 0. 0. 0.
6G538.0. 0. 0. 0. 0. 0. 0.
6I17. 0. 1. 0. 0. 0. 0. .5 2. 0. .1 0. 0. 0. 0. 0. 0. .5 0. 25.0. 0. 0. 0. 0.
6I20. 0. 0. 0. 0. 0. 0. 0. 4. 0. 0. 0. 0. 0. 0. 0. 0. 0. 0. 0. 0. 0. 0. .1 0.
6I30. 0. 0. 0. 0. 0. 0. 0. 0. 0. 0. 0. 0. 0. 0. 0. 0. 0. 0. 0. 0. 0. 0. 0. 0.
6I40. 0. 0. 0. 0. 0. 0. 0. 0. 0. 0. 0. 0. 0. 0. 0. 0. 0. 0. 0. 0. 0. 0. 0. 0.
6I535.0. 0. 0. 0. 0. 0. 0.
8A115.0. .1 0. 0. 0. 0. 1. 3. 0. 0. 0. 0. 0. 0. 0. 0. 0. 0. 6. 0. 0. 0. 0. 0.
8A20. 0. 0. 0. 0. 0. 0. 0. 1. 0. 0. 0. 0. 0. 0. .1 0. 0. 0. 0. 0. 0. 0. .1 0.
8A30. 0. 0. 0. 0. 0. 0. 0. 0. 0. 0. 0. 0. 0. 0. 0. 0. 0. 0. 0. 0. 0. 0. 0. 0.
8A40. 0. .010. 0. 0. 0. 0. 0. 0. 0. 0. 0. 0. 0. 0. 0. 0. 0. 0. 0. 0. 0. 0. 0.
8A537.0. 0. 0. 0. 0. 0. 0.
8C16. 0. .1 0. 0. 0. 0. .5 0. 0. .010. 0. 0. 0. 0. 0. .1 0. 25.0. 0. 0. 0. 0.
8C20. 0. 0. 0. 0. 0. 0. 0. .5 0. 0. 0. 0. 0. 0. .010. 0. 0. 0. 0. 0. 0. .1 0.
8C30. 0. 0. 0. 0. 0. 0. 0. 0. 0. 0. 0. 0. 0. 0. 0. 0. 0. 0. 0. 0. 0. 0. 0. 0.
8C40. 0. 0. 0. 0. 0. 0. 0. 0. 0. 0. 0. 0. 0. 0. 0. 0. 0. 0. 0. 0. 0. 0. 0. 0.
8C536.0. 0. 0. 0. 0. 0. 0.
8E120.0. 0. 0. 0. 0. 0. .5 4. 0. .010. 0. 0. 0. 0. 0. 0. 0. 17.0. 0. 0. 0. .1
8E20. 0. 0. 0. 0. 0. 0. 0. .5 0. 0. 0. 0. 0. 0. .010. 0. 0. 0. 0. 0. 0. .1 0.
8E30. 0. 0. 0. 0. 0. 0. 0. 0. 0. 0. 0. 0. 0. 0. 0. 0. 0. 0. 0. 0. 0. 0. 0. 0.
8E40. 0. 0. 0. 0. 0. 0. 0. 0. 0. 0. 0. 0. 0. 0. 0. 0. 0. 0. 0. 0. 0. 0. 0. 0.
8E536.0. 0. 0. 0. 0. 0. 0.
8G117.0. .1 0. 0. 0. 0. .5 3. 0. .1 0. 0. 0. 0. 0. 0. .5 0. 5. 0. 0. 0. 0. 0.
8G20. 0. 0. 0. 0. 0. 0. 0. 2. 0. 0. 0. 0. 0. 0. .010. 0. 0. .1 0. 0. 0. .010.
8G30. 0. 0. 0. 0. 0. 0. 0. 0. 0. 0. 0. 0. 0. 0. 0. 0. 0. 0. 0. 0. 0. 0. 0. 0.
8G40. 0. .010. 0. 0. 0. 0. 0. 0. 0. 0. 0. 0. 0. 0. 0. 0. 0. 0. 0. 0. 0. 0. 0.
8G536.0. 0. 0. 0. 0. 0. 0.
8I110.0. 0. 0. 0. 0. 0. 1. 4. 0. .010. 0. 0. 0. 0. 0. .1 0. 12.0. 0. 0. 0. 0.
8I20. 0. 0. 0. 0. 0. 0. 0. .1 0. 0. 0. 0. 0. 0. .1 0. 0. 0. 0. 0. 0. 0. .5 0.
8I30. 0. 0. .1 0. 0. 0. 0. 0. 0. 0. 0. 0. 0. 0. 0. 0. 0. 0. 0. 0. 0. 0. 0. 0.
8I40. 0. .010. 0. 0. 0. 0. 0. 0. 0. 0. 0. 0. 0. 0. 0. 0. 0. 0. 0. 0. 0. 0. 0.
8I538.0. 0. 0. 0. 0. 0. 0.
0A115.0. 0. 0. 0. 0. 0. .010. .5 .010. 0. 0. 0. 0. 0. .5 0. 2. 0. 0. 0. 0. .1
0A20. 0. 0. 0. 0. 0. 0. 0. 8. 0. 0. 0. 0. 0. .1 .1 0. 0. 0. 0. 0. 0. 0. .010.
0A30. 0. 0. .1 0. 0. 0. 0. 0. 0. 0. 0. 0. 0. 0. 0. 0. 0. 0. 0. 0. 0. 0. 0. 0.
0A40. 0. .1 .1 0. 0. 0. 0. 0. 0. 0. 0. 0. 0. 0. 0. 0. 0. 0. 0. .010. 0. 0. 0.
0A538.0. 0. 0. 0. 0. 0. 0.
0C112.0. 4. 0. 0. 0. 0. .01.1 2. .1 0. 0. 0. 0. 0. 0. .5 0. 2. 0. 0. 0. 0. 1.
0C20. 0. 0. 0. 0. 0. 0. 0. 5. 0. 0. 0. 0. 0. .5 0. 0. 0. 0. 0. 0. 0. 0. .1 0.
0C30. 0. 0. 0. 0. 0. 0. 0. 0. 0. 0. 0. 0. 0. 0. 0. 0. 0. 0. 0. 0. 0. 0. 0. .01
0C40. 0. .1 .1 0. 0. 0. 0. 0. 0. 0. 0. 0. 0. 0. 0. 0. 0. 0. 0. .010. 0. 0. 0.
0C538.0. 0. 0. 0. 0. 0. 0.
0E120.0. 2. 0. 0. 0. 0. .010. 4. .1 0. 0. 0. 0. 0. 0. .5 0. 1. 0. 0. 0. 0. .5
0E20. 0. 0. 0. 0. 0. 0. 0. 10.0. 0. 0. 0. 0. 0. .010. 0. 0. 0. 0. 0. 0. .1 0.
0E30. 0. 0. 0. 0. 0. 0. 0. .010. 0. 0. 0. 0. 0. 0. 0. 0. 0. 0. 0. 0. 0. 0. 0.
0E4.5 0. .01.1 0. 0. 0. 0. 0. 0. 0. 0. 0. 0. 0. 0. 0. 0. 0. 0. .010. 0. 0. 0.
0E537.0. 0. 0. 0. 0. 0. 0.
0G120.0. .5 0. 0. 0. 0. .5 0. .5 .1 0. 0. 0. 0. 0. 0. 0. 0. 12.0. 0. 0. 0. .01
0G20. 0. 0. 0. 0. 0. 0. 0. 4. 0. 0. 0. 0. 0. .01.1 0. 0. 0. 0. 0. 0. 0. .5 0.
0G30. 0. 0. 0. 0. 0. 0. 0. 0. 0. 0. 0. 0. 0. 0. 0. 0. 0. 0. 0. 0. 0. 0. 0. 0.
0G40. 0. .1 0. 0. 0. 0. 0. 0. 0. 0. 0. 0. 0. 0. 0. 0. 0. 0. 0. .010. 0. 0. 0.
0G536.0. 0. 0. 0. 0. 0. 0.
0I15. 0. 1. 0. 0. 0. 0. .5 0. .5 .1 0. 0. 0. 0. 0. 0. .010. 17.0. 0. 0. 0. 0.
0I20. 0. 0. 0. 0. 0. 0. 0. 3. 0. 0. 0. 0. 0. 0. 0. 0. 0. 0. 0. 0. 0. 0. 0. 0.
0I30. 0. 0. 0. 0. 0. 0. 0. 0. 0. 0. 0. 0. 0. 0. 0. 0. 0. 0. 0. 0. 0. 0. 0. 0.
0I40. 0. .010. 0. 0. 0. 0. 0. 0. 0. 0. 0. 0. 0. 0. 0. 0. 0. 0. 0. 0. 0. 0. 0.
0I537.0. 0. 0. 0. 0. 0. 0.
2A117.0. 5. 0. 0. 0. 0. 1. 0. .5 0. 0. 0. 0. 0. 0. 0. .1 0. 20.0. 0. 0. 0. 0.
2A20. 0. 0. 0. 0. 0. 0. 0. 1. 0. 0. 0. 0. 0. 0. .010. 0. 0. 0. 0. 0. 0. .1 0.
2A30. 0. .1 0. 0. 0. 0. 0. 0. 0. 0. 0. 0. 0. 0. 0. 0. 0. 0. 0. 0. 0. 0. 0. 0.
2A40. 0. .010. 0. 0. 0. 0. 0. 0. 0. 0. 0. 0. 0. 0. 0. 0. 0. 0. .010. 0. 0. 0.
2A537.0. 0. 0. 0. 0. 0. 0.
2C120.0. .5 0. 0. 0. 0. 1. .1 .5 .1 0. 0. 0. 0. 0. 0. 0. 0. 10.0. 0. 0. 0. 0.
2C20. 0. 0. 0. 0. 0. 0. 0. .5 0. 0. 0. 0. 0. .010. 0. 0. 0. 0. 0. 0. 0. .5 0.
2C30. 0. 0. 0. 0. 0. 0. 0. 0. 0. 0. 0. 0. 0. 0. 0. 0. 0. 0. 0. 0. 0. 0. 0. .01
2C40. .01.010. 0. 0. 0. 0. 0. 0. 0. 0. 0. 0. 0. 0. 0. 0. 0. 0. .010. 0. 0. 0.
2C540.0. 0. 0. 0. 0. 0. 0.
2E117.0. 3. 0. 0. 0. 0. .5 8. 2. .1 0. 0. 0. 0. 0. 0. 1. 0. 8. 0. 0. 0. 0. .01
2E20. 0. 0. 0. 0. 0. 0. 0. 5. 0. 0. 0. 0. 0. 0. 0. 0. 0. 0. 0. 0. 0. 0. .5 0.
2E30. 0. 0. .1 0. 0. 0. 0. 0. 0. 0. 0. 0. 0. 0. 0. 0. 0. 0. 0. 0. 0. 0. 0. 0.
2E40. 0. .1 .1 0. 0. 0. 0. 0. 0. 0. 0. 0. 0. 0. 0. 0. 0. 0. 0. .010. 0. 0. 0.
2E537.0. 0. 0. 0. 0. 0. 0.
2G14. 0. 1. 0. 0. 0. 0. 2. 0. 1. .010. 0. 0. 0. 0. 0. .010. 10.0. 0. 0. 0. .5
2G20. 0. 0. 0. 0. 0. 0. 0. 1. 0. .010. 0. 0. 0. .1 0. 0. 0. 0. 0. 0. 0. .010.
2G30. 0. 0. 0. 0. 0. 0. 0. 0. 0. 0. 0. 0. 0. 0. 0. 0. 0. 0. 0. 0. 0. 0. 0. 0.
2G40. 0. .1 .1 0. 0. 0. 0. 0. 0. 0. 0. 0. 0. 0. 0. 0. 0. 0. 0. .010. 0. 0. 0.
2G538.0. 0. 0. 0. 0. 0. 0.
2I117.0. .5 0. 0. 0. 0. .5 1. 2. .010. 0. 0. 0. 0. 0. .1 0. 20.0. 0. 0. 0. .1
2I20. 0. 0. 0. 0. 0. 0. 0. 2. 0. 0. 0. 0. 0. 0. .1 0. 0. 0. 0. 0. 0. 0. .1 0.
2I30. 0. 0. 0. 0. 0. 0. 0. 0. 0. 0. 0. 0. 0. 0. 0. 0. 0. 0. 0. 0. 0. 0. 0. 0.
2I40. .01.010. 0. 0. 0. 0. 0. 0. 0. 0. 0. 0. 0. 0. 0. 0. 0. 0. 0. 0. 0. 0. 0.
2I536.0. 0. 0. 0. 0. 0. 0.
4A115.0. 5. 0. 0. 0. 0. .1 0. 1. .1 0. 0. 0. 0. 0. 0. 0. 0. 4. 0. 0. 0. 0. .1
4A20. 0. 0. 0. 0. 0. 0. 0. 6. 0. 0. 0. 0. 0. 0. 0. 0. .010. 0. 0. 0. 0. .1 0.
4A30. 0. 0. 0. 0. 0. 0. 0. 0. 0. 0. 0. 0. 0. 0. 0. 0. 0. 0. 0. 0. 0. 0. 0. 0.
4A40. 0. .01.1 0. 0. 0. 0. 0. 0. 0. 0. 0. 0. 0. 0. 0. 0. 0. 0. .010. 0. 0. 0.
4A538.0. 0. 0. 0. 0. 0. 0.
4C115.0. 3. 0. 0. 0. 0. 2. 12..1 .1 0. 0. 0. 0. 0. 0. .5 0. 7. 0. 0. 0. 0. 0.
4C20. 0. 0. 0. 0. 0. 0. 0. .1 0. 0. 0. 0. 0. 0. 0. 0. .1 0. 0. 0. 0. 0. .1 0.
4C30. 0. 0. 0. 0. 0. 0. 0. 0. 0. 0. 0. 0. 0. 0. 0. 0. 0. 0. 0. 0. 0. 0. 0. 0.
4C40. .01.010. 0. 0. 0. 0. 0. 0. 0. 0. 0. 0. 0. 0. 0. 0. 0. 0. 0. 0. 0. 0. 0.
4C538.0. 0. 0. 0. 0. 0. 0.
4E112.0. 0. 0. 0. 0. 0. 2. 4. .1 .1 0. 0. 0. 0. 0. 0. .1 0. 20.0. 0. 0. 0. 0.
4E20. 0. 0. 0. 0. 0. 0. 0. 1. 0. 0. 0. 0. 0. 0. 0. 0. .1 0. 0. 0. 0. 0. .1 0.
4E30. 0. 0. .1 0. 0. 0. 0. 0. 0. 0. 0. 0. 0. 0. 0. 0. 0. 0. 0. 0. 0. 0. 0. 0.
4E40. 0. .010. 0. 0. 0. 0. 0. 0. 0. 0. 0. 0. 0. 0. 0. 0. 0. 0. 0. 0. 0. 0. 0.
4E538.0. 0. 0. 0. 0. 0. 0.
4G117.0. 2. 0. 0. 0. 0. 2. 1. 0. .010. 0. 0. 0. 0. 0. 0. 0. 20.0. 0. 0. 0. 0.
4G20. 0. 0. 0. 0. 0. 0. 0. 2. 0. 0. 0. 0. 0. 0. .1 0. 0. 0. 0. 0. 0. 0. 2. 0.
4G30. 0. 0. 0. 0. 0. 0. 0. 0. 0. 0. 0. 0. 0. 0. 0. 0. 0. 0. 0. 0. 0. 0. 0. 0.
4G40. 0. 0. 0. 0. 0. 0. 0. 0. 0. 0. 0. 0. 0. 0. 0. 0. 0. 0. 0. .010. 0. 0. 0.
4G540.0. 0. 0. 0. 0. 0. 0.
4I16. 0. 3. 0. 0. 0. 0. 1. 0. 0. 0. 0. 0. 0. 0. 0. 0. .5 0. 15.0. 0. 0. 0. 0.
4I20. 0. 0. 0. 0. 0. 0. 0. 1. 0. 0. 0. 0. 0. 0. .1 0. 0. 0. 0. 0. 0. 0. .5 0.
4I30. 0. 0. .1 0. 0. 0. 0. 0. 0. 0. 0. 0. 0. 0. 0. 0. 0. 0. 0. 0. 0. 0. 0. 0.
4I40. 0. 0. 0. 0. 0. 0. 0. 0. 0. 0. 0. 0. 0. 0. 0. 0. 0. 0. 0. 0. 0. 0. 0. 0.
4I540.0. 0. 0. 0. 0. 0. 0.
6A15. 0. 4. 0. 0. 0. 0. 2. .5 0. .1 0. 0. 0. 0. 0. 0. .1 0. 8. 0. 0. 0. 0. 0.
6A20. 0. 0. 0. 0. 0. 0. 0. 2. 0. 0. 0. 0. 0. 0. .1 0. 0. 0. 0. 0. 0. 0. .5 0.
6A30. 0. 0. 0. 0. 0. 0. 0. 0. 0. 0. 0. 0. 0. 0. 0. 0. 0. 0. 0. 0. 0. 0. 0. 0.
6A40. 0. .010. 0. 0. 0. 0. 0. 0. 0. 0. 0. 0. 0. 0. 0. 0. 0. 0. 0. 0. 0. 0. 0.
6A537.0. 0. 0. 0. 0. 0. 0.
6C117.0. 2. 0. 0. 0. 0. 1. 3. 0. .1 0. 0. 0. 0. 0. 0. 0. 0. 15.0. 0. 0. 0. .5
6C20. 0. 0. 0. 0. 0. 0. 0. 2. 0. 0. 0. 0. 0. 0. .1 0. 0. 0. 0. 0. 0. 0. .1 0.
6C30. 0. 0. 0. 0. 0. 0. .010. 0. 0. 0. 0. 0. 0. 0. 0. 0. 0. 0. 0. 0. 0. 0. 0.
6C40. 0. .010. 0. 0. 0. 0. 0. 0. 0. 0. 0. 0. 0. 0. 0. 0. 0. 0. 0. 0. 0. 0. 0.
6C538.0. 0. 0. 0. 0. 0. 0.
6E15. 0. 5. 0. 0. 0. 0. 2. 1. .1 .1 0. 0. 0. 0. 0. 0. .1 0. 8. 0. 0. 0. 0. 2.
6E20. 0. 0. 0. 0. 0. 0. 0. .5 0. 0. 0. 0. 0. 0. 0. 0. 0. 0. 0. 0. 0. 0. .1 0.
6E30. 0. 0. .010. 0. 0. 0. 0. 0. 0. 0. 0. 0. 0. 0. 0. 0. 0. 0. 0. 0. 0. 0. 0.
6E40. 0. .010. 0. 0. 0. 0. 0. 0. 0. 0. 0. 0. 0. 0. 0. 0. 0. 0. 0. 0. 0. 0. 0.
6E539.0. 0. 0. 0. 0. 0. 0.
6G110.0. .5 0. 0. 0. 0. 3. 3. .1 .010. 0. 0. 0. 0. 0. 0. 0. 15.0. 0. 0. 0. 0.
6G20. 0. 0. 0. 0. 0. 0. 0. .5 0. 0. 0. 0. 0. 0. 0. 0. 0. 0. 0. 0. 0. 0. .5 0.
6G30. 0. 0. 0. 0. 0. 0. 0. 0. 0. 0. 0. 0. 0. 0. 0. 0. 0. 0. 0. 0. 0. 0. 0. 0.
6G40. 0. .010. 0. 0. 0. 0. 0. 0. 0. 0. 0. 0. 0. 0. 0. 0. 0. 0. 0. 0. 0. 0. 0.
6G540.0. 0. 0. 0. 0. 0. 0.
6I17. 0. 1. 0. 0. 0. 0. 2. .5 0. .1 0. 0. 0. 0. 0. 0. .5 0. 17.0. 0. 0. 0. .1
6I20. 0. 0. 0. 0. 0. 0. 0. 4. 0. 0. 0. 0. 0. 0. 0. 0. 0. 0. 0. 0. 0. 0. .5 0.
6I30. 0. 0. 0. 0. 0. 0. 0. 0. 0. 0. 0. 0. 0. 0. 0. 0. 0. 0. 0. 0. 0. 0. 0. 0.
6I40. 0. 0. 0. 0. 0. 0. 0. 0. 0. 0. 0. 0. 0. 0. 0. 0. 0. 0. 0. 0. 0. 0. 0. 0.
6I538.0. 0. 0. 0. 0. 0. 0.
8A110.0. 0. 0. 0. 0. 0. 1. 2. 2. .1 0. 0. 0. 0. 0. 0. 0. 0. 10.0. 0. 0. 0. 0.
8A20. 0. 0. 0. 0. 0. 0. 0. .5 0. 0. 0. 0. 0. .01.1 0. 0. 0. 0. 0. 0. 0. .1 0.
8A30. 0. 0. 0. 0. 0. 0. 0. 0. 0. 0. 0. 0. 0. 0. 0. 0. 0. 0. 0. 0. 0. 0. 0. 0.
8A40. 0. .010. 0. 0. 0. 0. 0. 0. 0. 0. 0. 0. 0. 0. 0. 0. 0. 0. 0. 0. 0. 0. 0.
8A539.0. 0. 0. 0. 0. 0. 0.
8C115.0. .1 0. 0. 0. 0. .5 0. .1 .1 0. 0. 0. 0. 0. 0. .1 0. 25.0. 0. 0. 0. 0.
8C20. 0. 0. 0. 0. 0. 0. 0. 3. 0. 0. 0. 0. 0. 0. .010. .1 0. 0. 0. 0. 0. .1 0.
8C30. 0. 0. .010. 0. 0. 0. 0. 0. 0. 0. 0. 0. 0. 0. 0. 0. 0. 0. 0. 0. 0. 0. 0.
8C40. 0. .010. 0. 0. 0. 0. 0. 0. 0. 0. 0. 0. 0. 0. 0. 0. 0. 0. 0. 0. 0. 0. 0.
8C537.0. 0. 0. 0. 0. 0. 0.
8E117.0. 0. 0. 0. 0. 0. .5 4. 0. .010. 0. 0. 0. 0. 0. 0. 0. 17.0. 0. 0. 0. .1
8E20. 0. 0. 0. 0. 0. 0. 0. 2. 0. 0. 0. 0. 0. 0. .1 0. 0. 0. 0. 0. 0. 0. .5 0.
8E30. 0. 0. 0. 0. 0. 0. 0. 0. 0. 0. 0. 0. 0. 0. 0. 0. 0. 0. 0. 0. 0. 0. 0. 0.
8E40. 0. 0. 0. 0. 0. 0. 0. 0. 0. 0. 0. 0. 0. 0. 0. 0. 0. 0. 0. 0. 0. 0. 0. 0.
8E538.0. 0. 0. 0. 0. 0. 0.
8G110.0. 0. 0. 0. 0. 0. 1. 3. 0. .1 0. 0. 0. 0. 0. 0. .5 0. 8. 0. 0. 0. 0. 0.
8G20. 0. 0. 0. 0. 0. 0. 0. 2. 0. 0. 0. 0. 0. .1 .010. .1 0. .5 0. 0. 0. .1 0.
8G30. 0. 0. 0. 0. 0. 0. 0. 0. 0. 0. 0. 0. 0. 0. 0. 0. 0. 0. 0. 0. 0. 0. 0. 0.
8G40. 0. .010. 0. 0. 0. 0. 0. 0. 0. 0. 0. 0. 0. 0. 0. 0. 0. 0. 0. 0. 0. 0. 0.
8G539.0. 0. 0. 0. 0. 0. 0.
8I110.0. 0. 0. 0. 0. 0. 1. 2. 0. .010. 0. 0. 0. 0. 0. 1. 0. 20.0. 0. 0. 0. 0.
8I20. 0. 0. 0. 0. 0. 0. 0. 3. 0. 0. 0. 0. 0. .01.1 0. 0. 0. 0. 0. 0. 0. 1. 0.
8I30. 0. 0. .1 0. 0. 0. 0. 0. 0. 0. 0. 0. 0. 0. 0. 0. 0. 0. 0. 0. 0. 0. 0. 0.
8I40. .01.010. 0. 0. 0. 0. 0. 0. 0. 0. 0. 0. 0. 0. 0. 0. 0. 0. 0. 0. 0. 0. 0.
8I538.0. 0. 0. 0. 0. 0. 0.
0A120.0. 0. 0. 0. 0. 0. .1 0. 4. .5 0. 0. 0. 0. 0. 0. 1. 0. 2. 0. 0. 0. 0. .5
0A20. 0. 0. 0. 0. 0. 0. 0. 20.0. 0. 0. 0. 0. 1. .1 0. 0. 0. 0. 0. 0. 0. 5. 0.
0A30. 0. 0. .1 0. 0. 0. 0. 0. 0. 0. 0. 0. 0. 0. 0. 0. 0. 0. 0. 0. 0. 0. 0. 0.
0A40. .01.5 0. 0. 0. 0. 0. 0. 0. 0. 0. 0. 0. 0. 0. 0. 0. 0. 0. 0. 0. 0. 0. 0.
0A545.0. 0. 0. 0. 0. 0. 0.
0C115.0. 4. 0. 0. 0. 0. .1 0. 4. 1. 0. 0. 0. 0. 0. 0. .5 0. 3. 0. 0. 0. 0. 2.
0C20. 0. .5 0. 0. 0. .010. 15.0. .010. 0. 0. 3. .1 0. 0. 0. 0. 0. 0. 0. 3. 0.
0C30. 0. .010. 0. 0. 0. 0. .010. 0. 0. 0. 0. 0. 0. 0. 0. 0. 0. 0. 0. 0. .01.1
0C40. 0. 1. .1 0. 0. 0. 0. 0. 0. 0. 0. 0. 0. 0. 0. 0. 0. 0. 0. 0. 0. 0. 0. 0.
0C543.0. 0. 0. 0. 0. 0. 0.
0E125.0. 2. 0. 0. 0. 0. .1 .1 5. .5 0. 0. 0. 0. 0. 0. .5 0. 1. 0. 0. 0. 0. 1.
0E20. 0. .1 0. 0. 0. 0. 0. 25.0. 0. 0. 0. 0. 0. .1 0. 0. 0. 0. 0. 0. 0. 4. 0.
0E30. 0. 0. 0. 0. 0. 0. 0. 0. .1 0. 0. 0. 0. 0. 0. 0. 0. 0. 0. 0. 0. 0. 0. 0.
0E43. 0. .5 .5 0. 0. 0. 0. 0. 0. 0. 0. 0. 0. 0. 0. 0. 0. 0. 0. .010. 0. 0. 0.
0E545.0. 0. 0. 0. 0. 0. 0.
0G120.0. .5 0. 0. 0. 0. 1. 0. .5 .5 0. 0. 0. 0. 0. 0. 0. 0. 17.0. 0. 0. 0. .01
0G20. 0. .1 0. 0. 0. 0. 0. 5. 0. 0. 0. 0. 0. 0. .1 0. 0. 0. 0. 0. 0. 0. 5. 0.
0G30. 0. 0. .010. 0. 0. 0. 0. 0. 0. 0. 0. 0. 0. 0. 0. 0. 0. 0. 0. 0. 0. 0. 0.
0G40. .01.1 0. 0. 0. 0. 0. 0. 0. 0. 0. 0. 0. 0. 0. 0. 0. 0. 0. 0. 0. 0. 0. 0.
0G544.0. 0. 0. 0. 0. 0. 0.
0I15. 0. .5 0. 0. 0. 0. .5 0. 1. .1 0. 0. 0. 0. 0. 0. 0. 0. 25.0. 0. 0. 0. 0.
0I20. 0. 0. 0. 0. 0. 0. 0. 8. 0. 0. 0. 0. 0. 0. .1 0. 0. 0. 0. 0. 0. 0. 4. 0.
0I30. 0. 0. 0. 0. 0. 0. 0. 0. 0. 0. 0. 0. 0. 0. 0. 0. 0. 0. 0. 0. 0. 0. 0. 0.
0I40. 0. .1 0. 0. 0. 0. 0. 0. 0. 0. 0. 0. 0. 0. 0. 0. 0. 0. 0. 0. 0. 0. 0. 0.
0I545.0. 0. 0. 0. 0. 0. 0.
2A120.0. 7. 0. 0. 0. 0. .5 0. .1 .1 0. 0. 0. 0. 0. 0. .1 0. 20.0. 0. 0. 0. 0.
2A20. 0. 0. 0. 0. 0. 0. 0. 1. 0. 0. 0. 0. 0. 0. 0. 0. 0. 0. 0. 0. 0. 0. 5. 0.
2A30. 0. 0. 0. 0. 0. 0. 0. 0. 0. 0. 0. 0. 0. 0. 0. 0. 0. 0. 0. 0. 0. 0. 0. 0.
2A40. 0. .010. 0. 0. 0. 0. 0. 0. 0. 0. 0. 0. 0. 0. 0. 0. 0. 0. .010. 0. 0. 0.
2A545.0. 0. 0. 0. 0. 0. 0.
2C125.0. .5 0. 0. 0. 0. .5 .1 2. .5 0. 0. 0. 0. 0. 0. 0. 0. 12.0. 0. 0. 0. .1
2C20. 0. 0. 0. 0. 0. 0. 0. .5 0. 0. 0. 0. 0. 0. 0. 0. 0. 0. 0. 0. 0. 0. 2. 0.
2C30. 0. 0. 0. 0. 0. 0. 0. 0. 0. 0. 0. 0. 0. 0. 0. 0. 0. 0. 0. 0. 0. 0. 0. .1
2C40. 0. .010. 0. 0. 0. 0. 0. 0. 0. 0. 0. 0. 0. 0. 0. 0. 0. 0. 0. 0. 0. 0. 0.
2C548.0. 0. 0. 0. 0. 0. 0.
2E125.0. 3. 0. 0. 0. 0. .5 20.0. .5 0. 0. 0. 0. 0. 0. 1. 0. 12.0. 0. 0. 0. 0.
2E20. 0. 0. 0. 0. 0. 0. 0. 8. 0. 0. 0. 0. 0. 0. 0. 0. .010. 0. 0. 0. 0. 4. 0.
2E30. 0. 0. .1 0. 0. 0. 0. 0. 0. 0. 0. 0. 0. 0. 0. 0. 0. 0. 0. 0. 0. 0. 0. .01
2E40. 0. .5 0. 0. 0. 0. 0. 0. 0. 0. 0. 0. 0. 0. 0. 0. 0. 0. 0. .010. 0. 0. 0.
2E546.0. 0. 0. 0. 0. 0. 0.
2G14. 0. 2. 0. 0. 0. 0. 2. 0. 2. .5 0. 0. 0. 0. 0. 0. 0. 0. 15.0. 0. 0. 0. .1
2G20. 0. 0. 0. 0. 0. 0. 0. 5. 0. 0. 0. 0. 0. 0. 0. 0. 0. 0. 0. 0. 0. 0. 2. 0.
2G30. 0. 0. 0. 0. 0. 0. 0. 0. 0. 0. 0. 0. 0. 0. 0. 0. 0. 0. 0. 0. 0. 0. 0. 0.
2G40. 0. .5 0. 0. 0. 0. 0. 0. 0. 0. 0. 0. 0. 0. 0. 0. 0. 0. 0. 0. 0. 0. 0. 0.
2G546.0. 0. 0. 0. 0. 0. 0.
2I117.0. .5 0. 0. 0. 0. 1. .5 3. .5 0. 0. 0. 0. 0. 0. .1 0. 20.0. 0. 0. 0. .5
2I20. 0. 0. 0. 0. 0. 0. 0. 4. 0. 0. 0. 0. 0. 0. .1 0. 0. 0. 0. 0. 0. 0. 2. 0.
2I30. 0. 0. 0. 0. 0. 0. 0. 0. 0. 0. 0. 0. 0. 0. 0. 0. 0. 0. 0. 0. 0. 0. 0. 0.
2I40. 0. 0. 0. 0. 0. 0. 0. 0. 0. 0. 0. 0. 0. 0. 0. 0. 0. 0. 0. 0. 0. 0. 0. 0.
2I544.0. 0. 0. 0. 0. 0. 0.
4A115.0. 4. 0. 0. 0. 0. .5 0. 3. .5 0. 0. 0. 0. 0. 0. .1 0. 5. 0. 0. 0. 0. .1
4A20. 0. 0. 0. 0. 0. 0. 0. 8. 0. 0. 0. 0. 0. 0. 0. 0. 0. 0. 0. 0. 0. 0. 1. 0.
4A30. 0. 0. 0. .010. 0. .010. 0. 0. 0. 0. 0. 0. 0. 0. 0. 0. 0. 0. 0. 0. 0. 0.
4A40. .01.1 .1 0. 0. 0. 0. 0. 0. 0. 0. 0. 0. 0. 0. 0. 0. 0. 0. 0. 0. 0. 0. 0.
4A550.0. 0. 0. 0. 0. 0. 0.
4C115.0. 4. 0. 0. 0. 0. .5 15..5 .5 0. 0. 0. 0. 0. 0. .5 0. 12.0. 0. 0. 0. 0.
4C20. 0. 0. 0. 0. 0. 0. 0. .1 0. 0. 0. 0. 0. 0. 0. 0. 0. 0. 0. 0. 0. 0. 2. 0.
4C30. 0. 0. 0. 0. 0. 0. 0. 0. 0. 0. 0. 0. 0. 0. 0. 0. 0. 0. 0. 0. 0. 0. 0. 0.
4C40. .01.010. 0. 0. 0. 0. 0. 0. 0. 0. 0. 0. 0. 0. 0. 0. 0. 0. 0. 0. 0. 0. 0.
4C547.0. 0. 0. 0. 0. 0. 0.
4E112.0. 0. 0. 0. 0. 0. 1. 15..5 .5 0. 0. 0. 0. 0. 0. .5 0. 25.0. 0. 0. 0. 0.
4E20. 0. 0. 0. 0. 0. 0. 0. 4. 0. 0. 0. 0. 0. 0. .010. 0. 0. 0. 0. 0. 0. 3. 0.
4E30. 0. 0. 0. 0. 0. 0. 0. 0. 0. 0. 0. 0. 0. 0. 0. 0. 0. 0. 0. 0. 0. 0. 0. 0.
4E40. 0. 0. 0. 0. 0. 0. 0. 0. 0. 0. 0. 0. 0. 0. 0. 0. 0. 0. 0. 0. 0. 0. 0. 0.
4E547.0. 0. 0. 0. 0. 0. 0.
4G125.0. 2. 0. 0. 0. 0. 3. 3. 0. .5 0. 0. 0. 0. 0. 0. 0. 0. 30.0. 0. 0. 0. 0.
4G20. 0. 0. 0. 0. 0. 0. 0. 2. 0. 0. 0. 0. 0. 0. .1 0. 0. 0. 0. 0. 0. 0. 4. 0.
4G30. 0. 0. 0. 0. 0. 0. 0. 0. 0. 0. 0. 0. 0. 0. 0. 0. 0. 0. 0. 0. 0. 0. 0. 0.
4G40. 0. 0. 0. 0. 0. 0. 0. 0. 0. 0. 0. 0. 0. 0. 0. 0. 0. 0. 0. .010. 0. 0. 0.
4G548.0. 0. 0. 0. 0. 0. 0.
4I16. 0. 2. 0. 0. 0. 0. 2. 0. 0. .5 0. 0. 0. 0. 0. 0. .5 0. 20.0. 0. 0. 0. .5
4I20. 0. 0. 0. 0. 0. 0. 0. 2. 0. 0. 0. 0. 0. 0. .1 0. 0. 0. 0. 0. 0. 0. 8. 0.
4I30. 0. 0. 0. 0. 0. 0. 0. 0. 0. 0. 0. 0. 0. 0. 0. 0. 0. 0. 0. 0. 0. 0. 0. 0.
4I40. 0. .010. 0. 0. 0. 0. 0. 0. 0. 0. 0. 0. 0. 0. 0. 0. 0. 0. 0. 0. 0. 0. 0.
4I546.0. 0. 0. 0. 0. 0. 0.
6A16. 0. 5. 0. 0. 0. 0. 2. .5 0. .5 0. 0. 0. 0. 0. 0. .1 0. 8. 0. 0. 0. 0. 0.
6A20. 0. 0. 0. 0. 0. 0. 0. 5. 0. 0. 0. 0. 0. 0. .1 0. 0. 0. 0. 0. 0. 0. 5. 0.
6A30. 0. 0. 0. 0. 0. 0. .010. 0. 0. 0. 0. 0. 0. 0. 0. 0. 0. 0. 0. 0. 0. 0. 0.
6A40. 0. .1 0. 0. 0. 0. 0. 0. 0. 0. 0. 0. 0. 0. 0. 0. 0. 0. 0. 0. 0. 0. 0. 0.
6A545.0. 0. 0. 0. 0. 0. 0.
6C117.0. 3. 0. 0. 0. 0. 1. 5. 0. .5 0. 0. 0. 0. 0. 0. .1 0. 20.0. 0. 0. 0. .1
6C20. 0. 0. 0. 0. 0. 0. 0. 5. 0. 0. 0. 0. 0. .01.1 0. 0. 0. 0. 0. 0. 0. 3. 0.
6C30. 0. 0. 0. .010. 0. 0. 0. 0. 0. 0. 0. 0. 0. 0. 0. 0. 0. 0. 0. 0. 0. 0. 0.
6C40. 0. .1 0. 0. 0. 0. 0. 0. 0. 0. 0. 0. 0. 0. 0. 0. 0. 0. 0. 0. 0. 0. 0. 0.
6C547.0. 0. 0. 0. 0. 0. 0.
6E110.0. 6. 0. 0. 0. 0. 4. 1. .1 2. 0. 0. 0. 0. 0. 0. .1 0. 10.0. 0. 0. 0. 2.
6E20. 0. .1 0. 0. 0. 0. 0. 2. 0. 0. 0. 0. 0. 0. 0. 0. 0. 0. 0. 0. 0. 0. 4. 0.
6E30. 0. 0. 0. 0. 0. 0. .010. 0. 0. 0. 0. 0. 0. 0. 0. 0. 0. 0. 0. 0. 0. 0. 0.
6E40. 0. .1 0. 0. 0. 0. 0. 0. 0. 0. 0. 0. 0. 0. 0. 0. 0. 0. 0. 0. 0. 0. 0. 0.
6E546.0. 0. 0. 0. 0. 0. 0.
6G112.0. 0. 0. 0. 0. 0. 5. 10.0. .5 0. 0. 0. 0. 0. 0. 0. 0. 15.0. 0. 0. 0. 0.
6G20. 0. 0. 0. 0. 0. 0. 0. 2. 0. 0. 0. 0. 0. 0. 0. 0. .1 0. 0. 0. 0. 0. 6. 0.
6G30. 0. 0. 0. 0. 0. 0. 0. 0. 0. 0. 0. 0. 0. 0. 0. 0. 0. 0. 0. 0. 0. 0. 0. 0.
6G40. 0. .010. 0. 0. 0. 0. 0. 0. 0. 0. 0. 0. 0. 0. 0. 0. 0. 0. 0. 0. 0. 0. 0.
6G548.0. 0. 0. 0. 0. 0. 0.
6I110.0. 2. 0. 0. 0. 0. 4. .5 0. .5 0. 0. 0. 0. 0. 0. .5 0. 20.0. 0. 0. 0. .5
6I20. 0. 0. 0. 0. 0. 0. 0. 5. 0. 0. 0. 0. 0. 0. 0. 0. 0. 0. 0. 0. 0. 0. 10.0.
6I30. 0. 0. 0. 0. 0. 0. 0. 0. 0. 0. 0. 0. 0. 0. 0. 0. 0. 0. 0. 0. 0. 0. 0. 0.
6I40. .01.010. 0. 0. 0. 0. 0. 0. 0. 0. 0. 0. 0. 0. 0. 0. 0. 0. 0. 0. 0. 0. 0.
6I544.0. 0. 0. 0. 0. 0. 0.
8A115.0. 0. 0. 0. 0. 0. 1. 5. 3. 1. 0. 0. 0. 0. 0. 0. 0. 0. 15.0. 0. 0. 0. .5
8A20. 0. 0. 0. 0. 0. 0. 0. 2. 0. 0. 0. 0. 0. .1 .1 0. 0. 0. 0. 0. 0. 0. 6. 0.
8A30. 0. 0. 0. 0. 0. 0. 0. 0. 0. 0. 0. 0. 0. 0. 0. 0. 0. 0. 0. 0. 0. 0. 0. 0.
8A40. .01.010. 0. 0. 0. 0. 0. 0. 0. 0. 0. 0. 0. 0. 0. 0. 0. 0. 0. 0. 0. 0. 0.
8A548.0. 0. 0. 0. 0. 0. 0.
8C16. 0. .5 0. 0. 0. 0. 1. 0. .01.1 0. 0. 0. 0. 0. 0. .1 0. 30.0. 0. 0. 0. 0.
8C20. 0. 0. 0. 0. 0. 0. 0. 3. 0. 0. 0. 0. 0. 0. .010. .1 0. 0. 0. 0. 0. 5. 0.
8C30. 0. 0. 0. 0. 0. 0. 0. 0. 0. 0. 0. 0. 0. 0. 0. 0. 0. 0. 0. 0. 0. 0. 0. 0.
8C40. 0. 0. 0. 0. 0. 0. 0. 0. 0. 0. 0. 0. 0. 0. 0. 0. 0. 0. 0. 0. 0. 0. 0. 0.
8C545.0. 0. 0. 0. 0. 0. 0.
8E117.0. 0. 0. 0. 0. 0. 1. 8. 0. .5 0. 0. 0. 0. 0. 0. 0. 0. 20.0. 0. 0. 0. 0.
8E20. 0. 0. 0. 0. 0. 0. 0. 4. 0. 0. 0. 0. 0. .010. 0. 0. 0. 0. 0. 0. 0. 8. 0.
8E30. 0. 0. 0. 0. 0. 0. 0. 0. 0. 0. 0. 0. 0. 0. 0. 0. 0. 0. 0. 0. 0. 0. 0. 0.
8E40. 0. .010. 0. 0. 0. 0. 0. 0. 0. 0. 0. 0. 0. 0. 0. 0. 0. 0. 0. 0. 0. 0. 0.
8E547.0. 0. 0. 0. 0. 0. 0.
8G117.0. 0. 0. 0. 0. 0. 1. 6. 0. 1. 0. 0. 0. 0. 0. 0. .5 0. 12.0. 0. 0. 0. 0.
8G20. 0. 0. 0. 0. 0. 0. 0. 5. 0. 0. 0. 0. 0. .1 .010. .1 0. .5 0. 0. 0. 2. 0.
8G30. 0. 0. 0. .1 0. 0. 0. 0. 0. 0. 0. 0. 0. 0. 0. 0. 0. 0. 0. 0. 0. 0. 0. 0.
8G40. 0. .010. 0. 0. 0. 0. 0. 0. 0. 0. 0. 0. 0. 0. 0. 0. 0. 0. 0. 0. 0. 0. 0.
8G549.0. 0. 0. 0. 0. 0. 0.
8I115.0. 0. 0. 0. 0. 0. 2. 4. 0. .5 0. 0. 0. 0. 0. 0. .1 0. 20.0. 0. 0. 0. 0.
8I20. 0. 0. 0. 0. 0. 0. 0. 4. 0. 0. 0. 0. 0. .01.1 0. 0. 0. 0. 0. 0. 0. 8. 0.
8I30. 0. 0. .1 0. 0. 0. 0. 0. 0. 0. 0. 0. 0. 0. 0. 0. 0. 0. 0. 0. 0. 0. 0. 0.
8I40. 0. .010. 0. 0. 0. 0. 0. 0. 0. 0. 0. 0. 0. 0. 0. 0. 0. 0. 0. 0. 0. 0. 0.
8I548.0. 0. 0. 0. 0. 0. 0.
0A120.0. .1 0. 0. 0. 0. .1 0. 3. 2. 0. 0. 0. 0. 0. 0. 1. 0. 2. 0. 0. 0. 0. .5
0A20. 0. 0. 0. 0. 0. 0. 0. 12.0. 0. 0. 0. 0. .5 .1 0. 0. 0. 0. 0. 0. 0. 8. 0.
0A30. 0. .1 .1 0. .010. .1 0. 0. 0. 0. 0. 0. 0. 0. 0. 0. 0. 0. 0. 0. 0. 0. 0.
0A40. .01.5 .1 0. 0. 0. 0. 0. 0. 0. 0. 0. 0. 0. 0. 0. 0. 0. 0. 0. 0. 0. 0. .01
0A556.0. 0. 0. 0. 0. 0. 0.
0C112.0. 4. 0. 0. 0. 0. .1 .1 2. 3. 0. 0. 0. 0. 0. 0. .5 0. 2. 0. 0. 0. 0. 4.
0C20. 0. .5 0. 0. 0. 0. 0. 6. 0. 0. 0. 0. 0. 2. .1 0. 0. .010. 0. 0. 0. 1. 0.
0C30. 0. .1 0. 0. .1 0. .1 0. 0. 0. 0. 0. 0. 0. 0. 0. 0. 0. 0. 0. 0. 0. .1 .01
0C40. 0. .5 0. 0. 0. 0. 0. 0. 0. 0. 0. 0. 0. 0. 0. 0. 0. 0. 0. 0. 0. 0. 0. 0.
0C552.0. 0. 0. 0. 0. 0. 0.
0E120.0. 1. 0. 0. 0. 0. 0. 0. 4. 3. 0. 0. 0. 0. 0. 0. .5 0. 1. 0. 0. 0. 0. 2.
0E20. 0. .5 0. 0. 0. 0. 0. 15.0. .010. 0. 0. .1 .1 0. 0. 0. 0. 0. 0. 0. 2. 0.
0E30. 0. .1 .010. .010. .010. 0. 0. 0. 0. 0. 0. 0. 0. 0. 0. 0. 0. 0. 0. 0. 0.
0E4.5 .01.1 .5 0. 0. 0. 0. 0. 0. 0. 0. 0. 0. 0. 0. 0. 0. 0. .01.010. 0. 0. 0.
0E553.0. 0. 0. 0. 0. 0. 0.
0G120.0. .5 0. 0. 0. 0. .5 0. 2. 2. 0. 0. 0. 0. 0. 0. 0. 0. 20.0. 0. 0. 0. 0.
0G20. 0. 0. 0. 0. 0. 0. 0. 6. 0. 0. 0. 0. 0. 0. .1 0. 0. 0. 0. 0. 0. 0. 3. 0.
0G30. 0. 0. .010. .010. 0. 0. 0. 0. 0. 0. 0. 0. 0. 0. 0. 0. 0. 0. 0. 0. 0. 0.
0G40. 0. .5 0. 0. 0. 0. 0. 0. 0. 0. .010. 0. 0. 0. 0. 0. 0. 0. 0. 0. 0. 0. .01
0G554.0. 0. 0. 0. 0. 0. 0.
0I14. 0. .5 0. 0. 0. 0. 1. 0. 1. 1. 0. 0. 0. 0. 0. 0. .1 0. 25.0. 0. 0. 0. 0.
0I20. 0. 0. 0. 0. 0. 0. .015. 0. 0. 0. 0. 0. 0. .1 0. 0. 0. 0. 0. 0. 0. 2. 0.
0I30. 0. 0. 0. 0. 0. 0. 0. 0. 0. 0. 0. 0. 0. 0. 0. 0. 0. 0. 0. 0. 0. 0. 0. 0.
0I40. .01.010. 0. 0. 0. 0. 0. 0. 0. .010. 0. 0. 0. 0. 0. 0. 0. 0. 0. 0. 0. 0.
0I554.0. 0. 0. 0. 0. 0. 0.
2A117.0. 5. 0. 0. 0. 0. 1. 0. .5 1. 0. 0. 0. 0. 0. 0. .1 0. 15.0. 0. 0. 0. 0.
2A20. 0. 0. 0. 0. 0. 0. 0. .5 0. 0. 0. 0. 0. 0. 0. 0. 0. 0. 0. 0. 0. 0. 5. 0.
2A30. 0. 0. .010. 0. 0. 0. 0. 0. 0. 0. 0. 0. 0. 0. 0. 0. 0. 0. 0. 0. 0. 0. 0.
2A40. 0. .010. 0. 0. 0. 0. 0. 0. 0. .010. 0. 0. 0. 0. 0. 0. 0. 0. .010. 0. 0.
2A556.0. 0. 0. 0. 0. 0. 0.
2C120.0. .5 .1 0. 0. 0. .1 .1 1. 2. 0. 0. 0. 0. 0. 0. 0. 0. 10.0. 0. 0. 0. .1
2C20. 0. 0. 0. 0. 0. 0. 0. .5 0. 0. 0. 0. 0. .010. 0. 0. 0. 0. 0. 0. 0. 4. 0.
2C30. 0. 0. 0. 0. 0. 0. 0. 0. 0. 0. 0. 0. 0. 0. 0. 0. 0. 0. 0. 0. 0. 0. 0. .1
2C40. 0. .010. 0. 0. 0. 0. 0. 0. 0. .010. 0. 0. 0. 0. 0. 0. .010. 0. 0. 0. .01
2C559.0. 0. 0. 0. 0. 0. 0.
2E120.0. 3. 0. 0. 0. 0. .1 12.3. 2. 0. 0. 0. 0. 0. 0. 2. 0. 10.0. 0. 0. 0. .1
2E20. 0. 0. 0. 0. 0. 0. 0. 10.0. 0. 0. 0. 0. .1 .1 0. 0. 0. 0. 0. 0. 0. 3. 0.
2E30. 0. 0. .1 0. 0. 0. 0. 0. 0. 0. 0. 0. 0. 0. 0. 0. 0. 0. 0. 0. 0. 0. 0. 0.
2E40. .011. 0. 0. 0. 0. 0. 0. 0. 0. 0. 0. 0. 0. 0. 0. 0. 0. 0. 0. 0. 0. 0. 0.
2E559.0. 0. 0. 0. 0. 0. 0.
2G13. 0. 1. 0. 0. 0. 0. .5 0. 1. 2. 0. 0. 0. 0. 0. 0. 0. 0. 12.0. 0. 0. 0. .5
2G20. 0. 0. 0. 0. 0. 0. 0. 4. 0. .010. 0. 0. .5 .1 0. 0. 0. 0. 0. 0. 0. 2. 0.
2G30. 0. 0. 0. .1 0. 0. .010. 0. 0. 0. 0. 0. 0. 0. 0. 0. 0. 0. 0. 0. 0. 0. 0.
2G40. 0. .5 .1 0. 0. 0. 0. 0. 0. 0. .010. 0. 0. 0. 0. 0. 0. 0. 0. 0. 0. 0. .01
2G558.0. 0. 0. 0. 0. 0. 0.
2I115.0. .5 0. 0. 0. 0. .5 2. 1. 1. 0. 0. 0. 0. 0. 0. .1 0. 20.0. 0. 0. 0. .1
2I20. 0. 0. 0. 0. 0. 0. 0. 4. 0. 0. 0. 0. 0. 0. .1 0. 0. 0. 0. 0. 0. 0. 2. 0.
2I30. 0. 0. 0. 0. 0. 0. 0. 0. 0. 0. 0. 0. 0. 0. 0. 0. 0. 0. 0. 0. 0. 0. 0. 0.
2I40. .01.010. 0. 0. 0. 0. 0. 0. 0. .010. 0. 0. 0. 0. 0. 0. .010. 0. 0. 0. 0.
2I555.0. 0. 0. 0. 0. 0. 0.
4A115.0. 3. 0. 0. 0. 0. .5 0. 1. 2. 0. 0. 0. 0. 0. 0. .5 0. 4. 0. 0. 0. 0. .1
4A20. 0. 0. 0. 0. 0. 0. 0. 4. 0. 0. .010. 0. .010. 0. .010. 0. 0. 0. 0. 1. 0.
4A30. 0. 0. 0. .1 0. 0. .1 0. 0. 0. 0. 0. 0. 0. 0. 0. 0. 0. 0. 0. 0. 0. 0. 0.
4A40. .01.1 0. 0. 0. 0. 0. 0. 0. 0. 0. 0. 0. 0. 0. 0. 0. 0. 0. 0. 0. 0. 0. .01
4A558.0. 0. 0. 0. 0. 0. 0.
4C112.0. 2. 0. 0. 0. 0. .5 15..1 2. 0. 0. 0. 0. 0. 0. .5 0. 8. 0. 0. 0. 0. 0.
4C20. 0. 0. 0. 0. 0. 0. .01.5 0. 0. 0. 0. 0. 0. 0. 0. .1 0. 0. 0. 0. 0. .5 0.
4C30. 0. 0. 0. 0. 0. 0. .010. 0. 0. 0. 0. 0. 0. 0. 0. 0. 0. 0. 0. 0. 0. 0. 0.
4C40. .01.1 0. 0. 0. 0. 0. 0. 0. 0. .010. 0. 0. 0. 0. 0. 0. 0. 0. 0. 0. 0. 0.
4C556.0. 0. 0. 0. 0. 0. 0.
4E112.0. 0. 0. 0. 0. 0. 2. 4. .1 1. 0. 0. 0. 0. 0. 0. .5 0. 20.0. 0. 0. 0. 0.
4E20. 0. 0. .1 0. 0. 0. 0. 3. 0. 0. 0. 0. 0. 0. 0. 0. .1 0. 0. 0. 0. 0. 2. 0.
4E30. 0. 0. 0. 0. 0. 0. 0. 0. 0. 0. 0. 0. 0. 0. 0. 0. 0. 0. 0. 0. 0. 0. 0. 0.
4E40. 0. .010. 0. 0. 0. 0. 0. 0. 0. .010. 0. 0. 0. 0. 0. 0. 0. 0. 0. 0. 0. 0.
4E555.0. 0. 0. 0. 0. 0. 0.
4G117.0. 1. 0. 0. 0. 0. 1. 1. 0. 1. 0. 0. 0. 0. 0. 0. .010. 20.0. 0. 0. 0. 0.
4G20. 0. 0. .010. 0. 0. 0. 1. 0. 0. 0. 0. 0. 0. .1 0. 0. 0. 0. 0. 0. 0. 6. 0.
4G30. 0. 0. 0. 0. 0. 0. 0. 0. 0. 0. 0. 0. 0. 0. 0. 0. 0. 0. 0. 0. 0. 0. 0. 0.
4G40. 0. 0. 0. 0. 0. 0. 0. 0. 0. 0. .010. 0. 0. 0. 0. 0. 0. 0. 0. 0. 0. 0. 0.
4G558.0. 0. 0. 0. 0. 0. 0.
4I16. 0. 2. 0. 0. 0. 0. 1. 0. 0. 2. 0. 0. 0. 0. 0. 0. 1. 0. 15.0. 0. 0. 0. 0.
4I20. 0. 0. 0. 0. 0. 0. 0. 2. 0. 0. 0. 0. 0. 0. .1 0. 0. 0. 0. 0. 0. 0. 5. 0.
4I30. 0. 0. 0. 0. 0. 0. 0. 0. 0. 0. 0. 0. 0. 0. 0. 0. 0. 0. 0. 0. 0. 0. 0. 0.
4I40. 0. 0. 0. 0. 0. 0. 0. 0. 0. 0. .010. 0. 0. 0. 0. 0. 0. 0. 0. 0. 0. 0. 0.
4I557.0. 0. 0. 0. 0. 0. 0.
6A16. 0. 3. 0. 0. 0. 0. .5 .5 0. 2. 0. 0. 0. 0. 0. 0. .5 0. 5. 0. 0. 0. 0. 0.
6A20. 0. 0. 0. 0. 0. 0. .014. 0. 0. 0. 0. 0. 0. .5 0. 0. 0. 0. .010. 0. 3. 0.
6A30. 0. 0. 0. 0. 0. 0. .1 0. 0. 0. 0. 0. 0. 0. 0. 0. 0. 0. 0. 0. 0. 0. 0. 0.
6A40. 0. .1 0. 0. 0. 0. 0. 0. 0. 0. .010. 0. 0. 0. 0. 0. 0. 0. 0. 0. 0. 0. 0.
6A556.0. 0. 0. 0. 0. 0. 0.
6C112.0. 2. 0. 0. 0. 0. .5 4. 0. 2. 0. 0. 0. 0. 0. 0. .5 0. 20.0. 0. 0. 0. .5
6C20. 0. 0. 0. 0. 0. 0. 0. 4. 0. 0. 0. 0. 0. .1 .1 0. 0. 0. 0. 0. 0. 0. 2. 0.
6C30. 0. 0. 0. 0. 0. 0. .010. 0. 0. 0. 0. 0. 0. 0. 0. 0. 0. 0. 0. 0. 0. 0. 0.
6C40. .010. 0. 0. 0. 0. 0. 0. 0. 0. .1 0. 0. 0. 0. 0. 0. 0. 0. 0. 0. 0. 0. .01
6C556.0. 0. 0. 0. 0. 0. 0.
6E15. 0. 5. .1 0. 0. 0. .5 2. .1 3. 0. 0. 0. 0. 0. 0. .5 0. 6. 0. 0. 0. 0. .5
6E20. 0. .1 0. 0. 0. 0. 0. 1. 0. 0. 0. 0. 0. .1 0. 0. 0. 0. 0. 0. 0. 0. 2. 0.
6E30. 0. 0. .010. 0. 0. 0. 0. 0. 0. 0. 0. 0. 0. 0. 0. 0. 0. 0. 0. 0. 0. 0. 0.
6E40. 0. .1 0. 0. 0. 0. 0. 0. 0. 0. .010. 0. 0. 0. 0. 0. 0. 0. 0. 0. 0. 0. .01
6E556.0. 0. 0. 0. 0. 0. 0.
6G112.0. .5 0. 0. 0. 0. 3. 5. 0. 1. 0. 0. 0. 0. 0. 0. 0. 0. 15.0. 0. 0. 0. 0.
6G20. 0. 0. 0. 0. 0. 0. 0. 2. 0. 0. 0. 0. 0. 0. .010. 0. 0. 0. 0. 0. 0. 4. 0.
6G30. 0. 0. 0. 0. 0. 0. 0. 0. 0. 0. 0. 0. 0. 0. 0. 0. 0. 0. 0. 0. 0. 0. 0. 0.
6G40. 0. 0. 0. 0. 0. 0. 0. 0. 0. 0. .010. 0. 0. 0. 0. 0. 0. 0. 0. 0. 0. 0. .01
6G557.0. 0. 0. 0. 0. 0. 0.
6I18. 0. 1. 0. 0. 0. 0. 1. .1 0. 1. 0. 0. 0. 0. 0. 0. .5 0. 20.0. 0. 0. 0. .5
6I20. 0. 0. 0. 0. 0. 0. .015. 0. 0. 0. 0. 0. 0. .010. 0. 0. 0. 0. 0. 0. 6. 0.
6I30. 0. 0. 0. 0. 0. 0. 0. 0. 0. 0. 0. 0. 0. 0. 0. 0. 0. 0. 0. 0. 0. 0. 0. 0.
6I40. .010. 0. 0. 0. 0. 0. 0. 0. 0. .010. 0. 0. 0. 0. 0. 0. 0. 0. 0. 0. 0. .01
6I558.0. 0. 0. 0. 0. 0. 0.
8A115.0. 0. 0. 0. 0. 0. .5 3. 2. 4. 0. .010. 0. 0. 0. 0. 0. 10.0. 0. 0. 0. .5
8A20. 0. 0. 0. 0. 0. 0. 0. 1. 0. 0. 0. 0. 0. .01.1 0. 0. 0. 0. 0. 0. 0. 2. 0.
8A30. 0. 0. 0. .1 0. 0. .010. 0. 0. 0. 0. 0. 0. 0. 0. 0. 0. 0. 0. 0. 0. 0. 0.
8A40. .010. 0. 0. 0. 0. 0. 0. 0. 0. .1 0. 0. 0. 0. 0. 0. 0. 0. 0. 0. 0. 0. 0.
8A558.0. 0. 0. 0. 0. 0. 0.
8C16. 0. 0. 0. 0. 0. 0. .5 0. 0. 1. 0. 0. 0. 0. 0. 0. .5 0. 25.0. 0. 0. 0. 0.
8C20. 0. 0. 0. 0. 0. 0. 0. 2. 0. 0. 0. 0. 0. 0. 0. 0. 0. 0. 0. 0. 0. 0. 3. 0.
8C30. 0. 0. 0. 0. 0. 0. 0. 0. 0. 0. 0. 0. 0. 0. 0. 0. 0. 0. 0. 0. 0. 0. 0. .1
8C40. 0. .010. 0. 0. 0. 0. 0. 0. 0. .010. 0. 0. 0. 0. 0. 0. .010. 0. 0. 0. 0.
8C554.0. 0. 0. 0. 0. 0. 0.
8E117.0. 0. 0. 0. 0. 0. .5 4. 0. .5 0. 0. 0. 0. 0. 0. 0. 0. 15.0. 0. 0. 0. .1
8E20. 0. 0. 0. 0. 0. 0. .012. 0. 0. 0. 0. 0. 0. 0. 0. 0. 0. 0. 0. 0. 0. 3. 0.
8E30. 0. 0. 0. 0. 0. 0. 0. 0. 0. 0. 0. 0. 0. 0. 0. 0. 0. 0. 0. 0. 0. 0. 0. 0.
8E40. 0. 0. 0. 0. 0. 0. 0. 0. 0. 0. .010. 0. 0. 0. 0. 0. 0. 0. 0. 0. 0. 0. .01
8E556.0. 0. 0. 0. 0. 0. 0.
8G112.0. .1 0. 0. 0. 0. .5 4. 0. 2. 0. 0. 0. 0. 0. 0. 1. 0. 10.0. 0. 0. 0. 0.
8G20. 0. 0. 0. 0. 0. 0. 0. 2. 0. 0. 0. 0. 0. .1 0. 0. 0. 0. .5 0. 0. 0. .5 0.
8G30. 0. 0. 0. 0. 0. 0. 0. 0. 0. 0. 0. 0. 0. 0. 0. 0. 0. 0. 0. 0. 0. 0. 0. 0.
8G40. 0. .010. 0. 0. 0. 0. 0. 0. 0. .010. 0. 0. 0. 0. 0. 0. 0. 0. 0. 0. 0. .01
8G558.0. 0. 0. 0. 0. 0. 0.
8I110.0. 0. 0. 0. 0. 0. 1. 3. 0. 3. 0. 0. 0. 0. 0. 0. .5 0. 20.0. 0. 0. 0. 0.
8I20. 0. 0. 0. 0. 0. 0. 0. 2. 0. 0. 0. 0. 0. .1 .1 0. 0. 0. 0. 0. 0. 0. 3. 0.
8I30. 0. 0. 0. 0. 0. 0. 0. 0. 0. 0. 0. 0. 0. 0. 0. 0. 0. 0. 0. 0. 0. 0. 0. 0.
8I40. .010. 0. 0. 0. 0. 0. 0. 0. 0. .1 0. 0. 0. 0. 0. 0. 0. 0. 0. 0. 0. 0. .01
8I558.0. 0. 0. 0. 0. 0. 0.
0A117.0. .010. .1 0. 0. 1. 0. 3. 3. 0. 0. 0. .010. 0. 2. 0. 2. 0. 0. 0. 0. 1.
0A20. 0. 0. 0. 0. 0. 0. .0115.0. 0. .1 0. 0. 1. .5 0. 0. 0. 0. 0. 0. 0. 25.0.
0A30. 0. .01.010. .1 0. .1 0. 0. 0. 0. 0. 0. 0. 0. 0. 0. 0. 0. 0. 0. 0. 0. 0.
0A40. .01.5 0. .010. 0. 0. 0. 0. 0. 0. 0. 0. 0. 0. 0. 0. 0. .010. 0. 0. 0. .01
0A554.0. 0. 0. 0. 0. 0. 0.
0C115.0. 4. 0. 0. 0. 0. .1 .5 2. 5. 0. 0. 0. 0. 0. 0. .5 0. 3. 0. 0. 0. 0. 8.
0C20. 0. 1. 0. 0. 0. 0. 0. 15.0. .1 0. 0. 0. 2. .1 0. 0. 0. 0. 0. 0. 0. 8. 0.
0C30. 0. .010. .1 .1 .1 .1 .01.1 0. 0. 0. 0. 0. 0. 0. 0. 0. 0. 0. 0. 0. .1 .01
0C40. 0. 2. .1 0. 0. 0. 0. 0. 0. 0. 0. 0. 0. 0. 0. 0. 0. 0. 0. 0. 0. 0. 0. .01
0C553.0. 0. 0. 0. 0. 0. 0.
0E120.0. 2. 0. 0. 0. 0. 0. 0. 3. 4. 0. 0. 0. 0. 0. 0. 2. 0. 2. 0. 0. 0. 0. 3.
0E20. 0. .5 0. 0. 0. 0. 0. 15.0. 0. 0. 0. 0. 0. .1 0. .010. 0. 0. 0. 0. 12.0.
0E30. 0. .1 0. 0. .010. .1 0. .1 0. 0. 0. 0. 0. 0. 0. 0. 0. 0. 0. 0. 0. 0. 0.
0E4.5 0. .5 0. 0. 0. 0. 0. 0. 0. 0. 0. 0. 0. 0. 0. 0. 0. 0. .01.010. 0. 0. 0.
0E555.0. 0. 0. 0. 0. 0. 0.
0G120.0. .5 0. 0. 0. 0. .5 0. 1. 4. 0. 0. 0. 0. 0. 0. 0. 0. 20.0. 0. 0. 0. 0.
0G20. 0. 0. 0. 0. 0. 0. .018. 0. 0. 0. 0. 0. 0. .5 0. 0. 0. 0. 0. 0. 0. 12.0.
0G30. 0. 0. 0. .1 0. 0. 0. 0. 0. 0. 0. 0. 0. 0. 0. 0. 0. 0. 0. 0. 0. 0. 0. 0.
0G40. 0. .5 0. 0. 0. 0. 0. 0. 0. 0. 0. 0. 0. 0. 0. 0. 0. 0. 0. .010. 0. 0. .01
0G554.0. 0. 0. 0. 0. 0. 0.
0I15. 0. 1. 0. 0. 0. 0. 2. 0. .1 3. 0. 0. 0. 0. 0. 0. .5 0. 30.0. 0. 0. 0. .5
0I20. 0. .1 0. 0. 0. 0. .018. 0. 0. 0. 0. 0. 0. .1 0. 0. 0. 0. 0. 0. 0. 10.0.
0I30. 0. 0. 0. 0. 0. 0. 0. 0. 0. 0. 0. 0. 0. 0. 0. 0. 0. 0. 0. 0. 0. 0. 0. 0.
0I40. 0. .1 0. 0. 0. 0. 0. 0. 0. 0. 0. 0. 0. 0. 0. 0. 0. 0. 0. 0. 0. 0. 0. .01
0I554.0. 0. 0. 0. 0. 0. 0.
2A117.0. 5. 0. 0. 0. 0. 1. 0. .5 3. 0. 0. 0. 0. 0. 0. 2. 0. 25.0. 0. 0. 0. .5
2A20. 0. 0. 0. 0. 0. 0. .012. 0. 0. 0. 0. 0. 0. .1 0. 0. 0. 0. 0. 0. 0. 15.0.
2A30. 0. 0. .010. 0. 0. 0. 0. 0. 0. 0. 0. 0. 0. 0. 0. 0. 0. 0. 0. 0. 0. 0. 0.
2A40. .01.1 0. 0. 0. 0. 0. 0. 0. 0. 0. 0. 0. 0. 0. 0. 0. 0. .01.010. 0. 0. 0.
2A553.0. 0. 0. 0. 0. 0. 0.
2C120.0. 1. 0. 0. 0. 0. 2. 0. 0. 4. 0. 0. 0. 0. 0. 0. .1 0. 12.0. 0. 0. 0. .5
2C20. 0. 0. 0. 0. 0. 0. 0. 1. 0. 0. 0. 0. 0. 0. 0. 0. 0. 0. 0. 0. 0. 0. 15.0.
2C30. 0. 0. 0. 0. 0. 0. 0. 0. 0. 0. 0. 0. 0. 0. 0. 0. 0. 0. 0. 0. 0. 0. 0. .1
2C40. 0. .1 0. 0. 0. 0. 0. 0. 0. 0. 0. 0. 0. 0. 0. 0. 0. 0. .010. 0. 0. 0. .01
2C556.0. 0. 0. 0. 0. 0. 0.
2E117.0. 3. 0. 0. 0. 0. .5 15..5 3. 0. 0. 0. 0. 0. 0. 4. 0. 12.0. 0. 0. 0. .1
2E20. 0. 0. 0. 0. 0. 0. 0. 5. 0. 0. 0. 0. 0. 0. 0. 0. 0. 0. 0. 0. 0. 0. 10.0.
2E30. 0. 0. 0. 0. 0. 0. 0. 0. 0. 0. 0. 0. 0. 0. 0. 0. 0. 0. 0. 0. 0. 0. 0. 0.
2E40. .01.5 0. 0. 0. 0. 0. 0. 0. 0. 0. 0. 0. 0. 0. 0. 0. 0. 0. 0. 0. 0. 0. .01
2E556.0. 0. 0. 0. 0. 0. 0.
2G12. 0. 1. 0. 0. 0. 0. 1. 0. .1 4. 0. 0. 0. 0. 0. 0. .1 0. 15.0. 0. 0. 0. .5
2G20. 0. 0. 0. 0. 0. 0. .1 4. 0. .1 0. 0. 0. .1 .5 0. 0. 0. 0. 0. 0. 0. 15.0.
2G30. 0. 0. 0. .1 0. 0. .1 0. 0. 0. 0. 0. 0. 0. 0. 0. 0. 0. 0. 0. 0. 0. 0. 0.
2G40. 0. 1. 0. 0. 0. 0. 0. 0. 0. 0. 0. 0. 0. 0. 0. 0. 0. 0. 0. 0. 0. 0. 0. .01
2G556.0. 0. 0. 0. 0. 0. 0.
2I112.0. .5 0. 0. 0. 0. 1. 0. 4. 3. 0. 0. 0. 0. 0. 0. 1. 0. 25.0. 0. 0. 0. 1.
2I20. 0. 0. 0. 0. 0. 0. .015. 0. 0. 0. 0. 0. 0. .1 0. 0. 0. 0. 0. 0. 0. 8. 0.
2I30. 0. 0. 0. 0. 0. 0. .010. 0. 0. 0. 0. 0. 0. 0. 0. 0. 0. 0. 0. 0. 0. 0. 0.
2I40. 0. .1 0. 0. 0. 0. 0. 0. 0. 0. 0. 0. 0. 0. 0. 0. 0. 0. 0. 0. 0. 0. 0. .01
2I554.0. 0. 0. 0. 0. 0. 0.
4A112.0. 3. 0. 0. 0. 0. 1. 0. 3. 4. 0. 0. 0. 0. 0. 0. 2. 0. 8. 0. 0. 0. 0. 1.
4A20. 0. .1 0. 0. 0. 0. 0. 8. 0. 0. 0. 0. 0. 0. 0. 0. 0. 0. 0. 0. 0. 0. 5. 0.
4A30. 0. 0. 0. .1 0. 0. .1 0. 0. 0. 0. 0. 0. 0. 0. 0. 0. 0. 0. 0. 0. 0. 0. 0.
4A40. .01.5 0. 0. 0. 0. 0. 0. 0. 0. 0. 0. 0. 0. 0. 0. 0. 0. .010. 0. 0. 0. .1
4A560.0. 0. 0. 0. 0. 0. 0.
4C115.0. 3. 0. 0. 0. 0. 2. 20..5 5. 0. 0. 0. 0. 0. 0. 1. 0. 20.0. 0. 0. 0. 0.
4C20. 0. 0. 0. 0. 0. 0. .01.5 0. 0. 0. 0. 0. 0. 0. 0. .1 0. 0. 0. 0. 0. 5. 0.
4C30. 0. 0. 0. 0. 0. 0. 0. 0. 0. 0. 0. 0. 0. 0. 0. 0. 0. 0. 0. 0. 0. 0. 0. 0.
4C40. .01.1 0. 0. 0. 0. 0. 0. 0. 0. 0. 0. 0. 0. 0. 0. 0. 0. .010. 0. 0. 0. 0.
4C555.0. 0. 0. 0. 0. 0. 0.
4E112.0. 0. 0. 0. 0. 0. 3. 4. 1. 2. 0. 0. 0. 0. 0. 0. 2. 0. 25.0. 0. 0. 0. 0.
4E20. 0. 0. .1 0. 0. 0. .014. 0. 0. 0. 0. 0. 0. .1 0. .1 0. 0. 0. 0. 0. 6. 0.
4E30. 0. 0. 0. 0. 0. 0. 0. 0. 0. 0. 0. 0. 0. 0. 0. 0. 0. 0. 0. 0. 0. 0. 0. 0.
4E40. 0. .010. 0. 0. 0. 0. 0. 0. 0. 0. 0. 0. 0. 0. 0. 0. 0. 0. .010. 0. 0. 0.
4E556.0. 0. 0. 0. 0. 0. 0.
4G120.0. 2. 0. 0. 0. 0. 4. 4. 0. 3. 0. 0. 0. 0. 0. 0. 0. 0. 25.0. 0. 0. 0. 0.
4G20. 0. 0. .1 0. 0. 0. 0. 2. 0. 0. 0. 0. 0. 0. .1 0. 0. 0. 0. 0. 0. 0. 12.0.
4G30. 0. 0. 0. 0. 0. 0. 0. 0. 0. 0. 0. 0. 0. 0. 0. 0. 0. 0. 0. 0. 0. 0. 0. 0.
4G40. 0. .1 0. 0. 0. 0. 0. 0. 0. 0. 0. 0. 0. 0. 0. 0. 0. 0. 0. 0. 0. 0. 0. 0.
4G557.0. 0. 0. 0. 0. 0. 0.
4I18. 0. 3. 0. 0. 0. 0. 1. 0. 0. 4. 0. 0. 0. 0. 0. 0. 2. 0. 20.0. 0. 0. 0. 2.
4I20. 0. 0. 0. 0. 0. 0. .012. 0. 0. 0. 0. 0. 0. .5 0. 0. 0. 0. 0. 0. 0. 20.0.
4I30. 0. 0. 0. 0. 0. 0. .010. 0. 0. 0. 0. 0. 0. 0. 0. 0. 0. 0. 0. 0. 0. 0. 0.
4I40. 0. .1 0. 0. 0. 0. 0. 0. 0. 0. 0. 0. 0. 0. 0. 0. 0. 0. 0. 0. 0. 0. 0. .01
4I558.0. 0. 0. 0. 0. 0. 0.
6A18. 0. 3. 0. 0. 0. 0. .5 1. 0. 6. 0. 0. 0. 0. 0. 0. 1. 0. 10.0. 0. 0. 0. 0.
6A20. 0. 0. 0. 0. 0. 0. .015. 0. 0. 0. 0. 0. 0. .5 0. 0. 0. 0. .1 0. 0. 12.0.
6A30. 0. 0. 0. 0. 0. 0. .1 0. 0. 0. 0. 0. 0. 0. 0. 0. 0. 0. 0. 0. 0. 0. 0. 0.
6A40. .01.1 0. 0. 0. 0. 0. 0. 0. 0. 0. 0. 0. 0. 0. 0. 0. 0. .1 0. 0. 0. 0. 0.
6A557.0. 0. 0. 0. 0. 0. 0.
6C117.0. 2. 0. 0. 0. 0. 1. 4. 0. 4. 0. 0. 0. 0. 0. 0. 1. 0. 25.0. 0. 0. 0. 2.
6C20. 0. 0. 0. 0. 0. 0. 0. 5. 0. 0. 0. 0. 0. .1 .1 0. 0. 0. 0. 0. 0. 0. 15.0.
6C30. 0. 0. 0. .1 0. 0. .010. 0. 0. 0. 0. 0. 0. 0. 0. 0. 0. 0. 0. 0. 0. 0. 0.
6C40. 0. .1 0. 0. 0. 0. 0. 0. 0. 0. 0. 0. 0. 0. 0. 0. 0. 0. .010. 0. 0. 0. .01
6C556.0. 0. 0. 0. 0. 0. 0.
6E18. 0. 6. 0. 0. 0. 0. 1. 2. 0. 5. 0. 0. 0. 0. 0. 0. 2. 0. 12.0. 0. 0. 0. 4.
6E20. 0. .5 0. 0. 0. 0. .1 2. 0. 0. 0. 0. 0. .1 .010. 0. 0. 0. 0. 0. 0. 12.0.
6E30. 0. 0. 0. 0. 0. 0. 0. 0. 0. 0. 0. 0. 0. 0. 0. 0. 0. 0. 0. 0. 0. 0. 0. 0.
6E40. 0. .1 0. 0. 0. 0. 0. 0. 0. 0. 0. 0. 0. 0. 0. 0. 0. 0. 0. 0. 0. 0. 0. 0.
6E568.0. 0. 0. 0. 0. 0. 0.
6G117.0. 1. 0. 0. 0. 0. 3. 5. 0. 4. 0. 0. 0. 0. 0. 0. 0. 0. 25.0. 0. 0. 0. 0.
6G20. 0. .1 0. 0. 0. 0. .012. 0. 0. 0. 0. 0. 0. 0. 0. 0. 0. 0. 0. 0. 0. 12.0.
6G30. 0. 0. 0. .1 0. 0. 0. 0. 0. 0. 0. 0. 0. 0. 0. 0. 0. 0. 0. 0. 0. 0. 0. 0.
6G40. 0. .1 0. 0. 0. 0. 0. 0. 0. 0. 0. 0. 0. 0. 0. 0. 0. 0. 0. 0. 0. 0. 0. 0.
6G558.0. 0. 0. 0. 0. 0. 0.
6I18. 0. 0. .1 0. 0. 0. .5 .5 0. 3. 0. 0. 0. 0. 0. 0. 2. 0. 25.0. 0. 0. 0. 2.
6I20. 0. 0. 0. 0. 0. 0. .1 4. 0. 0. 0. 0. 0. 0. .010. 0. 0. 0. 0. 0. 0. 20.0.
6I30. 0. 0. 0. 0. 0. 0. 0. 0. 0. 0. 0. 0. 0. 0. 0. 0. 0. 0. 0. 0. 0. 0. 0. 0.
6I40. .010. 0. 0. 0. 0. 0. 0. 0. 0. 0. 0. 0. 0. 0. 0. 0. 0. 0. 0. 0. 0. 0. .1
6I558.0. 0. 0. 0. 0. 0. 0.
8A115.0. 0. 0. 0. 0. 0. 2. 4. 2. 5. 0. 0. 0. 0. 0. 0. 0. 0. 12.0. 0. 0. 0. 1.
8A20. 0. 0. 0. 0. 0. 0. .01.5 0. 0. 0. 0. 0. .1 .5 0. 0. 0. 0. 0. 0. 0. 8. 0.
8A30. 0. 0. 0. 0. 0. 0. .1 0. 0. 0. 0. 0. 0. 0. 0. 0. 0. 0. 0. 0. 0. 0. 0. 0.
8A40. 0. .010. 0. 0. 0. 0. 0. 0. 0. 0. 0. 0. 0. 0. 0. 0. 0. .1 0. 0. 0. 0. .01
8A558.0. 0. 0. 0. 0. 0. 0.
8C16. 0. .5 0. 0. 0. 0. 1. 0. 0. 5. 0. .010. 0. 0. 0. 2. 0. 30.0. 0. 0. 0. .5
8C20. 0. 0. 0. 0. 0. 0. .013. 0. 0. 0. 0. 0. 0. 0. 0. 0. 0. 0. 0. 0. 0. 6. 0.
8C30. 0. 0. 0. 0. 0. 0. 0. 0. 0. 0. 0. 0. 0. 0. 0. 0. 0. 0. 0. 0. 0. 0. 0. 0.
8C40. 0. .1 0. 0. 0. 0. 0. 0. 0. 0. 0. 0. 0. 0. 0. 0. 0. 0. 0. 0. 0. 0. 0. 0.
8C555.0. 0. 0. 0. 0. 0. 0.
8E117.0. 0. 0. 0. 0. 0. .5 5. 0. 2. 0. 0. 0. 0. 0. 0. 0. 0. 20.0. 0. 0. 0. .5
8E20. 0. 0. 0. 0. 0. 0. .014. 0. 0. 0. 0. 0. .1 .1 0. 0. 0. 0. 0. 0. 0. 8. 0.
8E30. 0. 0. 0. 0. 0. 0. 0. 0. 0. 0. 0. 0. 0. 0. 0. 0. 0. 0. 0. 0. 0. 0. 0. 0.
8E40. 0. .1 0. 0. 0. 0. 0. 0. 0. 0. 0. 0. 0. 0. 0. 0. 0. 0. 0. 0. 0. 0. 0. .1
8E557.0. 0. 0. 0. 0. 0. 0.
8G117.0. .5 0. 0. 0. 0. 1. 8. 0. 5. 0. 0. 0. 0. 0. 0. 2. 0. 12.0. 0. 0. 0. 0.
8G20. 0. 0. 0. 0. 0. 0. .014. 0. 0. 0. 0. 0. .5 .1 0. 0. 0. .5 0. 0. 0. 4. 0.
8G30. 0. 0. 0. 0. 0. 0. .1 0. 0. 0. 0. 0. 0. 0. 0. 0. 0. 0. 0. 0. 0. 0. 0. 0.
8G40. 0. .1 0. 0. 0. 0. 0. 0. 0. 0. 0. 0. 0. 0. 0. 0. 0. 0. .010. 0. 0. 0. .1
8G558.0. 0. 0. 0. 0. 0. 0.
8I110.0. 0. 0. 0. 0. 0. 1. 4. 0. 3. 0. 0. 0. 0. 0. 0. 1. 0. 20.0. 0. 0. 0. 0.
8I20. 0. .1 0. 0. 0. 0. .016. 0. 0. 0. 0. 0. .1 .1 0. 0. 0. 0. 0. 0. 0. 10.0.
8I30. 0. 0. 0. .1 0. 0. 0. 0. 0. 0. 0. 0. 0. 0. 0. 0. 0. 0. 0. 0. 0. 0. 0. 0.
8I40. .01.1 0. 0. 0. 0. 0. 0. 0. 0. 0. 0. 0. 0. 0. 0. 0. 0. 0. 0. 0. 0. 0. .01
8I559.0. 0. 0. 0. 0. 0. 0.
0A115.0. .1 0. .5 0. 0. 2. 0. 4. 2. 0. 0. 0. 0. 0. 0. 1. 0. 2. 0. 0. 0. 0. 1.
0A20. 0. 0. 0. 0. 0. 0. .1 10.0. 0. 0. 0. 0. 2. .1 0. 0. 0. 0. 0. 0. 0. 25.0.
0A30. 0. .1 0. 0. .1 0. .5 0. 0. 0. 0. 0. 0. 0. 0. 0. 0. 0. 0. 0. 0. 0. 0. 0.
0A40. .011. .1 0. 0. 0. 0. 0. 0. 0. 0. 0. 0. 0. 0. 0. 0. 0. .010. 0. 0. 0. .01
0A557.0. 0. 0. 0. 0. 0. .1
0C16. 0. 3. 0. 0. 0. 0. .5 .5 2. 5. 0. 0. 0. 0. 0. 0. .5 0. 3. 0. 0. 0. 0. 8.
0C20. 0. 1. 0. 0. 0. 0. .0110.0. 0. 0. 0. 0. 3. .1 0. 0. 0. 0. 0. 0. 0. 6. .01
0C30. 0. .1 0. .1 .1 .5 .5 0. 0. 0. 0. 0. 0. 0. 0. 0. 0. 0. 0. 0. 0. 0. .1 .1
0C40. 0. 1. .1 0. 0. 0. 0. 0. 0. 0. 0. 0. 0. 0. 0. 0. 0. 0. 0. 0. 0. 0. 0. .1
0C556.0. 0. 0. 0. 0. 0. 0.
0E120.0. 2. 0. 0. 0. 0. .1 0. 3. 3. 0. 0. 0. 0. 0. 0. 3. 0. 1. 0. 0. 0. 0. 3.
0E20. 0. .5 0. 0. 0. 0. .1 15.0. 0. 0. 0. 0. .1 .5 0. 0. 0. 0. 0. 0. 0. 8. 0.
0E30. 0. .1 0. 0. .1 0. .1 0. .1 0. 0. 0. 0. 0. 0. 0. 0. 0. 0. 0. 0. 0. 0. 0.
0E4.1 0. 1. .5 0. 0. 0. 0. 0. 0. 0. 0. 0. 0. 0. 0. 0. 0. 0. .01.010. 0. 0. 0.
0E557.0. 0. 0. 0. 0. 0. 0.
0G120.0. .5 0. 0. 0. 0. 1. 0. .5 3. 0. 0. 0. 0. 0. 0. .1 0. 20.0. 0. 0. 0. .5
0G20. 0. 0. 0. 0. 0. 0. .014. 0. 0. 0. 0. 0. 0. .5 0. 0. 0. 0. 0. 0. 0. 12.0.
0G30. 0. 0. 0. 0. 0. 0. 0. 0. 0. 0. 0. 0. 0. 0. 0. 0. 0. 0. 0. 0. 0. 0. 0. 0.
0G40. 0. 1. 0. 0. 0. 0. 0. 0. 0. 0. 0. 0. 0. 0. 0. 0. 0. 0. 0. 0. 0. 0. 0. .1
0G558.0. 0. 0. 0. 0. 0. 0.
0I15. 0. 1. 0. 0. 0. 0. 4. 0. 0. 5. 0. 0. 0. 0. 0. 0. 0. 0. 30.0. 0. 0. 0. 0.
0I20. 0. 0. 0. 0. 0. 0. .1 8. 0. 0. 0. 0. 0. 0. .1 0. 0. 0. 0. 0. 0. 0. 8. 0.
0I30. 0. 0. 0. 0. 0. 0. .1 0. 0. 0. 0. 0. 0. 0. 0. 0. 0. 0. 0. 0. 0. 0. 0. 0.
0I40. 0. .5 0. 0. 0. 0. 0. 0. 0. 0. 0. 0. 0. 0. 0. 0. 0. 0. 0. 0. 0. 0. 0. .01
0I556.0. 0. 0. 0. 0. 0. 0.
2A110.0. 5. 0. 0. 0. 0. 3. 0. .5 3. 0. 0. 0. 0. 0. 0. 2. 0. 20.0. 0. 0. 0. 0.
2A20. 0. 0. 0. 0. 0. 0. .1 .5 0. 0. 0. 0. 0. 0. 0. 0. 0. 0. 0. 0. 0. 0. 8. 0.
2A30. 0. 0. 0. 0. 0. 0. 0. 0. 0. 0. 0. 0. 0. 0. 0. 0. 0. 0. 0. 0. 0. 0. 0. 0.
2A40. 0. .010. 0. 0. 0. 0. 0. 0. 0. 0. 0. 0. 0. 0. 0. 0. 0. .01.010. 0. 0. 0.
2A557.0. 0. 0. 0. 0. 0. 0.
2C117.0. .5 0. 0. 0. 0. 4. .5 1. 3. 0. 0. 0. 0. 0. 0. .1 0. 12.0. 0. 0. 0. 1.
2C20. 0. 0. 0. 0. 0. 0. .011. 0. 0. 0. 0. 0. .1 0. 0. 0. 0. 0. 0. 0. 0. 15.0.
2C30. 0. 0. 0. 0. 0. 0. 0. 0. 0. 0. 0. 0. 0. 0. 0. 0. 0. 0. 0. 0. 0. 0. 0. .1
2C40. .01.1 0. 0. 0. 0. 0. 0. 0. 0. 0. 0. 0. 0. 0. 0. 0. 0. .1 .010. 0. 0. .1
2C558.0. 0. 0. 0. 0. 0. 0.
2E115.0. 3. 0. 0. 0. 0. 1. 8. .5 4. 0. 0. 0. 0. 0. 0. 3. 0. 10.0. 0. 0. 0. .5
2E20. 0. 0. .010. 0. 0. .014. 0. .1 0. 0. 0. .010. 0. 0. 0. 0. 0. 0. 0. 12.0.
2E30. 0. 0. 0. 0. 0. 0. 0. 0. 0. 0. 0. 0. 0. 0. 0. 0. 0. 0. 0. 0. 0. 0. 0. 0.
2E40. 0. 1. 0. 0. 0. 0. 0. 0. 0. 0. 0. 0. 0. 0. 0. 0. 0. 0. 0. 0. 0. 0. 0. 0.
2E557.0. 0. 0. 0. 0. 0. 0.
2G13. 0. 2. 0. 0. 0. 0. .5 0. 1. 4. 0. 0. 0. 0. 0. 0. .5 0. 15.0. 0. 0. 0. .5
2G20. 0. 0. 0. 0. 0. 0. .1 6. 0. .1 0. 0. 0. 0. .5 0. 0. 0. 0. 0. 0. 0. 10.0.
2G30. 0. 0. 0. .1 0. 0. .1 0. 0. 0. 0. 0. 0. 0. 0. 0. 0. 0. 0. 0. 0. 0. 0. 0.
2G40. 0. 1. .1 0. 0. 0. 0. 0. 0. 0. 0. 0. 0. 0. 0. 0. 0. 0. 0. 0. 0. 0. 0. .1
2G558.0. 0. 0. 0. 0. 0. 0.
2I112.0. .5 0. 0. 0. 0. 2. 1. 2. 3. 0. 0. 0. 0. 0. 0. 1. 0. 20.0. 0. 0. 0. 1.
2I20. 0. 0. 0. 0. 0. 0. .015. 0. 0. 0. 0. 0. 0. .1 0. 0. 0. 0. 0. 0. 0. 10.0.
2I30. 0. 0. 0. 0. 0. 0. 0. 0. 0. 0. 0. 0. 0. 0. 0. 0. 0. 0. 0. 0. 0. 0. 0. 0.
2I40. 0. .1 0. 0. 0. 0. 0. 0. 0. 0. 0. 0. 0. 0. 0. 0. 0. 0. 0. 0. 0. 0. 0. .1
2I557.0. 0. 0. 0. 0. 0. 0.
4A112.0. 4. 0. 0. 0. 0. 3. 0. 4. 4. 0. 0. 0. 0. 0. 0. 2. 0. 6. 0. 0. 0. 0. 1.
4A20. 0. 0. 0. 0. 0. 0. .016. 0. 0. 0. 0. 0. 0. 0. 0. 0. 0. 0. 0. 0. 0. 8. 0.
4A30. 0. 0. 0. .1 0. 0. .1 0. 0. 0. 0. 0. 0. 0. 0. 0. 0. 0. 0. 0. 0. 0. 0. 0.
4A40. 0. 1. 0. 0. 0. 0. 0. 0. 0. 0. 0. 0. 0. 0. 0. 0. 0. 0. .1 0. 0. 0. 0. .1
4A559.0. 0. 0. 0. 0. 0. 0.
4C110.0. 3. 0. 0. 0. 0. 2. 15.0. 5. 0. 0. 0. 0. 0. 0. 1. 0. 12.0. 0. 0. 0. 0.
4C20. 0. 0. 0. 0. 0. 0. .1 .5 0. 0. 0. 0. 0. 0. 0. 0. 0. 0. 0. 0. 0. 0. 6. 0.
4C30. 0. 0. 0. 0. 0. 0. 0. 0. 0. 0. 0. 0. 0. 0. 0. 0. 0. 0. 0. 0. 0. 0. 0. 0.
4C40. .01.1 0. 0. 0. 0. 0. 0. 0. 0. 0. 0. 0. 0. 0. 0. 0. 0. 0. 0. 0. 0. 0. 0.
4C558.0. 0. 0. 0. 0. 0. 0.
4E15. 0. 0. 0. 0. 0. 0. 2. 8. 1. 4. 0. 0. 0. 0. 0. 0. 1. 0. 20.0. 0. 0. 0. 0.
4E20. 0. 0. .1 0. 0. 0. .014. 0. 0. 0. 0. 0. 0. .1 0. .1 0. 0. 0. 0. 0. 6. 0.
4E30. 0. 0. 0. 0. 0. 0. 0. 0. 0. 0. 0. 0. 0. 0. 0. 0. 0. 0. 0. 0. 0. 0. 0. 0.
4E40. 0. .010. 0. 0. 0. 0. 0. 0. 0. 0. 0. 0. 0. 0. 0. 0. 0. 0. 0. 0. 0. 0. .1
4E558.0. 0. 0. 0. 0. 0. 0.
4G117.0. 3. 0. 0. 0. 0. 2. 5. 0. 4. 0. 0. 0. 0. 0. 0. 0. 0. 25.0. 0. 0. 0. 0.
4G20. 0. 0. .1 0. 0. 0. .012. 0. 0. 0. 0. 0. 0. .1 0. 0. 0. 0. 0. 0. 0. 12.0.
4G30. 0. 0. 0. 0. 0. 0. 0. 0. 0. 0. 0. 0. 0. 0. 0. 0. 0. 0. 0. 0. 0. 0. 0. 0.
4G40. 0. .010. 0. 0. 0. 0. 0. 0. 0. 0. 0. 0. 0. 0. 0. 0. 0. 0. 0. 0. 0. 0. .01
4G558.0. 0. 0. 0. 0. 0. 0.
4I15. 0. 3. 0. 0. 0. 0. 3. 0. 4. 3. 0. 0. 0. 0. 0. 0. 2. 0. 20.0. 0. 0. 0. 1.
4I20. 0. 0. 0. 0. 0. 0. .1 4. 0. 0. 0. 0. 0. 0. .1 0. 0. 0. 0. 0. 0. 0. 12.0.
4I30. 0. 0. 0. 0. 0. 0. 0. 0. 0. 0. 0. 0. 0. 0. 0. 0. 0. 0. 0. 0. 0. 0. 0. 0.
4I40. 0. .1 0. 0. 0. 0. 0. 0. 0. 0. 0. 0. 0. 0. 0. 0. 0. 0. 0. 0. 0. 0. 0. .1
4I558.0. 0. 0. 0. 0. 0. 0.
6A15. 0. 3. 0. 0. 0. 0. 2. 1. .1 5. 0. 0. 0. 0. 0. 0. 1. 0. 8. 0. 0. 0. 0. 0.
6A20. 0. 0. 0. 0. 0. 0. .1 6. 0. 0. 0. 0. 0. 0. 1. 0. 0. 0. 0. .1 0. 0. 10.0.
6A30. 0. 0. 0. 0. 0. 0. 0. 0. 0. 0. 0. 0. 0. 0. 0. 0. 0. 0. 0. 0. 0. 0. 0. 0.
6A40. 0. .1 0. 0. 0. 0. 0. 0. 0. 0. 0. 0. 0. 0. 0. 0. 0. 0. .010. 0. 0. 0. .01
6A558.0. 0. 0. 0. 0. 0. 0.
6C115.0. 2. 0. 0. 0. 0. 1. 5. 0. 4. 0. 0. 0. 0. 0. 0. 1. 0. 25.0. 0. 0. 0. 2.
6C20. 0. 0. 0. 0. 0. 0. .014. 0. 0. 0. 0. 0. .1 .5 0. 0. 0. 0. 0. 0. 0. 6. 0.
6C30. 0. 0. 0. 0. 0. 0. .010. 0. 0. 0. 0. 0. 0. 0. 0. 0. 0. 0. 0. 0. 0. 0. 0.
6C40. .01.1 0. 0. 0. 0. 0. 0. 0. 0. 0. 0. 0. 0. 0. 0. 0. 0. 0. 0. 0. 0. 0. .1
6C558.0. 0. 0. 0. 0. 0. 0.
6E14. 0. 5. 0. 0. 0. 0. 1. 4. 0. 5. 0. 0. 0. 0. 0. 0. 1. 0. 6. 0. 0. 0. 0. 4.
6E20. 0. .5 0. 0. 0. 0. .012. 0. 0. 0. 0. 0. .1 .010. 0. 0. 0. 0. 0. 0. 6. 0.
6E30. 0. 0. 0. 0. 0. 0. .010. 0. 0. 0. 0. 0. 0. 0. 0. 0. 0. 0. 0. 0. 0. 0. 0.
6E40. 0. .1 0. 0. 0. 0. 0. 0. 0. 0. 0. 0. 0. 0. 0. 0. 0. 0. 0. 0. 0. 0. 0. .1
6E558.0. 0. 0. 0. 0. 0. 0.
6G112.0. 1. 0. 0. 0. 0. 4. 3. 0. 2. 0. 0. 0. 0. 0. 0. 0. 0. 20.0. 0. 0. 0. 0.
6G20. 0. 0. 0. 0. 0. 0. .1 4. 0. 0. 0. 0. 0. 0. .010. 0. 0. 0. 0. 0. 0. 10.0.
6G30. 0. 0. 0. 0. 0. 0. 0. 0. 0. 0. 0. 0. 0. 0. 0. 0. 0. 0. 0. 0. 0. 0. 0. 0.
6G40. 0. .010. 0. 0. 0. 0. 0. 0. 0. 0. 0. 0. 0. 0. 0. 0. 0. 0. 0. 0. 0. 0. .1
6G559.0. 0. 0. 0. 0. 0. 0.
6I18. 0. 2. .1 0. 0. 0. 1. 1. 0. 4. 0. 0. 0. 0. 0. 0. 3. 0. 30.0. 0. 0. 0. 2.
6I20. 0. 0. 0. 0. 0. 0. .5 6. 0. 0. 0. 0. 0. 0. .1 0. 0. 0. 0. 0. 0. 0. 15.0.
6I30. 0. 0. 0. 0. 0. 0. 0. 0. 0. 0. 0. 0. 0. 0. 0. 0. 0. 0. 0. 0. 0. 0. 0. 0.
6I40. 0. .1 0. 0. 0. 0. 0. 0. 0. 0. 0. 0. 0. 0. 0. 0. 0. 0. 0. 0. 0. 0. 0. .1
6I558.0. 0. 0. 0. 0. 0. 0.
8A110.0. 0. 0. 0. 0. 0. 1. 4. 2. 5. 0. 0. 0. 0. 0. 0. 0. 0. 12.0. 0. 0. 0. 1.
8A20. 0. 0. 0. 0. 0. 0. .1 .5 0. 0. 0. 0. 0. 0. .5 0. 0. 0. 0. 0. 0. 0. 8. 0.
8A30. 0. 0. 0. .1 0. 0. 0. 0. 0. 0. 0. 0. 0. 0. 0. 0. 0. 0. 0. 0. 0. 0. 0. 0.
8A40. .01.1 0. 0. 0. 0. 0. 0. 0. 0. 0. 0. 0. 0. 0. 0. 0. 0. .1 0. 0. 0. 0. .01
8A559.0. 0. 0. 0. 0. 0. 0.
8C16. 0. .5 0. 0. 0. 0. 2. 0. .1 3. 0. 0. 0. 0. 0. 0. 2. 0. 30.0. 0. 0. 0. .5
8C20. 0. 0. 0. 0. 0. 0. .013. 0. 0. 0. 0. 0. .01.1 0. 0. 0. 0. .1 0. 0. 8. 0.
8C30. 0. 0. 0. 0. 0. 0. 0. 0. 0. 0. 0. 0. 0. 0. 0. 0. 0. 0. 0. 0. 0. 0. 0. 0.
8C40. 0. .1 0. 0. 0. 0. 0. 0. 0. 0. 0. 0. 0. 0. 0. 0. 0. 0. .010. 0. 0. 0. .01
8C557.0. 0. 0. 0. 0. 0. 0.
8E112.0. 0. 0. 0. 0. 0. 3. 6. 0. 2. 0. 0. 0. 0. 0. 0. .1 0. 20.0. 0. 0. 0. .5
8E20. 0. 0. 0. 0. 0. 0. 0. 4. 0. 0. 0. 0. 0. 0. .1 0. 0. 0. 0. 0. 0. 0. 8. 0.
8E30. 0. 0. 0. 0. 0. 0. 0. 0. 0. 0. 0. 0. 0. 0. 0. 0. 0. 0. 0. 0. 0. 0. 0. 0.
8E40. 0. .1 0. 0. 0. 0. 0. 0. 0. 0. 0. 0. 0. 0. 0. 0. 0. 0. 0. 0. 0. 0. 0. .1
8E558.0. 0. 0. 0. 0. 0. 0.
8G115.0. 0. 0. 0. 0. 0. 1. 8. 0. 5. 0. 0. 0. 0. 0. 0. 2. 0. 10.0. 0. 0. 0. 0.
8G20. 0. 0. 0. 0. 0. 0. .014. 0. 0. 0. 0. 0. .5 .1 0. 0. 0. .5 0. 0. 0. 10.0.
8G30. 0. 0. 0. 0. 0. 0. .010. 0. 0. 0. 0. 0. 0. 0. 0. 0. 0. 0. 0. 0. 0. 0. 0.
8G40. 0. .1 0. 0. 0. 0. 0. 0. 0. 0. 0. 0. 0. 0. 0. 0. 0. 0. 0. 0. 0. 0. 0. .1
8G560.0. 0. 0. 0. 0. 0. 0.
8I16. 0. 0. 0. 0. 0. 0. 2. 5. 0. 4. 0. 0. 0. 0. 0. 0. 1. 0. 20.0. 0. 0. 0. 0.
8I20. 0. 0. 0. 0. 0. 0. .1 5. 0. 0. 0. 0. 0. 0. .5 0. 0. 0. 0. 0. 0. 0. 8. 0.
8I30. 0. 0. 0. .1 0. 0. 0. 0. 0. 0. 0. 0. 0. 0. 0. 0. 0. 0. 0. 0. 0. 0. 0. 0.
8I40. 0. .5 0. 0. 0. 0. 0. 0. 0. 0. 0. 0. 0. 0. 0. 0. 0. 0. 0. 0. 0. 0. 0. .01
8I558.0. 0. 0. 0. 0. 0. 0.
0A115.0. .010. .1 0. 0. .5 0. 3. 1. 0. 0. 0. 0. 0. 0. 2. 0. 2. 0. 0. 0. 0. .5
0A20. 0. 0. 0. 0. 0. 0. .015. 0. 0. .010. 0. .5 0. 0. 0. 0. 0. 0. 0. 0. 0. 0.
0A30. 0. 0. .010. 0. 0. 0. 0. 0. 0. 0. 0. 0. 0. 0. 0. 0. 0. 0. 0. 0. 0. 0. 0.
0A40. .011. .010. 0. 0. 0. 0. 0. 0. 0. 0. 0. 0. 0. 0. 0. 0. .010. 0. 0. 0. .01
0A562.0. 0. 0. 0. 0. 0. 0.
0C15. 0. 4. 0. 0. 0. 0. 1. .5 2. 3. 0. 0. 0. 0. 0. 0. .5 0. 4. 0. 0. 0. 0. 6.
0C20. 0. .5 0. 0. 0. 0. .015. 0. 0. 0. 0. 0. 2. .1 0. 0. 0. 0. 0. 0. 0. 3. 0.
0C30. 0. .1 0. 0. .01.1 1. .01.1 0. 0. 0. 0. 0. 0. 0. 0. 0. 0. 0. 0. 0. .1 .1
0C40. 0. 2. 0. 0. 0. 0. 0. 0. 0. 0. 0. 0. 0. 0. 0. 0. 0. 0. 0. 0. 0. 0. 0. .01
0C560.0. 0. 0. 0. 0. 0. 0.
0E115.0. .1 0. 0. 0. 0. .5 0. 2. 2. 0. 0. 0. 0. 0. 0. 3. 0. .1 0. 0. 0. 0. 3.
0E20. 0. .1 0. 0. 0. 0. .1 12.0. 0. 0. 0. 0. .1 .1 0. 0. 0. 0. 0. 0. 0. 8. 0.
0E30. 0. .01.010. 0. 0. .1 0. 0. 0. 0. 0. 0. 0. 0. 0. 0. 0. 0. 0. 0. 0. 0. 0.
0E4.1 0. .5 .5 0. 0. 0. 0. 0. 0. 0. 0. 0. 0. 0. 0. 0. 0. 0. .01.010. 0. 0. 0.
0E560.0. 0. 0. 0. 0. 0. 0.
0G115.0. .5 0. 0. 0. 0. 2. 0. .5 3. 0. 0. 0. 0. 0. 0. .1 0. 17.0. 0. 0. 0. 0.
0G20. 0. 0. 0. 0. 0. 0. .1 4. 0. 0. 0. 0. 0. 0. .1 0. 0. 0. 0. 0. 0. 0. 8. 0.
0G30. 0. 0. 0. 0. 0. 0. 0. 0. 0. 0. 0. 0. 0. 0. 0. 0. 0. 0. 0. 0. 0. 0. 0. 0.
0G40. 0. .5 0. 0. 0. 0. 0. 0. 0. 0. 0. 0. 0. 0. 0. 0. 0. 0. 0. .010. 0. 0. .1
0G560.0. 0. 0. 0. 0. 0. 0.
0I15. 0. 1. 0. 0. 0. 0. 2. 0. .5 2. 0. 0. 0. 0. 0. 0. 0. 0. 20.0. 0. 0. 0. 0.
0I20. .1 0. 0. 0. 0. 0. .1 4. 0. 0. 0. 0. 0. 0. .1 0. 0. 0. 0. 0. 0. 0. 5. 0.
0I30. 0. 0. 0. .1 0. 0. 0. 0. 0. 0. 0. 0. 0. 0. 0. 0. 0. 0. 0. 0. 0. 0. 0. 0.
0I40. 0. .1 0. 0. 0. 0. 0. 0. 0. 0. 0. 0. 0. 0. 0. 0. 0. 0. .010. 0. 0. 0. .01
0I560.0. 0. 0. 0. 0. 0. 0.
2A110.0. 5. 0. 0. 0. 0. 3. 0. .5 4. 0. 0. 0. 0. 0. 0. 2. 0. 20.0. 0. 0. 0. .1
2A20. 0. 0. 0. 0. 0. 0. .01.5 0. 0. 0. 0. 0. 0. 0. 0. 0. 0. 0. 0. 0. 0. 8. 0.
2A30. 0. 0. .010. 0. 0. 0. 0. 0. 0. 0. 0. 0. 0. 0. 0. 0. 0. 0. 0. 0. 0. 0. 0.
2A40. 0. .1 0. 0. 0. 0. 0. 0. 0. 0. 0. 0. 0. 0. 0. 0. 0. 0. .01.010. 0. 0. 0.
2A560.0. 0. 0. 0. 0. 0. 0.
2C120.0. .5 0. 0. 0. 0. 2. 0. 1. 4. 0. 0. 0. 0. 0. 0. 0. 0. 8. 0. 0. 0. 0. .5
2C20. 0. 0. .010. 0. 0. 0. .5 0. 0. 0. 0. 0. 0. 0. 0. 0. 0. 0. 0. 0. 0. 6. 0.
2C30. 0. 0. 0. 0. 0. 0. 0. 0. 0. 0. 0. 0. 0. 0. 0. 0. 0. 0. 0. 0. 0. 0. 0. .01
2C40. .01.1 0. 0. 0. 0. 0. 0. 0. 0. 0. 0. 0. 0. 0. 0. 0. 0. .010. 0. 0. 0. .01
2C563.0. 0. 0. 0. 0. 0. 0.
2E117.0. 2. 0. 0. 0. 0. 1. 10.1. 4. 0. 0. 0. 0. 0. 0. 3. 0. 10.0. 0. 0. 0. .5
2E20. 0. 0. 0. 0. 0. 0. .1 4. 0. 0. 0. 0. 0. 0. .1 0. 0. 0. 0. 0. 0. 0. 8. 0.
2E30. 0. 0. .010. 0. 0. .1 0. 0. 0. 0. 0. 0. 0. 0. 0. 0. 0. 0. 0. 0. 0. 0. 0.
2E40. 0. .5 0. 0. 0. 0. 0. 0. 0. 0. 0. 0. 0. 0. 0. 0. 0. 0. 0. .010. 0. 0. .01
2E563.0. 0. 0. 0. 0. 0. 0.
2G13. 0. 1. 0. 0. 0. 0. 1. 0. 2. 3. 0. 0. 0. 0. 0. 0. .1 0. 20.0. 0. 0. 0. .5
2G20. 0. 0. 0. 0. 0. 0. .1 4. 0. 0. 0. 0. 0. 0. .1 0. 0. 0. 0. 0. 0. 0. 8. 0.
2G30. 0. 0. 0. .1 0. 0. .1 0. 0. 0. 0. 0. 0. 0. 0. 0. 0. 0. 0. 0. 0. 0. 0. 0.
2G40. .01.5 .1 0. 0. 0. 0. 0. 0. 0. 0. 0. 0. 0. 0. 0. 0. 0. 0. 0. 0. 0. 0. 0.
2G562.0. 0. 0. 0. 0. 0. 0.
2I112.0. .5 0. 0. 0. 0. 2. 0. 3. 3. 0. 0. 0. 0. 0. 0. 1. 0. 20.0. 0. 0. 0. 1.
2I20. 0. 0. 0. 0. 0. 0. .013. 0. 0. 0. 0. 0. 0. .1 0. 0. 0. 0. 0. 0. 0. 8. 0.
2I30. 0. 0. 0. 0. 0. 0. 0. 0. 0. 0. 0. 0. 0. 0. 0. 0. 0. 0. 0. 0. 0. 0. 0. 0.
2I40. .01.010. 0. 0. 0. 0. 0. 0. 0. 0. 0. 0. 0. 0. 0. 0. 0. 0. 0. 0. 0. 0. .1
2I560.0. 0. 0. 0. 0. 0. 0.
4A112.0. 3. 0. 0. 0. 0. 2. 0. 3. 3. 0. 0. 0. 0. 0. 0. 2. 0. 5. 0. 0. 0. 0. 1.
4A20. 0. 0. 0. 0. 0. 0. .1 5. 0. 0. 0. 0. 0. .1 0. 0. 0. 0. 0. 0. 0. 0. 6. 0.
4A30. 0. 0. 0. .1 0. 0. .1 0. 0. 0. 0. 0. 0. 0. 0. 0. 0. 0. 0. 0. 0. 0. 0. 0.
4A40. 0. .5 0. 0. 0. 0. 0. 0. 0. 0. 0. 0. 0. 0. 0. 0. 0. 0. .010. 0. 0. 0. .1
4A563.0. 0. 0. 0. 0. 0. 0.
4C112.0. 3. 0. 0. 0. 0. 3. 15..1 3. 0. 0. 0. 0. 0. 0. 1. 0. 12.0. 0. 0. 0. 0.
4C20. 0. 0. 0. 0. 0. 0. .1 .1 0. 0. 0. 0. 0. 0. 0. 0. .1 0. 0. 0. 0. 0. 3. 0.
4C30. 0. 0. 0. 0. 0. 0. 0. 0. 0. 0. 0. 0. 0. 0. 0. 0. 0. 0. 0. 0. 0. 0. 0. 0.
4C40. 0. .1 0. 0. 0. 0. 0. 0. 0. 0. 0. 0. 0. 0. 0. 0. 0. 0. .010. 0. 0. 0. 0.
4C560.0. 0. 0. 0. 0. 0. 0.
4E18. 0. 0. 0. 0. 0. 0. 1. 8. .5 2. 0. 0. 0. 0. 0. 0. 2. 0. 17.0. 0. 0. 0. 0.
4E20. 0. 0. .1 0. 0. 0. .013. 0. 0. 0. 0. 0. 0. .010. .1 0. 0. 0. 0. 0. 5. 0.
4E30. 0. 0. .010. 0. 0. 0. 0. 0. 0. 0. 0. 0. 0. 0. 0. 0. 0. 0. 0. 0. 0. 0. 0.
4E40. 0. .010. 0. 0. 0. 0. 0. 0. 0. 0. 0. 0. 0. 0. 0. 0. 0. .010. 0. 0. 0. .1
4E561.0. 0. 0. 0. 0. 0. 0.
4G120.0. 4. 0. 0. 0. 0. 4. 2. 0. 2. 0. 0. 0. 0. 0. 0. 1. 0. 20.0. 0. 0. 0. 0.
4G20. 0. 0. .010. 0. 0. 0. 1. 0. 0. 0. 0. 0. 0. .010. 0. 0. 0. 0. 0. 0. 5. 0.
4G30. 0. 0. 0. 0. 0. 0. 0. 0. 0. 0. 0. 0. 0. 0. 0. 0. 0. 0. 0. 0. 0. 0. 0. 0.
4G40. 0. 0. 0. 0. .010. 0. 0. 0. 0. 0. 0. 0. 0. 0. 0. 0. 0. 0. 0. 0. 0. 0. .01
4G565.0. 0. 0. 0. 0. 0. 0.
4I17. 0. 3. 0. 0. 0. 0. 4. 0. 0. 2. 0. 0. 0. 0. 0. 0. 2. 0. 11.0. 0. 0. 0. 2.
4I20. 0. 0. 0. 0. 0. 0. .1 .5 0. 0. 0. 0. 0. 0. .1 0. 0. 0. 0. 0. 0. 0. 5. 0.
4I30. 0. 0. 0. 0. 0. 0. 0. 0. 0. 0. 0. 0. 0. 0. 0. 0. 0. 0. 0. 0. 0. 0. 0. 0.
4I40. 0. .010. 0. 0. 0. 0. 0. 0. 0. .010. 0. 0. 0. 0. 0. 0. 0. 0. 0. 0. 0. .1
4I566.0. 0. 0. 0. 0. 0. 0.
6A110.1. 3. 0. 0. 0. 0. 5. .1 0. 3. 0. 0. 0. 0. 0. 0. 2. 0. 9. 0. 0. 0. 0. 0.
6A20. 0. 0. 0. 0. 0. 0. .5 4. 0. 0. 0. 0. 0. 0. .5 0. 0. 0. 0. .1 0. 0. 6. 0.
6A30. 0. 0. 0. .010. 0. .010. 0. 0. 0. 0. 0. 0. 0. 0. 0. 0. 0. 0. 0. 0. 0. 0.
6A40. 0. .010. 0. 0. 0. 0. 0. 0. 0. .010. 0. 0. 0. 0. 0. 0. .010. 0. 0. 0. .1
6A565.0. 0. 0. 0. 0. 0. 0.
6C119..5 3. 0. 0. 0. 0. 3. 2. 0. 3. 0. 0. 0. 0. 0. 0. 3. 0. 10.0. 0. 0. 0. 2.
6C20. 0. 0. 0. 0. 0. 0. .012. 0. 0. 0. 0. 0. .1 .5 0. 0. 0. 0. 0. 0. 0. 4. 0.
6C30. 0. 0. 0. 0. 0. 0. .010. 0. 0. 0. 0. 0. 0. 0. 0. 0. 0. 0. 0. 0. 0. 0. 0.
6C40. 0. .010. 0. 0. 0. 0. 0. 0. 0. .010. 0. 0. 0. 0. 0. 0. 0. 0. 0. 0. 0. .1
6C563.0. 0. 0. 0. 0. 0. 0.
6E17. 0. 7. 0. 0. 0. 0. 5. 1. 0. 3. 0. 0. 0. 0. 0. 0. 3. 0. 7. 0. 0. 0. 0. 6.
6E20. 0. .5 0. 0. 0. 0. .1 1. 0. 0. 0. 0. 0. .1 0. 0. 0. 0. 0. 0. 0. 0. 3. 0.
6E30. 0. 0. 0. 0. 0. 0. .010. 0. 0. 0. 0. 0. 0. 0. 0. 0. 0. 0. 0. 0. 0. 0. 0.
6E40. .01.1 0. 0. 0. 0. 0. 0. 0. 0. 0. 0. 0. 0. 0. 0. 0. 0. 0. 0. 0. 0. 0. .01
6E567.0. 0. 0. 0. 0. 0. 0.
6G18. 0. 1. 0. 0. 0. 0. 3. 3. 0. 2. 0. 0. 0. 0. 0. 0. 0. 0. 10.0. 0. 0. 0. 0.
6G20. 0. 0. 0. 0. 0. 0. .1 2. 0. 0. 0. 0. 0. 0. 0. 0. 0. 0. 0. 0. 0. 0. 5. 0.
6G30. 0. 0. 0. .1 0. 0. 0. 0. 0. 0. 0. 0. 0. 0. 0. 0. 0. 0. 0. 0. 0. 0. 0. 0.
6G40. .01.010. 0. 0. 0. 0. 0. 0. 0. .010. 0. 0. 0. 0. 0. 0. 0. 0. 0. 0. 0. .1
6G567.0. 0. 0. 0. 0. 0. 0.
6I16. 0. 3. .1 0. 0. 0. 5. .5 0. 3. 0. 0. 0. 0. 0. 0. 2. 0. 15.0. 0. 0. 0. 3.
6I20. 0. 0. 0. 0. 0. 0. .1 3. 0. 0. 0. 0. 0. 0. .1 0. 0. 0. 0. 0. 0. 0. 7. 0.
6I30. 0. 0. 0. 0. 0. 0. 0. 0. 0. 0. 0. 0. 0. 0. 0. 0. 0. 0. 0. 0. 0. 0. 0. 0.
6I40. .010. 0. 0. 0. 0. 0. 0. 0. 0. 0. 0. 0. 0. 0. 0. 0. 0. 0. 0. 0. 0. 0. .5
6I566.0. 0. 0. 0. 0. 0. 0.
8A111.0. 1. 0. 0. 0. 0. 4. 1. 1. 4. 0. 0. 0. 0. 0. 0. 0. 0. 10.0. 0. 0. 0. 1.
8A20. 0. 0. 0. 0. 0. 0. .5 1. 0. .010. 0. 0. .1 .1 0. 0. 0. 0. 0. 0. 0. 5. 0.
8A30. 0. 0. 0. 0. 0. 0. .010. 0. 0. 0. 0. 0. 0. 0. 0. 0. 0. 0. 0. 0. 0. 0. 0.
8A40. .010. 0. 0. 0. 0. 0. 0. 0. 0. .010. 0. 0. 0. 0. 0. 0. .1 0. 0. 0. 0. .1
8A566.0. 0. 0. 0. 0. 0. 0.
8C17. 0. .5 0. 0. 0. 0. 5. .5 0. 2. 0. 0. 0. 0. 0. 0. 3. 0. 30.0. 0. 0. 0. 1.
8C20. 0. 0. 0. 0. 0. 0. .1 1. 0. 0. 0. 0. 0. 0. 0. .010. 0. 0. 0. 0. 0. 4. 0.
8C30. 0. 0. 0. 0. 0. 0. 0. 0. 0. 0. 0. 0. 0. 0. 0. 0. 0. 0. 0. 0. 0. 0. 0. 0.
8C40. 0. .1 0. .010. 0. 0. 0. 0. 0. 0. 0. 0. 0. 0. 0. 0. 0. .010. 0. 0. 0. 0.
8C560.0. 0. 0. 0. 0. 0. 0.
8E118.0. 0. 0. 0. 0. 0. 5. 7. 0. 0. 0. 0. 0. 0. 0. 0. .5 0. 23.0. 0. 0. 0. 1.
8E20. .010. 0. 0. 0. 0. 0. 2. 0. 0. 0. 0. 0. .01.1 0. 0. 0. 0. 0. 0. 0. 5. 0.
8E30. 0. 0. 0. 0. 0. 0. 0. 0. 0. 0. 0. 0. 0. 0. 0. 0. 0. 0. 0. 0. 0. 0. 0. 0.
8E40. 0. .010. 0. 0. 0. 0. 0. 0. 0. .010. 0. 0. 0. 0. 0. 0. .010. 0. 0. 0. .5
8E565.0. 0. 0. 0. 0. 0. 0.
8G110.0. 1. 0. 0. 0. 0. 4. 3. 0. 4. 0. 0. 0. 0. 0. 0. 4. 0. 9. 0. 0. 0. 0. 0.
8G20. 0. 0. 0. 0. 0. 0. 0. 1. 0. 0. 0. 0. 0. .1 .010. .010. .1 0. 0. 0. 2. 0.
8G30. 0. 0. 0. .1 0. 0. .010. 0. 0. 0. 0. 0. 0. 0. 0. 0. 0. 0. 0. 0. 0. 0. 0.
8G40. .01.1 0. 0. 0. 0. 0. 0. 0. 0. 0. 0. 0. 0. 0. 0. 0. 0. 0. 0. 0. 0. 0. 1.
8G565.0. 0. 0. 0. 0. 0. 0. 0. 0. 0. 0. .01
8I19. 0. 0. 0. 0. 0. 0. 5. 2. 0. 3. 0. 0. 0. 0. 0. 0. 2. 0. 20.0. 0. 0. 0. 0.
8I20. 0. 0. 0. 0. 0. 0. .1 2. 0. 0. 0. 0. 0. .01.1 0. 0. 0. 0. 0. 0. 0. 4. 0.
8I30. 0. 0. 0. 0. 0. 0. 0. 0. 0. 0. 0. 0. 0. 0. 0. 0. 0. 0. 0. 0. 0. 0. 0. 0.
8I40. 0. .1 0. 0. 0. 0. 0. 0. 0. 0. .010. 0. 0. 0. 0. 0. 0. 0. 0. 0. 0. 0. .5
8I566.0. 0. 0. 0. 0. 0. 0.
0A112.0. .1 0. .1 0. 0. 1. 0. 2. 1. 0. 0. 0. 0. 0. 0. 2. 0. 2. 0. 0. 0. 0. 1.
0A20. 0. 0. 0. 0. 0. 0. .1 8. 0. 0. .010. 0. .5 .1 0. 0. 0. 0. 0. 0. 0. 15.0.
0A30. 0. .01.010. 0. 0. .1 0. 0. 0. 0. 0. 0. 0. 0. 0. 0. 0. 0. 0. 0. .010. 0.
0A40. 0. 1. .1 0. 0. 0. 0. 0. 0. 0. 0. 0. 0. 0. 0. 0. 0. 0. .010. 0. 0. 0. .01
0A556.0. 0. 0. 0. 0. 0. 0.
0C18. 0. 3. 0. 0. 0. 0. .5 .1 2. 4. 0. 0. 0. 0. 0. 0. .5 0. 2. 0. 0. 0. 0. 5.
0C20. 0. .5 0. 0. 0. 0. .1 5. 0. .010. 0. 0. 1. 0. 0. 0. 0. 0. .010. 0. 4. 0.
0C30. 0. .1 0. .1 .1 .5 .1 0. .1 0. 0. 0. 0. 0. 0. 0. 0. 0. 0. 0. 0. 0. .1 .01
0C40. 0. 2. .1 0. 0. 0. 0. 0. 0. 0. 0. 0. 0. 0. 0. 0. 0. 0. 0. 0. 0. 0. 0. .01
0C557.0. 0. 0. 0. 0. 0. 0.
0E117.0. 1. 0. 0. 0. 0. .5 0. 2. 2. 0. 0. 0. 0. 0. 0. 2. 0. 1. 0. 0. 0. 0. 2.
0E20. 0. .1 0. 0. 0. 0. .1 8. 0. 0. 0. 0. 0. 0. .1 0. 0. 0. 0. 0. 0. 0. 3. 0.
0E30. 0. .1 0. 0. 0. 0. .1 0. 0. 0. 0. 0. 0. 0. 0. 0. 0. 0. 0. 0. 0. 0. 0. 0.
0E4.5 .01.5 .5 0. 0. 0. 0. 0. 0. 0. 0. 0. 0. 0. 0. 0. 0. 0. .01.010. 0. 0. 0.
0E557.0. 0. 0. 0. 0. 0. 0.
0G115.0. .5 0. 0. 0. 0. 1. 0. 1. 3. 0. 0. 0. 0. 0. 0. 0. 0. 15.0. 0. 0. 0. .1
0G20. 0. 0. 0. 0. 0. 0. .1 3. 0. 0. 0. 0. 0. 0. .5 0. 0. 0. 0. 0. 0. 0. 6. 0.
0G30. 0. 0. 0. .1 0. 0. 0. 0. 0. 0. 0. 0. 0. 0. 0. 0. 0. 0. 0. 0. 0. 0. 0. 0.
0G40. 0. .5 0. 0. 0. 0. 0. 0. 0. 0. 0. 0. 0. 0. 0. 0. 0. 0. .010. 0. 0. 0. .1
0G559.0. 0. 0. 0. 0. 0. 0.
0I13. 0. 1. 0. 0. 0. 0. 1. 0. .1 2. 0. 0. 0. 0. 0. 0. .1 0. 20.0. 0. 0. 0. .5
0I20. .1 0. 0. 0. 0. 0. .1 6. 0. 0. 0. 0. 0. 0. .1 0. 0. 0. 0. 0. 0. 0. 4. 0.
0I30. 0. 0. 0. .1 0. 0. 0. 0. 0. 0. 0. 0. 0. 0. 0. 0. 0. 0. 0. 0. 0. 0. 0. 0.
0I40. 0. .010. 0. 0. 0. 0. 0. 0. 0. 0. 0. 0. 0. 0. 0. 0. 0. .010. 0. 0. 0. .01
0I557.0. 0. 0. 0. 0. 0. 0.
2A110.0. 4. 0. 0. 0. 0. 3. 0. .5 2. 0. 0. 0. 0. 0. 0. 2. 0. 20.0. 0. 0. 0. .1
2A20. 0. 0. 0. 0. 0. 0. .1 .5 0. 0. 0. 0. 0. 0. 0. 0. 0. 0. 0. 0. 0. 0. 5. 0.
2A30. 0. 0. 0. 0. 0. 0. 0. 0. 0. 0. 0. 0. 0. 0. 0. 0. 0. 0. 0. 0. 0. 0. 0. 0.
2A40. 0. .010. 0. 0. 0. 0. 0. 0. 0. 0. 0. 0. 0. 0. 0. 0. 0. .010. 0. 0. 0. 0.
2A557.0. 0. 0. 0. 0. 0. 0.
2C117.0. .5 0. 0. 0. 0. 2. .1 1. 3. 0. 0. 0. 0. 0. 0. .5 0. 12.0. 0. 0. 0. .5
2C20. 0. 0. 0. 0. 0. 0. 0. 1. 0. 0. 0. 0. 0. 0. .010. 0. 0. 0. 0. 0. 0. 8. 0.
2C30. 0. 0. 0. 0. 0. 0. 0. 0. 0. 0. 0. 0. 0. 0. 0. 0. 0. 0. 0. 0. 0. 0. 0. .01
2C40. 0. .1 0. 0. 0. 0. 0. 0. 0. 0. 0. 0. 0. 0. 0. 0. 0. 0. 0. 0. 0. 0. 0. .01
2C561.0. 0. 0. 0. 0. 0. 0.
2E112.0. 2. 0. 0. 0. 0. 1. 6. 1. 2. 0. 0. 0. 0. 0. 0. 2. 0. 10.0. 0. 0. 0. .5
2E20. 0. 0. .010. 0. 0. .1 4. 0. 0. 0. 0. 0. 0. .010. 0. 0. 0. 0. 0. 0. 6. 0.
2E30. 0. 0. 0. 0. 0. 0. .1 0. 0. 0. 0. 0. 0. 0. 0. 0. 0. 0. 0. 0. 0. 0. 0. 0.
2E40. 0. 1. 0. 0. 0. 0. 0. 0. 0. 0. 0. 0. 0. 0. 0. 0. 0. 0. 0. 0. 0. 0. 0. .01
2E556.0. 0. 0. 0. 0. 0. 0.
2G13. 0. 1. 0. 0. 0. 0. 2. 0. 1. 3. 0. 0. 0. 0. 0. 0. 0. 0. 15.0. 0. 0. 0. .5
2G20. 0. 0. .1 0. 0. 0. .1 5. 0. 0. 0. 0. 0. 0. .1 0. 0. 0. 0. 0. 0. 0. 8. 0.
2G30. 0. 0. 0. .1 0. 0. .1 0. 0. 0. 0. 0. 0. 0. 0. 0. 0. 0. 0. 0. 0. 0. 0. 0.
2G40. 0. 1. .010. 0. 0. 0. 0. 0. 0. 0. 0. 0. 0. 0. 0. 0. 0. 0. 0. 0. 0. 0. .01
2G558.0. 0. 0. 0. 0. 0. 0.
2I112.0. .5 0. 0. 0. 0. 1. 0. 1. 2. 0. 0. 0. 0. 0. 0. 1. 0. 17.0. 0. 0. 0. .5
2I20. 0. 0. 0. 0. 0. 0. .1 3. 0. 0. 0. 0. 0. 0. .1 0. 0. 0. 0. 0. 0. 0. 4. 0.
2I30. 0. 0. 0. 0. 0. 0. 0. 0. 0. 0. 0. 0. 0. 0. 0. 0. 0. 0. 0. 0. 0. 0. 0. 0.
2I40. 0. .010. 0. 0. 0. 0. 0. 0. 0. 0. 0. 0. 0. 0. 0. 0. 0. 0. 0. 0. 0. 0. .01
2I558.0. 0. 0. 0. 0. 0. 0.
4A16. 0. 3. 0. 0. 0. 0. 1. 0. 1. 1. 0. 0. 0. 0. 0. 0. 1. 0. 3. 0. 0. 0. 0. .5
4A20. 0. 0. 0. 0. 0. 0. .1 3. 0. 0. 0. 0. 0. .010. 0. .1 0. 0. 0. 0. 0. 6. 0.
4A30. 0. 0. 0. .1 0. 0. .1 0. 0. 0. 0. 0. 0. 0. 0. 0. 0. 0. 0. 0. 0. 0. 0. 0.
4A40. 0. .5 .1 0. 0. 0. 0. 0. 0. 0. 0. 0. 0. 0. 0. 0. 0. 0. .010. 0. 0. 0. .1
4A561.0. 0. 0. 0. 0. 0. 0.
4C110.0. 2. 0. 0. 0. 0. 2. 10..1 2. 0. 0. 0. 0. 0. 0. 1. 0. 15.0. 0. 0. 0. 0.
4C20. 0. 0. 0. 0. 0. 0. .1 .5 0. 0. 0. 0. 0. 0. 0. 0. 0. 0. 0. 0. 0. 0. 3. 0.
4C30. 0. 0. 0. 0. 0. 0. 0. 0. 0. 0. 0. 0. 0. 0. 0. 0. 0. 0. 0. 0. 0. 0. 0. 0.
4C40. .01.1 0. 0. 0. 0. 0. 0. 0. 0. .010. 0. 0. 0. 0. 0. 0. .010. 0. 0. 0. 0.
4C558.0. 0. 0. 0. 0. 0. 0.
4E14. 0. 0. 0. 0. 0. 0. 1. 5. 1. 2. 0. 0. 0. 0. 0. 0. 1. 0. 20.0. 0. 0. 0. 0.
4E20. 0. 0. 0. 0. 0. 0. 0. 2. 0. 0. 0. 0. 0. 0. 0. 0. .1 0. 0. 0. 0. 0. 6. 0.
4E30. 0. 0. 0. 0. 0. 0. 0. 0. 0. 0. 0. 0. 0. 0. 0. 0. 0. 0. 0. 0. 0. 0. 0. 0.
4E40. 0. .010. 0. 0. 0. 0. 0. 0. 0. 0. 0. 0. 0. 0. 0. 0. 0. 0. 0. 0. 0. 0. 0.
4E560.0. 0. 0. 0. 0. 0. 0.
4G115.0. 1. 0. 0. 0. 0. 1. 2. 0. 0. 0. 0. 0. 0. 0. 0. 0. 0. 17.0. 0. 0. 0. 0.
4G20. 0. 0. 0. 0. 0. 0. .011. 0. 0. 0. 0. 0. 0. .1 0. 0. 0. 0. 0. 0. 0. 5. 0.
4G30. 0. 0. 0. 0. 0. 0. 0. 0. 0. 0. 0. 0. 0. 0. 0. 0. 0. 0. 0. 0. 0. 0. 0. 0.
4G40. 0. 0. 0. 0. 0. 0. 0. 0. 0. 0. 0. 0. 0. 0. 0. 0. 0. 0. 0. 0. 0. 0. 0. 0.
4G562.0. 0. 0. 0. 0. 0. 0.
4I15. 0. 2. 0. 0. 0. 0. 2. 0. 0. 2. 0. 0. 0. 0. 0. 0. 1. 0. 15.0. 0. 0. 0. .5
4I20. 0. 0. 0. 0. 0. 0. .011. 0. 0. 0. 0. 0. 0. .1 0. 0. 0. 0. 0. 0. 0. 8. 0.
4I30. 0. 0. 0. 0. 0. 0. 0. 0. 0. 0. 0. 0. 0. 0. 0. 0. 0. 0. 0. 0. 0. 0. 0. 0.
4I40. 0. 0. 0. 0. 0. 0. 0. 0. 0. 0. .1 0. 0. 0. 0. 0. 0. 0. 0. 0. 0. 0. 0. 0.
4I560.0. 0. 0. 0. 0. 0. 0.
6A13. 0. 2. 0. 0. 0. 0. 3. .5 0. 2. 0. 0. 0. 0. 0. 0. .5 0. 4. 0. 0. 0. 0. 0.
6A20. 0. 0. 0. 0. 0. 0. .1 2. 0. 0. 0. 0. 0. 0. .1 0. 0. 0. 0. 0. 0. 0. 8. 0.
6A30. 0. 0. 0. 0. 0. 0. 0. 0. 0. 0. 0. 0. 0. 0. 0. 0. 0. 0. 0. 0. 0. 0. 0. 0.
6A40. .01.1 0. 0. 0. 0. 0. 0. 0. 0. .010. 0. 0. 0. 0. 0. 0. .010. 0. 0. 0. 0.
6A558.0. 0. 0. 0. 0. 0. 0.
6C115.0. 2. 0. 0. 0. 0. 1. 4. 0. 2. 0. 0. 0. 0. 0. 0. 2. 0. 10.0. 0. 0. 0. 1.
6C20. 0. 0. 0. 0. 0. 0. 0. 2. 0. 0. 0. 0. 0. 0. .1 0. 0. 0. 0. 0. 0. 0. 4. 0.
6C30. 0. 0. 0. 0. 0. 0. 0. 0. 0. 0. 0. 0. 0. 0. 0. 0. 0. 0. 0. 0. 0. 0. 0. 0.
6C40. 0. .1 0. 0. 0. 0. 0. 0. 0. 0. .1 0. 0. 0. 0. 0. 0. 0. 0. 0. 0. 0. 0. .1
6C560.0. 0. 0. 0. 0. 0. 0.
6E13. 0. 4. 0. 0. 0. 0. 1. 2. 0. 3. 0. 0. 0. 0. 0. 0. 2. 0. 5. 0. 0. 0. 0. 3.
6E20. 0. .1 0. 0. 0. 0. 0. .5 0. 0. 0. 0. 0. .1 0. 0. 0. 0. 0. 0. 0. 0. 5. 0.
6E30. 0. 0. 0. 0. 0. 0. 0. 0. 0. 0. 0. 0. 0. 0. 0. 0. 0. 0. 0. 0. 0. 0. 0. 0.
6E40. 0. .1 0. 0. 0. 0. 0. 0. 0. 0. .1 0. 0. 0. 0. 0. 0. 0. 0. 0. 0. 0. 0. .1
6E560.0. 0. 0. 0. 0. 0. 0.
6G18. 0. .5 0. 0. 0. 0. 2. 3. 0. 1. 0. 0. 0. 0. 0. 0. 0. 0. 12.0. 0. 0. 0. 0.
6G20. 0. 0. 0. 0. 0. 0. .1 1. 0. 0. 0. 0. 0. 0. .010. 0. 0. 0. 0. 0. 0. 5. 0.
6G30. 0. 0. 0. 0. 0. 0. 0. 0. 0. 0. 0. 0. 0. 0. 0. 0. 0. 0. 0. 0. 0. 0. 0. 0.
6G40. 0. 0. 0. 0. 0. 0. 0. 0. 0. 0. .1 0. 0. 0. 0. 0. 0. 0. 0. 0. 0. 0. 0. .1
6G563.0. 0. 0. 0. 0. 0. 0.
6I15. 0. 1. 0. 0. 0. 0. 1. .5 0. 1. 0. 0. 0. 0. 0. 0. 2. 0. 10.0. 0. 0. 0. 1.
6I20. 0. 0. 0. 0. 0. 0. .1 2. 0. 0. 0. 0. 0. 0. .1 0. 0. 0. 0. 0. 0. 0. 12.0.
6I30. 0. 0. 0. 0. 0. 0. 0. 0. 0. 0. 0. 0. 0. 0. 0. 0. 0. 0. 0. 0. 0. 0. 0. 0.
6I40. 0. 0. 0. 0. 0. 0. 0. 0. 0. 0. 0. 0. 0. 0. 0. 0. 0. 0. 0. 0. 0. 0. 0. .1
6I560.0. 0. 0. 0. 0. 0. 0.
8A18. 0. .1 0. 0. 0. 0. 1. 2. 2. 2. 0. 0. 0. 0. 0. 0. 0. 0. 8. 0. 0. 0. 0. 1.
8A20. 0. 0. 0. 0. 0. 0. 0. .5 0. 0. 0. 0. 0. .1 .5 0. 0. 0. 0. 0. 0. 0. 5. 0.
8A30. 0. 0. 0. 0. 0. 0. .1 0. 0. 0. 0. 0. 0. 0. 0. 0. 0. 0. 0. 0. 0. 0. 0. 0.
8A40. 0. 0. 0. 0. 0. 0. 0. 0. 0. 0. .1 0. 0. 0. 0. 0. 0. 0. 0. 0. 0. 0. 0. .01
8A560.0. 0. 0. 0. 0. 0. 0.
8C13. 0. .5 0. 0. 0. 0. 1. 0. 0. 1. 0. 0. 0. 0. 0. 0. 1. 0. 20.0. 0. 0. 0. .5
8C20. 0. 0. .1 0. 0. 0. .1 2. 0. 0. 0. 0. 0. 0. .1 0. 0. 0. 0. 0. 0. 0. 4. 0.
8C30. 0. 0. 0. 0. 0. 0. 0. 0. 0. 0. 0. 0. 0. 0. 0. 0. 0. 0. 0. 0. 0. 0. 0. 0.
8C40. 0. .1 0. .010. 0. 0. 0. 0. 0. 0. 0. 0. 0. 0. 0. 0. 0. 0. 0. 0. 0. 0. 0.
8C559.0. 0. 0. 0. 0. 0. 0.
8E18. 0. 0. 0. 0. 0. 0. 2. 5. 0. 2. 0. 0. 0. 0. 0. 0. .5 0. 15.0. 0. 0. 0. .5
8E20. 0. 0. 0. 0. 0. 0. 0. 3. 0. 0. 0. 0. 0. 0. .1 0. 0. 0. 0. 0. 0. 0. 5. 0.
8E30. 0. 0. 0. 0. 0. 0. 0. 0. 0. 0. 0. 0. 0. 0. 0. 0. 0. 0. 0. 0. 0. 0. 0. 0.
8E40. 0. 0. 0. 0. 0. 0. 0. 0. 0. 0. .010. 0. 0. 0. 0. 0. 0. .010. 0. 0. 0. .01
8E560.0. 0. 0. 0. 0. 0. 0.
8G18. 0. .1 0. 0. 0. 0. 1. 6. 0. 3. 0. 0. 0. 0. 0. 0. 1. 0. 8. 0. 0. 0. 0. 0.
8G20. 0. 0. 0. 0. 0. 0. .011. 0. 0. 0. 0. 0. .1 .1 0. 0. 0. .5 0. 0. 0. 2. 0.
8G30. 0. 0. 0. 0. 0. 0. 0. 0. 0. 0. 0. 0. 0. 0. 0. 0. 0. 0. 0. 0. 0. 0. 0. 0.
8G40. 0. .1 0. 0. 0. 0. 0. 0. 0. 0. 0. 0. 0. 0. 0. 0. 0. 0. 0. 0. 0. 0. 0. .1
8G560.0. 0. 0. 0. 0. 0. 0.
8I15. 0. 0. 0. 0. 0. 0. 1. 4. 0. 2. 0. 0. 0. 0. 0. 0. 1. 0. 17.0. 0. 0. 0. 0.
8I20. 0. 0. 0. 0. 0. 0. .012. 0. 0. 0. 0. 0. .1 .1 0. 0. 0. 0. 0. 0. 0. 4. 0.
8I30. 0. 0. 0. .1 0. 0. .1 0. 0. 0. 0. 0. 0. 0. 0. 0. 0. 0. 0. 0. 0. 0. 0. 0.
8I40. 0. 0. 0. 0. 0. 0. 0. 0. 0. 0. .010. 0. 0. 0. 0. 0. 0. 0. 0. 0. 0. 0. .1
8I560.0. 0. 0. 0. 0. 0. 0.
0A112.0. .1 0. .1 0. 0. .5 0. 2. 1. 0. 0. 0. 0. 0. 0. 1. 0. 1. 0. 0. 0. 0. .5
0A20. 0. 0. 0. 0. 0. 0. .018. 0. 0. 0. 0. 0. .5 .1 0. 0. 0. 0. 0. 0. 0. 4. 0.
0A30. 0. .01.010. 0. 0. .1 0. 0. 0. 0. 0. 0. 0. 0. 0. 0. 0. 0. 0. 0. 0. 0. 0.
0A40. 0. 1. .1 0. 0. 0. 0. 0. 0. 0. 0. 0. 0. 0. 0. 0. 0. 0. 0. 0. 0. 0. 0. .01
0A547.0. 0. 0. 0. 0. 0. 0.
0C110.0. 3. 0. 0. 0. 0. .1 0. 2. 3. 0. 0. 0. 0. 0. 0. .1 0. 2. 0. 0. 0. 0. 5.
0C20. 0. .1 0. 0. 0. 0. .013. 0. 0. 0. 0. 0. 1. .010. 0. 0. 0. 0. 0. 0. 3. 0.
0C30. 0. .1 0. .1 0. 0. .5 0. .1 0. 0. 0. 0. 0. 0. 0. 0. 0. 0. 0. 0. 0. .1 .01
0C40. 0. 1. .1 0. 0. 0. 0. 0. 0. 0. 0. 0. 0. 0. 0. 0. 0. 0. 0. 0. 0. 0. 0. .01
0C548.0. 0. 0. 0. 0. 0. 0.
0E117.0. 1. 0. 0. 0. 0. .1 0. 2. 3. 0. 0. 0. 0. 0. 0. 2. 0. .5 0. 0. 0. 0. 2.
0E20. 0. .010. 0. 0. 0. .018. 0. 0. 0. 0. 0. 0. .1 0. 0. 0. 0. 0. 0. 0. 5. 0.
0E30. 0. .010. 0. 0. 0. .1 0. .1 0. 0. 0. 0. 0. 0. 0. 0. 0. 0. 0. 0. 0. 0. 0.
0E4.5 0. 1. .5 0. 0. 0. 0. 0. 0. 0. 0. 0. 0. 0. 0. 0. 0. 0. 0. .010. 0. 0. .01
0E548.0. 0. 0. 0. 0. 0. 0.
0G115.0. .5 0. 0. 0. 0. 1. 0. .5 1. 0. 0. 0. 0. 0. 0. .1 0. 12.0. 0. 0. 0. .1
0G20. 0. 0. 0. 0. 0. 0. .014. 0. 0. 0. 0. 0. 0. .5 0. 0. 0. 0. 0. 0. 0. 15.0.
0G30. 0. 0. 0. 0. 0. 0. .010. 0. 0. 0. 0. 0. 0. 0. 0. 0. 0. 0. 0. 0. 0. 0. 0.
0G40. 0. .5 0. 0. 0. 0. 0. 0. 0. 0. 0. 0. 0. 0. 0. 0. 0. 0. 0. .010. 0. 0. .01
0G546.0. 0. 0. 0. 0. 0. 0.
0I14. 0. 1. 0. 0. 0. 0. 1. 0. .1 2. 0. 0. 0. 0. 0. 0. 0. 0. 17.0. 0. 0. 0. .5
0I20. 0. 0. 0. 0. 0. 0. 0. 3. 0. 0. 0. 0. 0. 0. .1 0. 0. 0. 0. 0. 0. 0. 5. 0.
0I30. 0. 0. 0. .1 0. 0. 0. 0. 0. 0. 0. 0. 0. 0. 0. 0. 0. 0. 0. 0. 0. 0. 0. 0.
0I40. 0. .010. 0. 0. 0. 0. 0. 0. 0. 0. 0. 0. 0. 0. 0. 0. 0. 0. 0. 0. 0. 0. 0.
0I548.0. 0. 0. 0. 0. 0. 0.
2A16. 0. 5. 0. 0. 0. 0. 2. 0. .5 .5 0. 0. 0. 0. 0. 0. 1. 0. 17.0. 0. 0. 0. .01
2A20. 0. 0. 0. 0. 0. 0. 0. .1 0. 0. 0. 0. 0. 0. .010. 0. 0. 0. 0. 0. 0. 5. 0.
2A30. 0. 0. 0. 0. 0. 0. 0. 0. 0. 0. 0. 0. 0. 0. 0. 0. 0. 0. 0. 0. 0. 0. 0. 0.
2A40. 0. .010. 0. 0. 0. 0. 0. 0. 0. 0. 0. 0. 0. 0. 0. 0. 0. 0. 0. 0. 0. 0. 0.
2A547.0. 0. 0. 0. 0. 0. 0.
2C117.0. .5 0. 0. 0. 0. 2. 0. 1. 1. 0. 0. 0. 0. 0. 0. .1 0. 8. 0. 0. 0. 0. .5
2C20. 0. 0. 0. 0. 0. 0. 0. 1. 0. 0. 0. 0. 0. 0. 0. 0. 0. 0. 0. 0. 0. 0. 6. 0.
2C30. 0. 0. 0. 0. 0. 0. 0. 0. 0. 0. 0. 0. 0. 0. 0. 0. 0. 0. 0. 0. 0. 0. 0. 0.
2C40. .010. 0. 0. 0. 0. 0. 0. 0. 0. .1 0. 0. 0. 0. 0. 0. 0. .01.010. 0. 0. .01
2C546.0. 0. 0. 0. 0. 0. 0.
2E112.0. 1. 0. 0. 0. 0. 1. 10..5 2. 0. 0. 0. 0. 0. 0. 2. 0. 10.0. 0. 0. 0. .5
2E20. 0. 0. 0. 0. 0. 0. .013. 0. 0. 0. 0. 0. 0. .1 0. 0. 0. 0. 0. 0. 0. 7. 0.
2E30. 0. 0. 0. 0. 0. 0. 0. 0. 0. 0. 0. 0. 0. 0. 0. 0. 0. 0. 0. 0. 0. 0. 0. 0.
2E40. 0. .1 0. 0. 0. 0. 0. 0. 0. 0. 0. 0. 0. 0. 0. 0. 0. 0. 0. 0. 0. 0. 0. 0.
2E546.0. 0. 0. 0. 0. 0. 0.
2G12. 0. 2. 0. 0. 0. 0. 1. 0. .5 2. 0. 0. 0. 0. 0. 0. .1 0. 12.0. 0. 0. 0. .5
2G20. 0. 0. 0. 0. 0. 0. 0. 4. 0. 0. 0. 0. 0. 0. .1 0. 0. 0. 0. 0. 0. 0. 6. 0.
2G30. 0. 0. 0. .1 0. 0. .1 0. 0. 0. 0. 0. 0. 0. 0. 0. 0. 0. 0. 0. 0. 0. 0. 0.
2G40. 0. 1. .010. 0. 0. 0. 0. 0. 0. 0. 0. 0. 0. 0. 0. 0. 0. 0. 0. 0. 0. 0. .01
2G547.0. 0. 0. 0. 0. 0. 0.
2I112.0. .5 0. 0. 0. 0. 2. 0. 2. 1. 0. 0. 0. 0. 0. 0. 1. 0. 15.0. 0. 0. 0. .5
2I20. 0. 0. 0. 0. 0. 0. 0. 4. 0. 0. 0. 0. 0. 0. .5 0. 0. 0. 0. 0. 0. 0. 4. 0.
2I30. 0. 0. 0. 0. 0. 0. 0. 0. 0. 0. 0. 0. 0. 0. 0. 0. 0. 0. 0. 0. 0. 0. 0. 0.
2I40. 0. .1 0. 0. 0. 0. 0. 0. 0. 0. 0. 0. 0. 0. 0. 0. 0. 0. 0. 0. 0. 0. 0. .01
2I548.0. 0. 0. 0. 0. 0. 0.
4A16. 0. 3. 0. 0. 0. 0. .5 0. 1. .5 0. 0. 0. 0. 0. 0. 1. 0. 5. 0. 0. 0. 0. 1.
4A20. 0. 0. 0. 0. 0. 0. .014. 0. 0. 0. 0. 0. 0. 0. 0. .010. 0. 0. 0. 0. 4. 0.
4A30. 0. 0. 0. .1 0. 0. .1 0. 0. 0. 0. 0. 0. 0. 0. 0. 0. 0. 0. 0. 0. 0. 0. 0.
4A40. 0. .5 .1 0. 0. 0. 0. 0. 0. 0. 0. 0. 0. 0. 0. 0. 0. 0. 0. 0. 0. 0. 0. .1
4A547.0. 0. 0. 0. 0. 0. 0.
4C18. 0. 2. 0. 0. 0. 0. 2. 15..1 1. 0. 0. 0. 0. 0. 0. .5 0. 12.0. 0. 0. 0. 0.
4C20. 0. 0. 0. 0. 0. 0. 0. .5 0. 0. 0. 0. 0. 0. .1 0. 0. 0. 0. 0. 0. 0. 4. 0.
4C30. 0. 0. 0. 0. 0. 0. 0. 0. 0. 0. 0. 0. 0. 0. 0. 0. 0. 0. 0. 0. 0. 0. 0. 0.
4C40. .01.010. 0. 0. 0. 0. 0. 0. 0. .010. 0. 0. 0. 0. 0. 0. 0. 0. 0. 0. 0. 0.
4C547.0. 0. 0. 0. 0. 0. 0.
4E15. 0. 0. 0. 0. 0. 0. 2. 5. .1 .5 0. 0. 0. 0. 0. 0. 1. 0. 20.0. 0. 0. 0. 0.
4E20. 0. 0. 0. 0. 0. 0. 0. 3. 0. 0. 0. 0. 0. 0. 0. 0. .1 0. 0. 0. 0. 0. 3. 0.
4E30. 0. 0. 0. 0. 0. 0. 0. 0. 0. 0. 0. 0. 0. 0. 0. 0. 0. 0. 0. 0. 0. 0. 0. 0.
4E40. 0. .010. 0. 0. 0. 0. 0. 0. 0. .010. 0. 0. 0. 0. 0. 0. 0. 0. 0. 0. 0. .01
4E548.0. 0. 0. 0. 0. 0. 0.
4G115.0. 2. 0. 0. 0. 0. 3. 2. 0. .5 0. 0. 0. 0. 0. 0. 0. 0. 17.0. 0. 0. 0. 0.
4G20. 0. 0. 0. 0. 0. 0. 0. .5 0. 0. 0. 0. 0. 0. .1 0. 0. 0. 0. 0. 0. 0. 8. 0.
4G30. 0. 0. 0. 0. 0. 0. 0. 0. 0. 0. 0. 0. 0. 0. 0. 0. 0. 0. 0. 0. 0. 0. 0. 0.
4G40. 0. .1 0. 0. 0. 0. 0. 0. 0. 0. 0. 0. 0. 0. 0. 0. 0. 0. 0. 0. 0. 0. 0. .01
4G548.0. 0. 0. 0. 0. 0. 0.
4I17. 0. 2. 0. 0. 0. 0. 1. 0. 0. .5 0. 0. 0. 0. 0. 0. .5 0. 12.0. 0. 0. 0. .5
4I20. 0. 0. .010. 0. 0. 0. .5 0. 0. 0. 0. 0. 0. .1 0. 0. 0. 0. 0. 0. 0. 10.0.
4I30. 0. 0. 0. 0. 0. 0. 0. 0. 0. 0. 0. 0. 0. 0. 0. 0. 0. 0. 0. 0. 0. 0. 0. 0.
4I40. 0. .1 0. 0. 0. 0. 0. 0. 0. 0. .010. 0. 0. 0. 0. 0. 0. 0. 0. 0. 0. 0. .01
4I548.0. 0. 0. 0. 0. 0. 0.
6A16. 0. 2. 0. 0. 0. 0. 3. .5 0. 2. 0. 0. 0. 0. 0. 0. .5 0. 10.0. 0. 0. 0. 0.
6A20. 0. 0. 0. 0. 0. 0. 0. 3. 0. 0. 0. 0. 0. 0. .5 0. 0. 0. 0. 0. 0. 0. 5. 0.
6A30. 0. 0. 0. 0. 0. 0. .1 0. 0. 0. 0. 0. 0. 0. 0. 0. 0. 0. 0. 0. 0. 0. 0. 0.
6A40. 0. .1 0. 0. 0. 0. 0. 0. 0. 0. 0. 0. 0. 0. 0. 0. 0. 0. 0. 0. 0. 0. 0. .01
6A549.0. 0. 0. 0. 0. 0. 0.
6C112.0. 2. 0. 0. 0. 0. .5 3. 0. 1. 0. 0. 0. 0. 0. 0. 1. 0. 15.0. 0. 0. 0. 1.
6C20. 0. 0. 0. 0. 0. 0. 0. 4. 0. 0. 0. 0. 0. .1 .1 0. 0. 0. 0. 0. 0. 0. 4. 0.
6C30. 0. 0. 0. .010. 0. .1 0. 0. 0. 0. 0. 0. 0. 0. 0. 0. 0. 0. 0. 0. 0. 0. 0.
6C40. 0. .010. 0. 0. 0. 0. 0. 0. 0. 0. 0. 0. 0. 0. 0. 0. 0. 0. 0. 0. 0. 0. .1
6C550.0. 0. 0. 0. 0. 0. 0.
6E15. 0. 4. 0. 0. 0. 0. 2. 1. 0. 2. 0. 0. 0. 0. 0. 0. 1. 0. 8. 0. 0. 0. 0. 2.
6E20. 0. 0. 0. 0. 0. 0. 0. .5 0. 0. 0. 0. 0. .1 0. 0. 0. 0. 0. 0. 0. 0. 6. 0.
6E30. 0. 0. 0. 0. 0. 0. .1 0. 0. 0. 0. 0. 0. 0. 0. 0. 0. 0. 0. 0. 0. 0. 0. 0.
6E40. 0. .1 0. 0. 0. 0. 0. 0. 0. 0. 0. 0. 0. 0. 0. 0. 0. 0. 0. 0. 0. 0. 0. .1
6E550.0. 0. 0. 0. 0. 0. 0.
6G18. 0. 1. 0. 0. 0. 0. 3. 4. 0. .5 0. 0. 0. 0. 0. 0. 0. 0. 12.0. 0. 0. 0. 0.
6G20. 0. 0. 0. 0. 0. 0. 0. 1. 0. 0. 0. 0. 0. 0. 0. 0. 0. 0. 0. 0. 0. 0. 6. 0.
6G30. 0. 0. 0. .1 0. 0. 0. 0. 0. 0. 0. 0. 0. 0. 0. 0. 0. 0. 0. 0. 0. 0. 0. 0.
6G40. 0. .1 0. 0. 0. 0. 0. 0. 0. 0. .010. 0. 0. 0. 0. 0. 0. 0. 0. 0. 0. 0. .1
6G548.0. 0. 0. 0. 0. 0. 0.
6I18. 0. 1. .1 0. 0. 0. .5 .1 0. 1. 0. 0. 0. 0. 0. 0. 1. 0. 17.0. 0. 0. 0. 1.
6I20. 0. 0. 0. 0. 0. 0. 0. 2. 0. 0. 0. 0. 0. 0. .010. 0. 0. 0. 0. 0. 0. 12.0.
6I30. 0. 0. 0. 0. 0. 0. 0. 0. 0. 0. 0. 0. 0. 0. 0. 0. 0. 0. 0. 0. 0. 0. 0. 0.
6I40. 0. 0. 0. 0. 0. 0. 0. 0. 0. 0. .010. 0. 0. 0. 0. 0. 0. 0. 0. 0. 0. 0. .1
6I548.0. 0. 0. 0. 0. 0. 0.
8A18. 0. 0. 0. 0. 0. 0. 1. 2. 1. 3. 0. 0. 0. 0. 0. 0. .1 0. 10.0. 0. 0. 0. .5
8A20. 0. 0. 0. 0. 0. 0. 0. 1. 0. 0. 0. 0. 0. 0. .5 0. 0. 0. 0. 0. 0. 0. 6. 0.
8A30. 0. 0. 0. 0. 0. 0. 0. 0. 0. 0. 0. 0. 0. 0. 0. 0. 0. 0. 0. 0. 0. 0. 0. 0.
8A40. 0. .1 0. 0. 0. 0. 0. 0. 0. 0. .1 0. 0. 0. 0. 0. 0. 0. 0. 0. 0. 0. 0. .1
8A548.0. 0. 0. 0. 0. 0. 0.
8C14. 0. .5 0. 0. 0. 0. 1. 0. .1 .5 0. 0. 0. 0. 0. 0. 1. 0. 20.0. 0. 0. 0. .5
8C20. 0. 0. 0. 0. 0. 0. .013. 0. 0. 0. 0. 0. 0. .1 0. 0. 0. 0. 0. 0. 0. 6. 0.
8C30. 0. 0. 0. 0. 0. 0. 0. 0. 0. 0. 0. 0. 0. 0. 0. 0. 0. 0. 0. 0. 0. 0. 0. 0.
8C40. 0. .1 0. 0. 0. 0. 0. 0. 0. 0. 0. 0. 0. 0. 0. 0. 0. 0. 0. 0. 0. 0. 0. .01
8C548.0. 0. 0. 0. 0. 0. 0.
8E110.0. 0. 0. 0. 0. 0. 2. 4. 0. 1. 0. 0. 0. 0. 0. 0. 0. 0. 12.0. 0. 0. 0. .1
8E20. 0. 0. 0. 0. 0. 0. 0. 2. 0. 0. 0. 0. 0. 0. .1 0. 0. 0. 0. 0. 0. 0. 8. 0.
8E30. 0. 0. 0. 0. 0. 0. 0. 0. 0. 0. 0. 0. 0. 0. 0. 0. 0. 0. 0. 0. 0. 0. 0. 0.
8E40. 0. .010. 0. 0. 0. 0. 0. 0. 0. 0. 0. 0. 0. 0. 0. 0. 0. 0. 0. 0. 0. 0. .1
8E549.0. 0. 0. 0. 0. 0. 0.
8G112.0. .1 0. 0. 0. 0. 2. 4. 0. 3. 0. 0. 0. 0. 0. 0. .5 0. 8. 0. 0. 0. 0. 0.
8G20. 0. 0. 0. 0. 0. 0. 0. 2. 0. 0. 0. 0. 0. .1 .1 0. 0. 0. .1 0. 0. 0. 1. 0.
8G30. 0. 0. 0. .1 0. 0. .1 0. 0. 0. 0. 0. 0. 0. 0. 0. 0. 0. 0. 0. 0. 0. 0. 0.
8G40. 0. .1 0. 0. 0. 0. 0. 0. 0. 0. 0. 0. 0. 0. 0. 0. 0. 0. 0. 0. 0. 0. 0. .1
8G550.0. 0. 0. 0. 0. 0. 0.
8I15. 0. 0. 0. 0. 0. 0. 2. 4. 0. 1. 0. 0. 0. 0. 0. 0. .5 0. 15.0. 0. 0. 0. 0.
8I20. 0. 0. 0. 0. 0. 0. 0. 3. 0. 0. 0. 0. 0. 0. .5 0. 0. 0. 0. 0. 0. 0. 5. 0.
8I30. 0. 0. 0. .1 0. 0. .1 0. 0. 0. 0. 0. 0. 0. 0. 0. 0. 0. 0. 0. 0. 0. 0. 0.
8I40. 0. .1 0. 0. 0. 0. 0. 0. 0. 0. .010. 0. 0. 0. 0. 0. 0. 0. 0. 0. 0. 0. .01
8I550.0. 0. 0. 0. 0. 0. 0.
0A112.0. 0. 0. .1 0. 0. .5 0. 2. .1 0. 0. 0. 0. 0. 0. .5 0. 1. 0. 0. 0. 0. .5
0A20. 0. 0. 0. 0. 0. 0. 0. 8. 0. 0. .010. 0. .5 .1 0. 0. 0. 0. 0. 0. 0. 0. 0.
0A30. 0. .010. 0. 0. 0. 0. .010. 0. 0. 0. 0. 0. 0. 0. 0. 0. 0. 0. 0. 0. 0. 0.
0A40. .01.1 .1 0. 0. 0. 0. 0. 0. 0. 0. 0. 0. 0. 0. 0. 0. 0. 0. 0. 0. 0. 0. 0.
0A552.0. 0. 0. 0. 0. 0. 0.
0C16. 0. 4. 0. 0. 0. 0. .5 .5 3. .5 0. 0. 0. 0. 0. 0. 0. 0. 2. 0. 0. 0. 0. 4.
0C20. 0. .1 0. 0. 0. 0. .013. 0. .01.010. 0. 1. .1 0. 0. 0. 0. 0. 0. 0. 2. 0.
0C30. 0. .010. .1 .01.1 .5 .01.1 0. 0. 0. 0. 0. 0. 0. 0. 0. 0. 0. 0. 0. 0. .01
0C40. 0. .5 .1 0. 0. 0. 0. 0. 0. 0. 0. 0. 0. 0. 0. 0. 0. 0. 0. 0. 0. 0. 0. 0.
0C551.0. 0. 0. 0. 0. 0. 0.
0E115.0. .5 0. 0. 0. 0. .1 0. 2. .1 0. 0. 0. 0. 0. 0. .5 0. .5 0. 0. 0. 0. 2.
0E20. 0. 0. 0. 0. 0. 0. .018. 0. 0. 0. 0. 0. 0. .1 0. 0. 0. 0. 0. 0. 0. 1. 0.
0E30. 0. .010. 0. .010. .010. .1 0. 0. 0. 0. 0. 0. 0. 0. 0. 0. 0. 0. 0. 0. 0.
0E4.5 0. .1 .5 0. 0. 0. 0. 0. 0. 0. 0. 0. 0. 0. 0. 0. 0. 0. 0. .010. 0. 0. 0.
0E551.0. 0. 0. 0. 0. 0. 0.
0G117.0. .5 0. 0. 0. 0. .5 0. .5 .5 0. 0. 0. 0. 0. 0. 0. 0. 12.0. 0. 0. 0. .1
0G20. 0. 0. 0. 0. 0. 0. 0. 4. 0. 0. 0. 0. 0. 0. .1 0. 0. 0. 0. 0. 0. 0. 3. 0.
0G30. 0. 0. 0. 0. 0. 0. 0. 0. 0. 0. 0. 0. 0. 0. 0. 0. 0. 0. 0. 0. 0. 0. 0. 0.
0G4.5 0. .1 .5 0. 0. 0. 0. 0. 0. 0. 0. 0. 0. 0. 0. 0. 0. 0. 0. .010. 0. 0. 0.
0G551.0. 0. 0. 0. 0. 0. 0.
0I15. 0. .5 0. 0. 0. 0. 1. 0. .5 .5 0. 0. 0. 0. 0. 0. 0. 0. 20.0. 0. 0. 0. 0.
0I20. .1 0. 0. 0. 0. 0. 0. 5. 0. 0. 0. 0. 0. 0. .1 0. 0. 0. 0. 0. 0. 0. 2. 0.
0I30. 0. 0. 0. 0. 0. 0. 0. 0. 0. 0. 0. 0. 0. 0. 0. 0. 0. 0. 0. 0. 0. 0. 0. 0.
0I40. 0. .010. 0. 0. 0. 0. 0. 0. 0. 0. 0. 0. 0. 0. 0. 0. 0. 0. 0. 0. 0. 0. 0.
0I550.0. 0. 0. 0. 0. 0. 0.
2A18. 0. 5. 0. 0. 0. 0. 2. 0. .1 .1 0. 0. 0. 0. 0. 0. 0. 0. 15.0. 0. 0. 0. .01
2A20. 0. 0. 0. 0. 0. 0. 0. 1. 0. 0. 0. 0. 0. 0. 0. 0. 0. 0. 0. 0. 0. 0. 1. 0.
2A30. 0. 0. .1 0. 0. 0. 0. 0. 0. 0. 0. 0. 0. 0. 0. 0. 0. 0. 0. 0. 0. 0. 0. 0.
2A40. 0. .010. 0. 0. 0. 0. 0. 0. 0. 0. 0. 0. 0. 0. 0. 0. 0. 0. 0. 0. 0. 0. 0.
2A551.0. 0. 0. 0. 0. 0. 0.
2C117.0. .5 0. 0. 0. 0. 2. .1 1. .1 0. 0. 0. 0. 0. 0. 0. 0. 8. 0. 0. 0. 0. .1
2C20. 0. 0. 0. 0. 0. 0. 0. .5 0. 0. 0. 0. 0. .010. 0. 0. 0. .010. 0. 0. .5 0.
2C30. 0. 0. 0. 0. 0. 0. 0. 0. 0. 0. 0. 0. 0. 0. 0. 0. 0. 0. 0. 0. 0. 0. 0. 0.
2C40. 0. .010. 0. 0. 0. 0. 0. 0. 0. 0. 0. 0. 0. 0. 0. 0. 0. 0. 0. 0. 0. 0. 0.
2C553.0. 0. 0. 0. 0. 0. 0.
2E112.0. 2. 0. 0. 0. 0. 1. 10.2. .1 0. 0. 0. 0. 0. 0. .5 0. 4. 0. 0. 0. 0. .5
2E20. 0. 0. 0. 0. 0. 0. 0. 5. 0. 0. 0. 0. 0. 0. .1 0. 0. 0. 0. 0. 0. 0. 2. 0.
2E30. 0. 0. .010. 0. 0. .010. 0. 0. 0. 0. 0. 0. 0. 0. 0. 0. 0. 0. 0. 0. 0. .1
2E40. 0. .5 0. 0. 0. 0. 0. 0. 0. 0. 0. 0. 0. 0. 0. 0. 0. 0. 0. 0. 0. 0. 0. 0.
2E550.0. 0. 0. 0. 0. 0. 0.
2G12. 0. 1. 0. 0. 0. 0. 1. 0. 1. 1. 0. 0. 0. 0. 0. 0. .1 0. 10.0. 0. 0. 0. .5
2G20. 0. 0. 0. 0. 0. 0. 0. 3. 0. 0. 0. 0. 0. 0. .1 0. 0. 0. 0. 0. 0. 0. .1 0.
2G30. 0. 0. 0. .1 0. 0. .010. 0. 0. 0. 0. 0. 0. 0. 0. 0. 0. 0. 0. 0. 0. 0. 0.
2G40. 0. .5 .010. 0. 0. 0. 0. 0. 0. 0. 0. 0. 0. 0. 0. 0. 0. 0. 0. 0. 0. 0. 0.
2G550.0. 0. 0. 0. 0. 0. 0.
2I110.0. .5 0. 0. 0. 0. 1. 1. 3. .5 0. 0. 0. 0. 0. 0. .1 0. 17.0. 0. 0. 0. .5
2I20. 0. 0. 0. 0. 0. 0. 0. 4. 0. 0. 0. 0. 0. 0. .1 0. 0. 0. 0. 0. 0. 0. 1. 0.
2I30. 0. 0. 0. 0. 0. 0. 0. 0. 0. 0. 0. 0. 0. 0. 0. 0. 0. 0. 0. 0. 0. 0. 0. 0.
2I40. 0. .010. 0. 0. 0. 0. 0. 0. 0. 0. 0. 0. 0. 0. 0. 0. 0. 0. 0. 0. 0. 0. 0.
2I550.0. 0. 0. 0. 0. 0. 0.
4A15. 0. 3. 0. 0. 0. 0. .5 0. 1. .1 0. 0. 0. 0. 0. 0. 0. 0. 3. 0. 0. 0. 0. 1.
4A20. 0. 0. 0. 0. 0. 0. 0. 3. 0. 0. 0. 0. 0. 0. 0. 0. .010. 0. 0. 0. 0. .5 0.
4A30. 0. 0. 0. 0. 0. 0. .1 0. 0. 0. 0. 0. 0. 0. 0. 0. 0. 0. 0. 0. 0. 0. 0. 0.
4A40. 0. .5 .1 0. 0. 0. 0. 0. 0. 0. 0. 0. 0. 0. 0. 0. 0. 0. 0. 0. 0. 0. 0. 0.
4A554.0. 0. 0. 0. 0. 0. 0.
4C18. 0. 3. 0. 0. 0. 0. 2. 15.1. .1 0. 0. 0. 0. 0. 0. 0. 0. 8. 0. 0. 0. 0. 0.
4C20. 0. 0. 0. 0. 0. 0. 0. 1. 0. 0. 0. 0. 0. 0. 0. 0. 0. 0. 0. 0. 0. 0. .5 0.
4C30. 0. 0. 0. 0. 0. 0. 0. 0. 0. 0. 0. 0. 0. 0. 0. 0. 0. 0. 0. 0. 0. 0. 0. 0.
4C40. .01.010. 0. 0. 0. 0. 0. 0. 0. .010. 0. 0. 0. 0. 0. 0. 0. 0. 0. 0. 0. 0.
4C551.0. 0. 0. 0. 0. 0. 0.
4E14. 0. 0. 0. 0. 0. 0. 2. 5. 1. .1 0. 0. 0. 0. 0. 0. .5 0. 10.0. 0. 0. 0. 0.
4E20. 0. 0. 0. 0. 0. 0. 0. 3. 0. 0. 0. 0. 0. 0. 0. 0. .1 0. 0. 0. 0. 0. 1. 0.
4E30. 0. 0. 0. 0. 0. 0. 0. 0. 0. 0. 0. 0. 0. 0. 0. 0. 0. 0. 0. 0. 0. 0. 0. 0.
4E40. 0. .010. 0. 0. 0. 0. 0. 0. 0. .010. 0. 0. 0. 0. 0. 0. 0. 0. 0. 0. 0. 0.
4E552.0. 0. 0. 0. 0. 0. 0.
4G115.0. 1. 0. 0. 0. 0. 1. 2. 0. .1 0. 0. 0. 0. 0. 0. 0. 0. 15.0. 0. 0. 0. 0.
4G20. 0. 0. 0. 0. 0. 0. 0. 1. 0. 0. 0. 0. 0. 0. .1 0. 0. 0. 0. 0. 0. 0. 3. 0.
4G30. 0. 0. 0. 0. 0. 0. 0. 0. 0. 0. 0. 0. 0. 0. 0. 0. 0. 0. 0. 0. 0. 0. 0. 0.
4G40. 0. .010. 0. 0. 0. 0. 0. 0. 0. 0. 0. 0. 0. 0. 0. 0. 0. 0. 0. 0. 0. 0. 0.
4G553.0. 0. 0. 0. 0. 0. 0.
4I15. 0. 2. 0. 0. 0. 0. 1. 0. 0. .5 0. 0. 0. 0. 0. 0. .5 0. 10.0. 0. 0. 0. 0.
4I20. 0. 0. 0. 0. 0. 0. 0. 1. 0. 0. 0. 0. 0. 0. .1 0. 0. 0. 0. 0. 0. 0. 2. 0.
4I30. 0. 0. .010. 0. 0. 0. 0. 0. 0. 0. 0. 0. 0. 0. 0. 0. 0. 0. 0. 0. 0. 0. 0.
4I40. 0. .010. 0. 0. 0. 0. 0. 0. 0. 0. 0. 0. 0. 0. 0. 0. 0. 0. 0. 0. 0. 0. 0.
4I550.0. 0. 0. 0. 0. 0. 0.
6A16. 0. 3. 0. 0. 0. 0. 1. 1. 0. .1 0. 0. 0. 0. 0. 0. .1 0. 8. 0. 0. 0. 0. 0.
6A20. 0. 0. 0. 0. 0. 0. 0. 4. 0. 0. 0. 0. 0. 0. .5 0. 0. 0. 0. 0. 0. 0. 2. 0.
6A30. 0. 0. 0. 0. 0. 0. .010. 0. 0. 0. 0. 0. 0. 0. 0. 0. 0. 0. 0. 0. 0. 0. 0.
6A40. 0. .1 0. 0. 0. 0. 0. 0. 0. 0. .010. 0. 0. 0. 0. 0. 0. 0. 0. 0. 0. 0. 0.
6A550.0. 0. 0. 0. 0. 0. 0.
6C19. 0. 2. 0. 0. 0. 0. .5 3. 0. .1 0. 0. 0. 0. 0. 0. .1 0. 12.0. 0. 0. 0. .5
6C20. 0. 0. 0. 0. 0. 0. 0. 3. 0. 0. 0. 0. 0. .01.1 0. 0. 0. 0. 0. 0. 0. 1. 0.
6C30. 0. 0. 0. 0. 0. .010. 0. 0. 0. 0. 0. 0. 0. 0. 0. 0. 0. 0. 0. 0. 0. 0. 0.
6C40. 0. 0. 0. 0. 0. 0. 0. 0. 0. 0. .010. 0. 0. 0. 0. 0. 0. 0. 0. 0. 0. 0. 0.
6C552.0. 0. 0. 0. 0. 0. 0.
6E13. 0. 4. 0. 0. 0. 0. 1. 1. 0. .5 0. 0. 0. 0. 0. 0. 0. 0. 4. 0. 0. 0. .5 3.
6E20. 0. 0. 0. 0. 0. 0. 0. .5 0. 0. 0. 0. 0. .010. 0. 0. 0. 0. 0. 0. 0. 1. 0.
6E30. 0. 0. 0. 0. 0. 0. .010. 0. 0. 0. 0. 0. 0. 0. 0. 0. 0. 0. 0. 0. 0. 0. 0.
6E40. 0. .010. 0. 0. 0. 0. 0. 0. 0. .010. 0. 0. 0. 0. 0. 0. 0. 0. 0. 0. 0. 0.
6E553.0. 0. 0. 0. 0. 0. 0.
6G18. 0. 1. 0. 0. 0. 0. .5 4. 0. .1 0. 0. 0. 0. 0. 0. 0. 0. 15.0. 0. 0. 0. 0.
6G20. 0. 0. 0. 0. 0. 0. 0. 2. 0. 0. 0. 0. 0. 0. .010. 0. 0. 0. 0. 0. 0. 3. 0.
6G30. 0. 0. 0. 0. 0. 0. 0. 0. 0. 0. 0. 0. 0. 0. 0. 0. 0. 0. 0. 0. 0. 0. 0. 0.
6G40. 0. 0. 0. 0. 0. 0. 0. 0. 0. 0. .010. 0. 0. 0. 0. 0. 0. 0. 0. 0. 0. 0. 0.
6G551.0. 0. 0. 0. 0. 0. 0.
6I16. 0. 1. 0. 0. 0. 0. 1. .5 0. .5 0. 0. 0. 0. 0. 0. .1 0. 10.0. 0. 0. 0. .5
6I20. 0. 0. 0. 0. 0. 0. 0. 2. 0. 0. 0. 0. 0. 0. .010. 0. 0. 0. 0. 0. 0. 3. 0.
6I30. 0. 0. 0. 0. 0. 0. 0. 0. 0. 0. 0. 0. 0. 0. 0. 0. 0. 0. 0. 0. 0. 0. 0. 0.
6I40. .010. 0. 0. 0. 0. 0. 0. 0. 0. .010. 0. 0. 0. 0. 0. 0. 0. 0. 0. 0. 0. 0.
6I552.0. 0. 0. 0. 0. 0. 0.
8A18. 0. 0. 0. 0. 0. 0. 1. 2. 1. .5 0. 0. 0. 0. 0. 0. 0. 0. 8. 0. 0. 0. 0. .5
8A20. 0. 0. 0. 0. 0. 0. 0. 1. 0. 0. 0. 0. 0. .1 .5 0. 0. 0. 0. 0. 0. 0. 3. 0.
8A30. 0. 0. 0. 0. 0. 0. .1 0. 0. 0. 0. 0. 0. 0. 0. 0. 0. 0. 0. 0. 0. 0. 0. 0.
8A40. 0. .010. 0. .010. 0. 0. 0. 0. .010. 0. 0. 0. 0. 0. 0. 0. 0. 0. 0. 0. 0.
8A552.0. 0. 0. 0. 0. 0. 0.
8C13. 0. .5 .010. 0. 0. .5 0. 0. .1 0. 0. 0. 0. 0. 0. .1 0. 20.0. 0. 0. 0. .5
8C20. 0. 0. 0. 0. 0. 0. 0. 3. 0. 0. 0. 0. 0. 0. .1 0. .1 0. 0. 0. 0. 0. 2. 0.
8C30. 0. 0. 0. 0. 0. 0. 0. 0. 0. 0. 0. 0. 0. 0. 0. 0. 0. 0. 0. 0. 0. 0. 0. 0.
8C40. 0. .010. 0. 0. 0. 0. 0. 0. 0. 0. 0. 0. 0. 0. 0. 0. 0. 0. 0. 0. 0. 0. 0.
8C551.0. 0. 0. 0. 0. 0. 0.
8E110.0. 0. 0. 0. 0. 0. 1. 8. 0. .1 0. 0. 0. 0. 0. 0. .1 0. 15.0. 0. 0. 0. .1
8E20. 0. 0. 0. 0. 0. 0. 0. 3. 0. 0. 0. 0. 0. 0. .1 0. 0. 0. 0. 0. 0. 0. 1. 0.
8E30. 0. 0. 0. 0. 0. 0. 0. 0. 0. 0. 0. 0. 0. 0. 0. 0. 0. 0. 0. 0. 0. 0. 0. 0.
8E40. 0. 0. 0. 0. 0. 0. 0. 0. 0. 0. .010. 0. 0. 0. 0. 0. 0. 0. 0. 0. 0. 0. 0.
8E550.0. 0. 0. 0. 0. 0. 0.
8G16. 0. .5 0. 0. 0. 0. 1. 4. 0. .5 0. 0. 0. 0. 0. 0. .5 0. 6. 0. 0. 0. 0. 0.
8G20. 0. 0. 0. 0. 0. 0. 0. 2. 0. 0. 0. 0. 0. .1 .1 0. .010. .5 0. 0. 0. .5 0.
8G30. 0. 0. 0. 0. 0. 0. .1 0. 0. 0. 0. 0. 0. 0. 0. 0. 0. 0. 0. 0. 0. 0. 0. 0.
8G40. 0. 0. 0. 0. 0. 0. 0. 0. 0. 0. .010. 0. 0. 0. 0. 0. 0. 0. 0. 0. 0. 0. 0.
8G553.0. 0. 0. 0. 0. 0. 0.
8I14. 0. 0. 0. 0. 0. 0. 2. 3. 0. .5 0. 0. 0. 0. 0. 0. 0. 0. 12.0. 0. 0. 0. .1
8I20. 0. 0. 0. 0. 0. 0. 0. 5. 0. 0. 0. 0. 0. 0. .5 0. 0. 0. 0. 0. 0. 0. 4. 0.
8I30. 0. 0. 0. 0. 0. 0. 0. 0. 0. 0. 0. 0. 0. 0. 0. 0. 0. 0. 0. 0. 0. 0. 0. 0.
8I40. 0. 0. 0. 0. 0. 0. 0. 0. 0. 0. .010. 0. 0. 0. 0. 0. 0. 0. 0. 0. 0. 0. 0.
8I553.0. 0. 0. 0. 0. 0. 0.
0A115.0. 0. 0. 0. 0. 0. .1 0. 2. .1 0. 0. 0. 0. 0. 0. .5 0. 2. 0. 0. 0. 0. .1
0A20. 0. 0. 0. 0. 0. 0. 0. 8. 0. 0. 0. 0. 0. .1 .010. 0. 0. 0. 0. 0. 0. .1 0.
0A30. 0. 0. 0. 0. 0. 0. 0. 0. 0. 0. 0. 0. 0. 0. 0. 0. 0. 0. 0. 0. 0. 0. 0. 0.
0A40. 0. .01.010. 0. 0. 0. 0. 0. 0. 0. 0. 0. 0. 0. 0. 0. 0. 0. 0. 0. 0. 0. 0.
0A544.0. 0. 0. 0. 0. 0. 0.
0C110.0. 3. 0. 0. 0. 0. .1 0. 2. .1 0. 0. 0. 0. 0. 0. .5 0. 3. 0. 0. 0. 0. 1.
0C20. 0. 0. 0. 0. 0. 0. 0. 5. 0. 0. 0. 0. 0. .5 .1 0. 0. 0. 0. 0. 0. 0. .1 0.
0C30. 0. 0. 0. 0. 0. 0. .1 0. .010. 0. 0. 0. 0. 0. 0. 0. 0. 0. 0. 0. 0. 0. .01
0C40. 0. .1 .010. 0. 0. 0. 0. 0. 0. 0. 0. 0. 0. 0. 0. 0. 0. 0. 0. 0. 0. 0. 0.
0C543.0. 0. 0. 0. 0. 0. 0.
0E117.0. 1. 0. 0. 0. 0. .010. 4. .1 0. 0. 0. 0. 0. 0. .5 0. .5 0. 0. 0. 0. .5
0E20. 0. 0. 0. 0. 0. 0. 0. 10.0. 0. 0. 0. 0. 0. .010. 0. 0. 0. 0. 0. 0. .1 0.
0E30. 0. 0. .010. 0. 0. .010. .1 0. 0. 0. 0. 0. 0. 0. 0. 0. 0. 0. 0. 0. 0. 0.
0E4.5 0. .1 .5 0. 0. 0. 0. 0. 0. 0. 0. 0. 0. 0. 0. 0. 0. 0. 0. .010. 0. 0. 0.
0E542.0. 0. 0. 0. 0. 0. 0.
0G120.0. .5 0. 0. 0. 0. .5 0. .5 .1 0. 0. 0. 0. 0. 0. 0. 0. 15.0. 0. 0. 0. 0.
0G20. 0. 0. 0. 0. 0. 0. 0. 4. 0. 0. 0. 0. 0. .01.1 0. 0. 0. 0. 0. 0. 0. 1. 0.
0G30. 0. 0. 0. 0. 0. 0. 0. 0. 0. 0. 0. 0. 0. 0. 0. 0. 0. 0. 0. 0. 0. 0. 0. 0.
0G40. 0. .1 0. 0. 0. 0. 0. 0. 0. 0. 0. 0. 0. 0. 0. 0. 0. 0. 0. .010. 0. 0. 0.
0G541.0. 0. 0. 0. 0. 0. 0.
0I16. 0. 1. 0. 0. 0. 0. .5 0. 1. .1 0. 0. 0. 0. 0. 0. .1 0. 17.0. 0. 0. 0. 0.
0I20. 0. 0. 0. 0. 0. 0. 0. 5. 0. 0. 0. 0. 0. 0. .010. 0. 0. 0. 0. 0. 0. .5 0.
0I30. 0. 0. 0. 0. 0. 0. 0. 0. 0. 0. 0. 0. 0. 0. 0. 0. 0. 0. 0. 0. 0. 0. 0. 0.
0I40. 0. 0. 0. 0. 0. 0. 0. 0. 0. 0. 0. 0. 0. 0. 0. 0. 0. 0. 0. 0. 0. 0. 0. 0.
0I541.0. 0. 0. 0. 0. 0. 0.
2A18. 0. 5. 0. 0. 0. 0. 1. 0. .5 .010. 0. 0. 0. 0. 0. .1 0. 12.0. 0. 0. 0. 0.
2A20. 0. 0. 0. 0. 0. 0. 0. 1. 0. 0. 0. 0. 0. 0. 0. 0. 0. 0. 0. 0. 0. 0. .5 0.
2A30. 0. 0. .1 0. 0. 0. 0. 0. 0. 0. 0. 0. 0. 0. 0. 0. 0. 0. 0. 0. 0. 0. 0. 0.
2A40. .010. 0. 0. 0. 0. 0. 0. 0. 0. 0. 0. 0. 0. 0. 0. 0. 0. 0. 0. 0. 0. 0. 0.
2A541.0. 0. 0. 0. 0. 0. 0.
2C117.0. .5 0. 0. 0. 0. 1. 0. 1. .1 0. 0. 0. 0. 0. 0. .010. 6. 0. 0. 0. 0. 0.
2C20. 0. 0. 0. 0. 0. 0. 0. .5 0. 0. 0. 0. 0. 0. 0. 0. 0. 0. .010. 0. 0. .5 0.
2C30. 0. 0. 0. 0. 0. 0. 0. 0. 0. 0. 0. 0. 0. 0. 0. 0. 0. 0. 0. 0. 0. 0. 0. .01
2C40. .01.010. 0. 0. 0. 0. 0. 0. 0. 0. 0. 0. 0. 0. 0. 0. 0. 0. 0. 0. 0. 0. 0.
2C542.0. 0. 0. 0. 0. 0. 0.
2E115.0. 2. 0. 0. 0. 0. .5 8. 1. .1 0. 0. 0. 0. 0. 0. 1. 0. 5. 0. 0. 0. 0. .01
2E20. 0. 0. 0. 0. 0. 0. 0. 3. 0. 0. 0. 0. 0. 0. .010. 0. 0. 0. 0. 0. 0. .5 0.
2E30. 0. 0. .1 0. 0. 0. 0. 0. 0. 0. 0. 0. 0. 0. 0. 0. 0. 0. 0. 0. 0. 0. 0. 0.
2E40. 0. .1 0. 0. 0. 0. 0. 0. 0. 0. 0. 0. 0. 0. 0. 0. 0. 0. 0. 0. 0. 0. 0. 0.
2E542.0. 0. 0. 0. 0. 0. 0.
2G12. 0. 1. 0. 0. 0. 0. .5 0. 1. .1 0. 0. 0. 0. 0. 0. .010. 12.0. 0. 0. 0. .5
2G20. 0. 0. 0. 0. 0. 0. 0. 4. 0. .010. 0. 0. 0. .1 0. 0. 0. 0. 0. 0. 0. .010.
2G30. 0. 0. .01.010. 0. 0. 0. 0. 0. 0. 0. 0. 0. 0. 0. 0. 0. 0. 0. 0. 0. 0. 0.
2G40. 0. .1 .1 0. 0. 0. 0. 0. 0. 0. 0. 0. 0. 0. 0. 0. 0. 0. 0. 0. 0. 0. 0. 0.
2G541.0. 0. 0. 0. 0. 0. 0.
2I110.0. .5 0. 0. 0. 0. .5 2. 2. .1 0. 0. 0. 0. 0. 0. .010. 17.0. 0. 0. 0. .1
2I20. 0. 0. 0. 0. 0. 0. 0. 3. 0. 0. 0. 0. 0. 0. .1 0. 0. 0. 0. 0. 0. 0. .1 0.
2I30. 0. 0. 0. 0. 0. 0. 0. 0. 0. 0. 0. 0. 0. 0. 0. 0. 0. 0. 0. 0. 0. 0. 0. 0.
2I40. .01.010. 0. 0. 0. 0. 0. 0. 0. 0. 0. 0. 0. 0. 0. 0. 0. 0. 0. 0. 0. 0. 0.
2I542.0. 0. 0. 0. 0. 0. 0.
4A16. 0. 4. 0. 0. 0. 0. .5 0. 1. .010. 0. 0. 0. 0. 0. .1 0. 3. 0. 0. 0. 0. .1
4A20. 0. 0. 0. 0. 0. 0. 0. 3. 0. 0. 0. 0. 0. 0. 0. 0. .010. 0. 0. 0. 0. .1 0.
4A30. 0. 0. 0. 0. 0. 0. 0. 0. 0. 0. 0. 0. 0. 0. 0. 0. 0. 0. 0. 0. 0. 0. 0. 0.
4A40. 0. .01.010. 0. 0. 0. 0. 0. 0. 0. 0. 0. 0. 0. 0. 0. 0. 0. 0. 0. 0. 0. 0.
4A542.0. 0. 0. 0. 0. 0. 0.
4C112.0. 3. 0. 0. 0. 0. .5 15.0. .010. 0. 0. 0. 0. 0. .5 0. 8. 0. 0. 0. 0. .01
4C20. 0. 0. 0. 0. 0. 0. 0. .5 0. 0. 0. 0. 0. 0. 0. 0. 0. 0. 0. 0. 0. 0. .1 0.
4C30. 0. 0. 0. 0. 0. 0. 0. 0. 0. 0. 0. 0. 0. 0. 0. 0. 0. 0. 0. 0. 0. 0. 0. 0.
4C40. .01.010. 0. 0. 0. 0. 0. 0. 0. 0. 0. 0. 0. 0. 0. 0. 0. 0. 0. 0. 0. 0. 0.
4C542.0. 0. 0. 0. 0. 0. 0.
4E19. 0. 0. 0. 0. 0. 0. .1 4. .5 .010. 0. 0. 0. 0. 0. .5 0. 12.0. 0. 0. 0. 0.
4E20. 0. 0. 0. 0. 0. 0. 0. 2. 0. 0. 0. 0. 0. 0. 0. 0. .1 0. 0. 0. 0. 0. .1 0.
4E30. 0. 0. 0. 0. 0. 0. 0. 0. 0. 0. 0. 0. 0. 0. 0. 0. 0. 0. 0. 0. 0. 0. 0. 0.
4E40. 0. .010. 0. 0. 0. 0. 0. 0. 0. 0. 0. 0. 0. 0. 0. 0. 0. 0. 0. 0. 0. 0. 0.
4E544.0. 0. 0. 0. 0. 0. 0.
4G112.0. 2. 0. 0. 0. 0. .1 2. 0. .010. 0. 0. 0. 0. 0. 0. 0. 15.0. 0. 0. 0. 0.
4G20. 0. 0. 0. 0. 0. 0. 0. 1. 0. 0. 0. 0. 0. 0. .010. 0. 0. 0. 0. 0. 0. 2. 0.
4G30. 0. 0. 0. 0. 0. 0. 0. 0. 0. 0. 0. 0. 0. 0. 0. 0. 0. 0. 0. 0. 0. 0. 0. 0.
4G40. 0. .010. 0. 0. 0. 0. 0. 0. 0. 0. 0. 0. 0. 0. 0. 0. 0. 0. 0. 0. 0. 0. 0.
4G544.0. 0. 0. 0. 0. 0. 0.
4I18. 0. 2. 0. 0. 0. 0. .1 0. 0. .010. 0. 0. 0. 0. 0. .5 0. 10.0. 0. 0. 0. 0.
4I20. 0. 0. 0. 0. 0. 0. 0. 2. 0. 0. 0. 0. 0. 0. .1 0. 0. 0. 0. 0. 0. 0. .5 0.
4I30. 0. 0. .010. 0. 0. 0. 0. 0. 0. 0. 0. 0. 0. 0. 0. 0. 0. 0. 0. 0. 0. 0. 0.
4I40. 0. .010. 0. 0. 0. 0. 0. 0. 0. 0. 0. 0. 0. 0. 0. 0. 0. 0. 0. 0. 0. 0. 0.
4I543.0. 0. 0. 0. 0. 0. 0.
6A18. 0. 3. 0. 0. 0. 0. .1 0. 0. .010. 0. 0. 0. 0. 0. .1 0. 5. 0. 0. 0. 0. 0.
6A20. 0. 0. 0. 0. 0. 0. 0. 3. 0. 0. 0. 0. 0. 0. .5 0. 0. 0. 0. 0. 0. 0. .1 0.
6A30. 0. 0. 0. 0. 0. 0. 0. 0. 0. 0. 0. 0. 0. 0. 0. 0. 0. 0. 0. 0. 0. 0. 0. 0.
6A40. 0. .010. 0. 0. 0. 0. 0. 0. 0. 0. 0. 0. 0. 0. 0. 0. 0. 0. 0. 0. 0. 0. 0.
6A543.0. 0. 0. 0. 0. 0. 0.
6C115.0. 2. 0. 0. 0. 0. .1 2. 0. .010. 0. 0. 0. 0. 0. .1 0. 10.0. 0. 0. 0. .5
6C20. 0. 0. 0. 0. 0. 0. 0. 3. 0. 0. 0. 0. 0. 0. .1 0. 0. 0. 0. 0. 0. 0. .5 0.
6C30. 0. 0. 0. .010. 0. 0. 0. 0. 0. 0. 0. 0. 0. 0. 0. 0. 0. 0. 0. 0. 0. 0. 0.
6C40. 0. .010. 0. 0. 0. 0. 0. 0. 0. 0. 0. 0. 0. 0. 0. 0. 0. 0. 0. 0. 0. 0. 0.
6C545.0. 0. 0. 0. 0. 0. 0.
6E15. 0. 5. 0. 0. 0. 0. .5 2. .1 .010. 0. 0. 0. 0. 0. .5 0. 3. 0. 0. 0. 0. .5
6E20. 0. 0. 0. 0. 0. 0. 0. 1. 0. 0. 0. 0. 0. 0. 0. 0. 0. 0. 0. 0. 0. 0. .5 0.
6E30. 0. 0. 0. 0. 0. 0. 0. 0. 0. 0. 0. 0. 0. 0. 0. 0. 0. 0. 0. 0. 0. 0. 0. 0.
6E40. 0. .010. 0. 0. 0. 0. 0. 0. 0. 0. 0. 0. 0. 0. 0. 0. 0. 0. 0. 0. 0. 0. 0.
6E546.0. 0. 0. 0. 0. 0. 0.
6G18. 0. 1. 0. 0. 0. 0. .5 5. 0. .010. 0. 0. 0. 0. 0. 0. 0. 12.0. 0. 0. 0. 0.
6G20. 0. 0. 0. 0. 0. 0. 0. 1. 0. 0. 0. 0. 0. 0. 0. 0. 0. 0. 0. 0. 0. 0. .5 0.
6G30. 0. 0. 0. 0. 0. 0. 0. 0. 0. 0. 0. 0. 0. 0. 0. 0. 0. 0. 0. 0. 0. 0. 0. 0.
6G40. 0. 0. 0. 0. 0. 0. 0. 0. 0. 0. 0. 0. 0. 0. 0. 0. 0. 0. 0. 0. 0. 0. 0. 0.
6G544.0. 0. 0. 0. 0. 0. 0.
6I16. 0. 1. 0. 0. 0. 0. .5 1. 0. .1 0. 0. 0. 0. 0. 0. .5 0. 12.0. 0. 0. 0. 0.
6I20. 0. 0. 0. 0. 0. 0. 0. 2. 0. 0. 0. 0. 0. 0. .010. 0. 0. 0. 0. 0. 0. 1. 0.
6I30. 0. 0. 0. 0. 0. 0. 0. 0. 0. 0. 0. 0. 0. 0. 0. 0. 0. 0. 0. 0. 0. 0. 0. 0.
6I40. 0. .010. 0. 0. 0. 0. 0. 0. 0. 0. 0. 0. 0. 0. 0. 0. 0. 0. 0. 0. 0. 0. 0.
6I544.0. 0. 0. 0. 0. 0. 0.
8A110.0. .1 0. 0. 0. 0. .1 3. 2. .010. 0. 0. 0. 0. 0. 0. 0. 8. 0. 0. 0. 0. .5
8A20. 0. 0. 0. 0. 0. 0. 0. .1 0. 0. 0. 0. 0. 0. .1 0. 0. 0. 0. 0. 0. 0. .1 0.
8A30. 0. 0. 0. 0. 0. 0. 0. 0. 0. 0. 0. 0. 0. 0. 0. 0. 0. 0. 0. 0. 0. 0. 0. 0.
8A40. 0. .010. 0. 0. 0. 0. 0. 0. 0. 0. 0. 0. 0. 0. 0. 0. 0. 0. 0. 0. 0. 0. 0.
8A543.0. 0. 0. 0. 0. 0. 0.
8C16. 0. .5 0. 0. 0. 0. .1 0. 0. .010. 0. 0. 0. 0. 0. .1 0. 20.0. 0. 0. 0. 0.
8C20. 0. 0. 0. 0. 0. 0. 0. 3. 0. 0. 0. 0. 0. 0. .010. .010. 0. 0. 0. 0. .5 0.
8C30. 0. 0. 0. 0. 0. 0. 0. 0. 0. 0. 0. 0. 0. 0. 0. 0. 0. 0. 0. 0. 0. 0. 0. 0.
8C40. 0. .010. 0. 0. 0. 0. 0. 0. 0. 0. 0. 0. 0. 0. 0. 0. 0. 0. 0. 0. 0. 0. 0.
8C544.0. 0. 0. 0. 0. 0. 0.
8E112.0. 0. 0. 0. 0. 0. .1 8. 0. .010. 0. 0. 0. 0. 0. 0. 0. 15.0. 0. 0. 0. 0.
8E20. 0. 0. 0. 0. 0. 0. 0. 2. 0. 0. 0. 0. 0. 0. .010. 0. 0. 0. 0. 0. 0. .1 0.
8E30. 0. 0. 0. 0. 0. 0. 0. 0. 0. 0. 0. 0. 0. 0. 0. 0. 0. 0. 0. 0. 0. 0. 0. 0.
8E40. 0. .010. 0. 0. 0. 0. 0. 0. 0. 0. 0. 0. 0. 0. 0. 0. 0. 0. 0. 0. 0. 0. 0.
8E544.0. 0. 0. 0. 0. 0. 0.
8G18. 0. .5 0. 0. 0. 0. .5 4. 0. .5 0. 0. 0. 0. 0. 0. .5 0. 6. 0. 0. 0. 0. 0.
8G20. 0. 0. 0. 0. 0. 0. 0. 3. 0. 0. 0. 0. 0. .1 .010. 0. 0. .5 0. 0. 0. .1 0.
8G30. 0. 0. 0. 0. 0. 0. 0. 0. 0. 0. 0. 0. 0. 0. 0. 0. 0. 0. 0. 0. 0. 0. 0. 0.
8G40. 0. 0. 0. 0. 0. 0. 0. 0. 0. 0. 0. 0. 0. 0. 0. 0. 0. 0. 0. 0. 0. 0. 0. 0.
8G547.0. 0. 0. 0. 0. 0. 0.
8I18. 0. 0. 0. 0. 0. 0. .5 8. .1 .010. 0. 0. 0. 0. 0. .1 0. 20.0. 0. 0. 0. 0.
8I20. 0. 0. 0. 0. 0. 0. 0. 3. 0. 0. 0. 0. 0. .01.1 0. 0. 0. 0. 0. 0. 0. 1. 0.
8I30. 0. 0. .010. 0. 0. 0. 0. 0. 0. 0. 0. 0. 0. 0. 0. 0. 0. 0. 0. 0. 0. 0. 0.
8I40. 0. .010. 0. 0. 0. 0. 0. 0. 0. 0. 0. 0. 0. 0. 0. 0. 0. 0. 0. 0. 0. 0. 0.
8I545.0. 0. 0. 0. 0. 0. 0.
