0A1.5 0. 0. 0. 0. 0. 0. .1 0. 0. 0. 0. .1 0. 0. 0. 0. 0. 0. 0. 0. 0. 0. 0. 0.
0A20. 0. 0. .1 0. .1 .1 0. .5 0. .1 0. 0. 0. 0. 0. 0. 0. 0. 0. 0. 0. .1 0. 0.
0A30. 0. 0. 0. 0. 0. 0. 0. 0. 0. 0. 0. 0. 0. 0. 0. 0. 2. 0. 0. 0. 0. 0. 0. 0.
0A40. .1 3. .1 0. 0. 0. 0. 0. 0. 0. 0. 0. 0. 0. 0. 0. 0. 0. 0. 0. 0. 0. 0. 0.
0A571.0. 0. 0. 0. 0. 0. 0. 0. 0. 0. 0. 0.
0C1.1 0. 0. 0. 0. 0. 0. 0. 0. 0. 12..1 .5 0. 0. 0. 0. 0. 3. 0. 0. 0. 0. 0. 0.
0C20. 0. 0. 0. 0. 0. .1 0. .1 0. 0. 0. 0. 0. 0. 1. 0. 0. 0. 0. .5 0. .1 .5 0.
0C30. 0. 0. 0. 0. 0. 0. 0. 0. 0. 0. 0. 0. 0. 0. 0. .1 1. 0. 0. 0. 0. 0. 0. 0.
0C40. 0. 4. .1 0. 0. 0. 0. 0. 0. 0. 0. 0. 0. 0. 0. 0. 0. 0. 0. 0. 0. 0. 0. 0.
0C569.0. 0. 0. 0. 0. 0. 0. 0. 0. 0. 0. 0.
0E11. .010. 0. 0. 0. 0. .5 0. 0. 2. .5 0. 0. 0. 0. 0. 0. 1. 0. 0. 0. 0. 0. 0.
0E20. 0. 0. 0. 0. .1 .1 0. .5 0. 0. 0. 0. 0. 0. 1. 0. 0. 0. 0. 0. 0. .5 .1 0.
0E30. 0. 0. 0. 0. 0. 0. 0. 0. 0. 0. 0. 0. 0. 0. 0. 0. 4. 0. 0. 0. 0. 0. 0. 0.
0E40. .1 3. 0. .1 0. 0. 0. .1 0. 0. 0. .1 0. 0. 0. 0. .1 0. 0. 0. 0. 0. 0. 0.
0E570.0. 0. 0. 0. 0. 0. 0. 0. 0. .1 0. 0.
0G13. .1 0. 0. 0. 0. 0. 2. 0. 0. 0. 0. .1 0. 0. 0. 0. 0. 0. 0. 0. 0. 0. 0. 0.
0G20. 0. 0. .1 0. .1 .1 0. .5 .010. 0. 0. 0. 0. 1. 0. 0. 0. 0. 0. 0. .1 0. 0.
0G30. 0. 0. 0. 0. 0. 0. 0. 0. 0. 0. 0. 0. 0. 0. 0. 0. 1. 0. 0. 0. 0. 0. 0. 0.
0G40. .5 2. .1 0. .1 0. 0. .1 0. 0. 0. 0. 0. 0. 0. 0. 1. 0. 0. 0. 0. 0. 0. 0.
0G574.0. 0. 0. 0. 0. 0. 0. 0. 0. .1 0. 0.
0I14. .1 0. 0. 0. 0. 0. 2. 0. 0. 0. .5 .1 0. 0. 0. 0. 0. 0. 0. 0. 0. 0. 0. 0.
0I20. 0. 0. .1 0. .1 .1 0. 1. 0. 0. 0. 0. 0. 0. 1. 0. 0. 0. 0. 0. 0. 0. 0. 0.
0I30. 0. 0. 0. 0. 0. 0. 0. 0. 0. 0. 0. 0. 0. 0. 0. 0. .1 0. 0. 0. 0. 0. 0. 0.
0I40. .5 4. .1 0. .5 0. 0. 0. 0. 0. 0. 0. 0. 0. 0. 0. 1. 0. 0. 0. 0. 0. 0. 0.
0I579.0. 0. 0. 0. 0. 0. 0. 0. 0. 0. 0. 0.
2A14. 0. 0. 0. 0. 0. 0. .5 0. 0. 1. .1 .1 .1 0. 0. 0. 0. 5. 0. 0. 0. 0. 0. 0.
2A20. 0. 0. 0. 0. .010. 0. 0. 0. 0. 0. 0. 0. 0. .1 0. 0. 0. 0. .5 0. .5 0. 0.
2A30. 0. 0. 0. 0. 0. 0. 0. 0. 0. 0. 0. 0. 0. 0. 0. 0. 3. 0. 0. 0. 0. 0. 0. 0.
2A40. 0. 2. .1 0. 0. 0. 0. 0. 0. 0. 0. .1 0. 0. 0. 0. 0. 0. 0. 0. 0. 0. 0. 0.
2A572.0. 0. 0. 0. 0. 0. 0. 0. 0. 0. 0. 0.
2C12. 0. 0. 0. 0. 0. 0. .5 0. 0. 4. 2. 0. 0. 0. 0. 0. 0. 1. 0. 0. 0. 0. 0. 0.
2C20. 0. 0. .1 0. .1 .1 0. .1 0. 0. 0. 0. 0. 0. .5 0. 0. 0. 0. 0. 0. .5 0. 0.
2C30. 0. 0. 0. 0. 0. 0. 0. 0. 0. 0. 0. 0. 0. 0. 0. .5 1. 0. 0. 0. 0. 0. 0. 0.
2C40. 0. 2. 0. 0. .5 0. 0. 0. 0. 0. 0. .1 0. 0. 0. 0. 2. 0. 0. 0. 0. 0. 0. 0.
2C574.0. 0. 0. 0. 0. 0. 0. 0. 0. 0. 0. 0.
2E12. .010. 0. 0. 0. 0. 0. 0. 0. 4. .1 0. 0. 0. 0. 0. 0. 3. 0. 0. 0. 0. 0. 0.
2E20. 0. 0. 0. 0. 0. .010. .1 0. 0. 0. 0. 0. 0. .1 0. 0. 0. 0. .5 0. .1 0. 0.
2E30. 0. 0. 0. 0. 0. 0. 0. 0. 0. 0. 0. 0. 0. 0. 0. 1. 5. 0. 0. 0. 0. 0. 0. 0.
2E40. .012. .1 0. 0. 0. 0. 0. 0. 0. 0. 0. 0. 0. 0. 0. .1 0. 0. 0. 0. 0. 0. 0.
2E572.0. 0. 0. 0. 0. 0. 0. 0. 0. 0. 0. 0.
2G1.5 .1 0. 0. 0. 0. 0. .5 0. .1 .1 0. .1 0. 0. 0. 0. 0. 0. 0. 0. 0. 0. 0. 0.
2G20. 0. 0. 0. 0. .1 .1 0. .1 .1 0. 0. 0. 0. 0. .5 0. 0. 0. 0. 0. 0. .5 0. 0.
2G30. 0. 0. 0. 0. 0. 0. 0. 0. 0. 0. 0. 0. 0. 0. 0. 0. .5 0. 0. 0. 0. 0. 0. 0.
2G40. .1 4. 0. 0. .5 0. 0. 0. 0. 0. 0. .1 0. 0. 0. 0. .5 0. 0. 0. 0. 0. 0. 0.
2G574.0. 0. 0. 0. 0. 0. 0. 0. 0. 0. 0. 0.
2I1.5 .010. 0. 0. 0. 0. 2. 0. 0. 0. 0. .1 0. 0. 0. 0. 0. 0. 0. 0. 0. 0. 0. 0.
2I20. 0. 0. 0. 0. .1 .1 0. 2. 0. 0. .1 0. 0. 0. .5 0. 0. .1 0. 0. 0. 0. 0. 0.
2I30. 0. 0. 0. 0. 0. 0. 0. 0. 0. 0. 0. 0. 0. 0. 0. .011. 0. 0. 0. 0. 0. 0. 0.
2I40. .1 3. .1 0. 1. 0. 0. 0. 0. 0. 0. 0. 0. 0. 0. 0. 1. 0. 0. 0. 0. 0. 0. 0.
2I573.0. 0. 0. 0. 0. 0. 0. 0. 0. 0. 0. 0.
4A15. 0. 0. 0. 0. 0. 0. 0. 0. 0. 1. .5 0. 0. 0. 0. 0. 0. 3. 0. 0. 0. 0. 0. 0.
4A20. 0. 0. .010. .1 .1 0. .1 0. 0. 0. 0. 0. 0. .5 0. 0. 0. 0. .1 0. 1. 0. .01
4A30. 0. 0. 0. 0. 0. 0. 0. 0. 0. 0. 0. 0. 0. 0. 0. 1. 4. 0. 0. 0. 0. 0. 0. 0.
4A40. .012. 0. 0. 0. 0. 0. .1 0. 0. 0. 0. 0. 0. 0. 0. 0. 0. 0. 0. 0. 0. 0. 0.
4A572.0. 0. 0. 0. 0. 0. 0. 0. 0. 0. 0. 0.
4C1.5 0. 0. 0. 0. 0. 0. 0. 0. 0. 2. 1. .010. 0. 0. 0. 0. 2. 0. 0. 0. 0. 0. 0.
4C20. 0. 0. .010. .1 .1 0. .1 0. 0. 0. 0. 0. 0. .5 0. 0. 0. 0. 0. 0. 0. 0. 0.
4C30. 0. 0. 0. 0. 0. 0. 0. 0. 0. 0. 0. .1 0. 0. 0. .5 2. 0. 0. 0. 0. 0. 0. 0.
4C40. 0. 5. 0. 0. 0. 0. 0. 0. 0. 0. 0. 0. 0. 0. 0. 0. 0. 0. 0. 0. 0. 0. 0. 0.
4C572.0. 0. 0. 0. 0. 0. 0. 0. 0. 0. .1 0.
4E1.5 0. 0. 0. 0. 0. 0. .1 0. 0. 1. 0. 0. 0. 0. 0. 0. 0. 8. 0. 0. 0. 0. 0. 0.
4E20. 0. 0. 0. 0. .1 .1 0. .010. 0. 0. 0. 0. 0. 0. 0. 0. 0. 0. 0. 0. .5 0. 0.
4E30. 0. 0. 0. 0. 0. 0. 0. 0. 0. 0. 0. 0. 0. 0. 0. .5 3. 0. 0. 0. 0. 0. 0. 0.
4E40. .1 2. 0. 0. 0. 0. 0. 0. 0. 0. .010. 0. 0. 0. 0. 1. 0. 0. 0. 0. 0. 0. 0.
4E572.0. 0. 0. 0. 0. 0. 0. 0. 0. 0. 0. 0.
4G11. 0. 0. 0. 0. 0. 0. .5 0. 0. 1. .1 .1 0. 0. 0. 0. 0. 0. 0. 0. 0. 0. 0. 0.
4G20. 0. 0. 0. 0. .1 .5 0. .5 0. 0. 0. 0. 0. 0. 1. 0. 0. 0. 0. 0. 0. 2. 0. 0.
4G30. 0. 0. 0. 0. 0. 0. 0. 0. 0. 0. 0. 0. 0. 0. 0. 0. 1. 0. 0. 0. 0. 0. 0. 0.
4G40. .5 1. 0. 0. 1. 0. 0. 0. 0. 0. 0. 0. 0. 0. 0. 0. 2. 0. 0. 0. 0. 0. 0. 0.
4G574.0. 0. 0. 0. 0. 0. 0. 0. 0. 0. 0. 0.
4I12. 0. 0. 0. 0. 0. 0. 2. 0. 0. 1. 0. .1 0. 0. 0. 0. 0. 0. 0. 0. 0. 0. 0. 0.
4I20. 0. 0. .1 0. 0. .1 0. 1. 0. 0. 0. 0. 0. 0. .1 0. 0. 0. 0. 0. 0. 1. 0. 0.
4I30. 0. 0. 0. 0. 0. 0. 0. 0. 0. 0. 0. 0. 0. 0. 0. 0. 0. 0. 0. 0. 0. 0. 0. 0.
4I40. 1. 5. 0. 0. 0. .1 0. 0. 0. 0. 0. 0. 0. 0. 0. 0. 2. 0. 0. 0. 0. 0. 0. 0.
4I573.0. 0. 0. 0. 0. 0. 0. 0. 0. 0. 0. 0.
6A13. 0. 0. 0. 0. 0. 0. .1 0. 0. 3. .5 0. 0. 0. 0. 0. 0. 1. 0. 0. 0. 0. 0. 0.
6A20. 0. 0. .1 0. 0. .1 0. .010. 0. 0. 0. 0. 0. 0. 0. 0. 0. 0. 0. 0. 1. 0. 0.
6A30. 0. 0. 0. 0. 0. 0. 0. 0. 0. 0. 0. 0. 0. 0. 0. 1. 6. 0. 0. 0. 0. 0. 0. 0.
6A40. 1. 0. .1 0. 0. 0. 0. .5 0. 0. 0. 0. 0. 0. 0. 0. 0. 0. 0. 0. 0. 0. 0. 0.
6A578.0. 0. 0. 0. 0. 0. 0. 0. 0. 0. 0. 0.
6C12. 0. 0. 0. 0. 0. 0. 1. 0. 0. 4. 3. 0. 0. 0. 0. 0. 0. 3. 0. 0. 0. 0. 0. 0.
6C20. 0. 0. 0. 0. 0. .5 0. .1 0. 0. 0. 0. 0. 0. .5 0. 0. 0. 0. 0. 0. 2. 0. 0.
6C30. 0. 0. 0. 0. 0. 0. 0. 0. 0. 0. 0. 0. 0. 0. 0. 1. 6. 0. 0. 0. 0. 0. 0. 0.
6C40. 0. 5. 0. .5 0. 0. 0. 0. 0. 0. .1 0. 0. 0. 0. 0. 0. 0. 0. 0. 0. 0. 0. 0.
6C582.0. 0. 0. 0. 0. 0. 0. 0. 0. .1 0. 0.
6E1.5 0. 0. 0. 0. 0. 0. 1. 0. 0. 4. 0. 0. .5 0. 0. 0. 0. 4. 0. 0. 0. 0. 0. 0.
6E20. 0. 0. 0. 0. 0. .010. .1 0. 0. 0. 0. 0. 0. 0. 0. 0. 0. 0. 0. 0. 1. 0. 0.
6E30. 0. 0. 0. 0. 0. 0. 0. 0. 0. 0. 0. 0. 0. 0. 0. 0. 4. 0. 0. 0. 0. 0. 0. 0.
6E40. 0. 2. 0. 0. 0. 0. 0. 0. 0. 0. 0. 0. 0. 0. 0. 0. 0. 0. 0. 0. 0. 0. 0. 0.
6E578.0. 0. 0. 0. 0. 0. 0. 0. 0. 1. 0. 0.
6G1.5 0. 0. 0. 0. 0. 0. .5 0. 0. 1. 0. 0. 0. 0. 0. 0. 0. 10.0. 0. 0. 0. 0. 0.
6G20. 0. 0. .1 0. 0. .010. .1 .010. 0. 0. 0. 0. .1 0. 0. 0. 0. 0. 0. 2. 0. 0.
6G30. 0. 0. 0. 0. 0. 0. 0. 0. 0. 0. 0. 0. 0. 0. 0. 1. 3. 0. 0. 0. 0. 0. 0. 0.
6G40. .01.5 0. .01.1 0. 0. 0. 0. 0. 0. 0. 0. 0. 0. 0. .5 0. 0. 0. 0. 0. 0. 0.
6G575.0. 0. 0. 0. 0. 0. 0. 0. 0. 1. 0. 0.
6I12. 0. 0. 0. 0. 0. 0. 1. 0. 1. 1. 0. .1 0. 0. 0. 0. 0. 0. 0. 0. 0. 0. 0. 0.
6I20. 0. 0. .1 0. 0. 0. 0. 1. 0. 0. 0. 0. 0. 0. .5 0. 0. 0. 0. 0. 0. .5 0. 0.
6I30. 0. 0. 0. 0. 0. 0. 0. 0. 0. 0. 0. 0. 0. 0. 0. 0. 3. 0. 0. 0. 0. 0. 0. 0.
6I40. 2. 4. .1 0. .5 0. 0. 0. 0. 0. 0. 0. 0. 0. 0. 0. 0. 0. 0. 0. 0. 0. 0. 0.
6I576.0. 0. 0. 0. 0. 0. 0. 0. 0. .5 0. 0.
8A15. 0. 0. 0. 0. 0. 0. 2. 0. 0. 7. 1. .01.010. 0. 0. 0. 7. 0. 0. 0. 0. 0. 0.
8A20. 0. 0. .010. 0. .1 0. .1 0. 0. 0. 0. 0. 0. .5 0. 0. 0. 0. 3. 0. .5 0. 0.
8A30. 0. 0. 0. 0. 0. 0. 0. 0. 0. 0. 0. 0. 0. 0. 0. .5 3. 0. 0. 0. 0. 0. 0. 0.
8A40. 0. 3. .5 0. 0. 0. 0. 0. 0. 0. 0. 0. 0. 0. 0. 0. 0. 0. 0. 0. 0. 0. 0. 0.
8A573.0. 0. 0. 0. 0. 0. 0. 0. 0. 0. 0. 0.
8C13. 0. 0. 0. 0. 0. 0. .5 0. 0. 5. 3. 0. 0. 0. 0. 0. 0. 7. 0. 0. 0. 0. 0. 0.
8C20. 0. 0. 0. 0. 0. .1 0. .1 0. 0. 0. 0. 0. 0. 0. 0. 0. 0. 0. .1 0. 1. 0. 0.
8C30. 0. 0. 0. 0. 0. 0. 0. 0. 0. 0. 0. 0. 0. 0. 0. 1. 7. 0. 0. 0. 0. 0. 0. 0.
8C40. 0. 1. 0. 0. 0. 0. 0. 0. 0. 0. .1 0. 0. 0. 0. 0. 1. 0. 0. 0. 0. 0. 0. 0.
8C575.0. 0. 0. 0. 0. 0. 0. 0. 0. .1 0. 0.
8E12. 0. 0. 0. 0. 0. 0. 2. 0. 1. 5. 1. 0. .1 0. 0. 0. 0. 2. 0. 0. 0. 0. 0. 0.
8E20. 0. 0. .010. 0. .1 0. 0. 0. 0. 0. 0. 0. 0. .5 0. 0. 0. 0. 0. 0. 1. 0. 0.
8E30. 0. 0. 0. 0. 0. 0. 0. 0. 0. 0. 0. 0. 0. 0. 0. 0. 5. 0. 0. 0. 0. 0. 0. 0.
8E40. 2. 1. 0. 0. 1. 0. 0. 0. 0. 0. .5 0. 0. 0. 0. 0. 3. 0. 0. 0. 0. 0. 0. 0.
8E574.0. 0. 0. 0. 0. 0. 0. 0. 0. 0. 0. 0.
8G14. 0. 0. 0. 0. 0. 0. 4. 0. 1. 0. 0. .5 0. 0. 0. 0. 0. 0. 0. 0. 0. 0. 0. 0.
8G20. 0. 0. 0. 0. .01.1 0. 2. .1 0. 0. 0. 0. 0. 1. 0. 0. 0. 0. 0. 0. .5 0. 0.
8G30. 0. 0. 0. 0. 0. 0. 0. 0. 0. 0. 0. 0. 0. 0. 0. .5 2. 0. 0. 0. 0. 0. 0. 0.
8G40. 2. .5 0. .5 2. 0. 0. 0. 0. 0. .5 0. 0. 0. 0. 0. 1. 0. 0. 0. 0. 0. 0. 0.
8G577.0. 0. 0. 0. 0. 0. 0. 0. 0. 0. 0. 0.
8I12. 0. 0. 0. 0. 0. 0. 2. 0. .5 2. .5 0. 0. 0. 0. 0. 0. 2. 0. 0. 0. 0. 0. 0.
8I20. 0. 0. .1 0. 0. 0. 0. 1. 0. 0. 0. 0. 0. 0. .1 0. 0. 0. 0. 0. 0. 2. 0. 0.
8I3.1 0. 0. 0. 0. 0. 0. 0. 0. 0. 0. 0. 0. 0. 0. 0. .5 4. 0. 0. 0. 0. 0. 0. 0.
8I40. 1. 2. 0. .5 1. 0. 0. 0. 0. 0. 0. 0. 0. 0. 0. 0. 1. 0. 0. 0. 0. 0. 0. 0.
8I578.0. 0. 0. 0. 0. 0. 0. 0. 0. .5 0. 0.
