0A1  2  0  0  0  0  0  0  r  0  0  +  0  +  0  0  0  0  0  0  0  0  0  0  0  0
0A2  0  0  0  0  0  +  r  0  2  0  r  0  0  0  0  1  0  0  0  0  0  0  +  0  0
0A3  0  0  0  0  0  0  0  0  0  0  0  0  0  0  0  0  0  0  0  0  0  0  0  0  0
0A4  0  +  5  r  0  r  0  0  0  0  0  0  0  0  0  0  0  0  0  0  0  0  0  0  0
0A5 69  0  0  0  0  0  0  0  0  0  0  0  0
0C1  3  0  0  0  0  0  0  +  0  0 15  0  1  0  0  0  0  0  5  0  0  0  0  0  0
0C2  0  0  0  0  0  0  r  0  r  .  0  0  0  0  0  2  0  0  0  0  +  0  +  1  0
0C3  0  0  0  0  0  0  0  0  0  0  0  0  0  0  0  0  0  0  0  0  0  0  0  0  0
0C4  0  r  4  r  0  0  0  0  0  0  0  0  0  0  0  0  0  0  0  0  0  0  0  0  0
0C5 68  0  0  0  0  0  0  0  0  0  0  0  0
0E1  4  0  0  0  0  0  0  +  0  0  3  1  0  0  0  0  0  0  3  0  0  0  0  0  0
0E2  0  0  0  0  0  0  r  0  3  .  0  0  0  0  0  2  0  0  0  0  0  0  1  1  0
0E3  0  0  0  0  0  0  0  0  0  0  0  0  0  0  0  0  0  0  0  0  0  0  0  0  0
0E4  0  0  4  r  +  0  0  0  0  0  0  0  r  0  0  0  0  +  0  0  0  0  0  0  0
0E5 69  0  0  0  0  0  0  0  0  0  0  0  0
0G1  6  0  0  0  0  0  0  1  0  0  0  0  r  0  0  0  0  0  0  0  0  0  0  0  0
0G2  0  0  0  r  0  r  r  0  3  0  0  0  0  0  0  1  0  0  0  0  0  0  r  0  0
0G3  0  0  0  0  0  0  0  0  0  0  0  0  0  0  0  0  0  0  0  0  0  0  0  0  0
0G4  0  +  2  r  0  1  0  0  0  0  0  0  0  0  0  0  0  2  0  0  0  0  0  0  0
0G5 70  0  0  0  0  0  0  0  0  0  0  0  0
0I1  2  0  0  0  0  0  0  2  0  0  0  +  0  0  0  0  0  0  0  0  0  0  0  0  0
0I2  0  0  0  +  0  +  r  0  5  0  0  0  0  0  0  2  0  0  0  0  0  0  0  0  0
0I3  0  0  0  0  0  0  0  0  0  0  0  0  0  0  0  0  0  0  0  0  0  0  0  0  0
0I4  0  0  3  +  0  0  0  0  0  0  0  0  0  0  0  0  0  +  0  0  0  0  0  0  0
0I5 70  0  0  0  0  0  0  0  0  0  0  0  0
2I1  3  0  0  0  0  0  0  2  0  1  0  0  +  0  0  0  0  0  0  0  0  0  0  0  0
2I2  0  0  0  0  0  r  r  0  4  0  0  0  0  0  0  1  0  0  0  0  0  0  2  0  0
2I3  0  0  0  0  0  0  0  0  0  0  0  0  0  0  0  0  0  0  0  0  0  0  0  0  0
2I4  0  +  4  r  0  1  0  0  0  0  0  0  0  0  0  0  0  1  0  0  0  0  0  0  0
2I5 71  0  0  0  0  0  0  0  0  0  0  0  0
2G1  4  0  0  0  0  0  0  3  0  0  0  0  +  0  0  0  0  0  0  0  0  0  0  0  0
2G2  0  0  0  0  0  +  +  0  1  0  0  0  0  0  0  2  0  0  0  0  0  0  2  0  0
2G3  0  0  0  0  0  0  0  0  0  0  0  0  0  0  0  0  0  0  0  0  0  0  0  0  0
2G4  0  +  6  0  0  1  0  0  0  0  0  0  0  0  0  0  0  2  0  0  0  0  0  0  0
2G5 70  0  0  0  0  0  0  0  0  0  0  0  0
2E1  3  0  0  0  0  0  0  0  0  0  6  +  0  0  0  0  0  0 10  0  0  0  0  0  0
2E2  0  0  0  0  0  r  +  0  1  0  0  0  0  0  0  1  0  0  0  0  2  0  1  0  0
2E3  0  0  0  0  0  0  0  0  0  0  0  0  0  0  0  0  0  0  0  0  0  0  0  0  0
2E4  0  +  6  0  0  0  0  0  0  0  0  0  0  0  0  0  0  +  0  0  0  0  0  0  0
2E5 70  0  0  0  0  0  0  0  0  0  1  0  0
2C1  3  0  0  0  0  0  0  +  0  0  7  2  0  0  0  0  0  0  2  0  0  0  0  0  0
2C2  0  0  0  0  0  r  +  0  +  0  0  0  0  0  0  1  0  0  0  0  0  0  +  0  0
2C3  0  0  0  0  0  0  0  0  0  0  0  0  0  0  0  0  r  0  0  0  0  0  0  0  0
2C4  0  r  7  +  r  0  0  0  0  0  0  0  r  0  0  0  0  3  0  0  0  0  0  0  0
2C5 68  0  0  0  0  0  0  0  0  0  0  0  0
2A1  8  0  0  0  0  0  0  1  0  0  3  1  0  .  0  0  0  0 10  0  0  0  0  0  0
2A2  0  0  0  0  0  r  0  0  +  0  0  0  0  0  0  0  0  0  0  0  0  0  1  0  0
2A3  0  0  0  0  0  0  0  0  0  0  0  0  0  0  0  0  0  0  0  0  0  0  0  0  0
2A4  0  0  5  r  r  0  0  0  0  0  0  0  0  0  0  0  0  0  0  0  0  0  0  0  0
2A5 69  0  0  0  0  0  0  0  0  0  0  0  0
4A1  6  0  0  0  0  0  0  +  0  0  1  1  0  0  0  0  0  0 12  0  0  0  0  0  0
4A2  0  0  0  r  0  +  +  0  +  0  0  0  0  0  0  +  +  0  0  0  +  0  2  0  0
4A3  0  0  0  0  0  0  0  0  0  0  0  0  0  0  0  0  0  0  0  0  0  0  0  0  0
4A4  0  r  4  +  0  0  0  0  0  0  0  0  0  0  0  0  0  0  0  0  0  0  0  0  0
4A5 69  0  0  0  0  0  0  0  0  0  r  0  0
4C1  4  0  0  0  0  0  0  +  0  +  3  1  0  0  0  0  0  0  6  0  0  0  0  0  0
4C2  0  0  0  0  0  0  +  0  +  0  0  0  0  0  0  +  0  0  0  0  0  0  0  0  0
4C3  0  0  0  0  0  0  0  0  0  0  0  0  0  0  0  0  0  0  0  0  0  0  0  0  0
4C4  0  0  8  0  r  0  0  0  0  0  0  0  0  0  0  0  0  0  0  0  0  0  0  0  0
4C5 70  0  0  0  0  0  0  0  0  0  0  1  0
4E1  3  0  0  0  0  0  0  1  0  0  2  r  0  0  0  0  0  0 12  0  0  0  0  0  0
4E2  0  0  0  0  0  0  r  0  r  0  0  0  0  0  0  +  0  0  0  0  0  0  2  0  0
4E3  0  0  0  0  0  0  0  0  0  0  0  0  0  0  0  0  0  0  0  0  0  0  0  0  0
4E4  0  1  6  0  0  0  0  0  0  0  0  0  0  0  0  0  0  3  0  0  0  0  0  0  0
4E5 69  0  0  0  0  0  0  0  0  0  +  0  0
4G1  7  0  0  0  0  0  0  4  0  1  4  +  0  0  0  0  0  0  0  0  0  0  0  0  0
4G2  0  0  0  0  0  r  +  0  2  0  0  0  0  0  0  1  0  0  0  0  0  0  6  0  0
4G3  0  0  0  0  0  0  0  0  0  0  0  0  0  0  0  0  0  0  0  0  0  0  0  0  0
4G4  0  1  5  r  r  1  0  0  0  0  0  0  0  0  0  0  0  3  0  0  0  0  0  0  0
4G5 70  0  0  0  0  0  0  0  0  0  0  0  0
4I1  4  0  0  0  0  0  0  2  0  0  1  +  0  0  0  0  0  0  0  0  0  0  0  0  0
4I2  0  0  0  r  0  0  r  0  3  0  0  0  0  0  0  2  0  0  0  0  0  0  1  0  0
4I3  0  0  0  0  0  0  0  0  0  0  0  0  0  0  0  0  0  0  0  0  0  0  0  0  0
4I4  0  0  5  r  0  0  +  0  0  0  0  0  0  0  0  0  0  3  0  0  0  0  0  0  0
4I5 70  0  0  0  0  0  0  0  0  0  0  0  0
6I1  4  0  0  0  0  0  0  +  0  +  1  +  0  0  0  0  0  0  0  0  0  0  0  0  0
6I2  0  0  0  0  0  .  r  0  2  0  0  0  0  0  0  +  0  0  0  0  0  0  +  .  0
6I3  0  0  0  0  0  0  0  0  0  0  0  0  0  0  0  0  0  0  0  0  0  0  0  0  0
6I4  0  +  6  +  0  0  0  0  0  0  0  0  0  0  0  0  0  0  0  0  0  0  0  0  0
6I5 70  0  0  0  0  0  0  0  0  0  0  0  0
6G1  4  0  0  0  0  0  0  2  0  0  0  0  0  0  0  0  0  0 12  0  0  0  0  0  0
6G2  0  0  0  0  0  0  r  0  +  r  0  0  0  0  0  0  0  0  0  0  0  0  1  0  0
6G3  0  0  0  0  0  0  0  0  0  0  0  0  0  0  0  0  r  .  0  0  0  0  0  0  0
6G4  0  +  +  r  +  0  0  0  0  0  0  0  0  0  0  0  0  +  0  0  0  0  0  0  0
6G5 69  0  0  0  0  0  0  0  0  0  0  0  0
6E1  4  0  0  0  0  0  0  1  0  0  8  0  0  2  0  0  0  0  6  0  0  0  0  0  0
6E2  0  0  0  0  0  0  r  0  1  0  0  0  0  0  0  +  0  0  0  0  r  0  1  0  0
6E3  0  0  0  0  0  0  0  0  0  0  0  0  0  0  0  0  0  .  0  0  0  0  0  0  0
6E4  0  +  3  0  2  0  0  0  0  0  0  0  0  0  0  0  0  0  0  0  0  0  0  0  0
6E5 69  0  0  0  0  0  0  0  0  0  r  0  0
6C1  2  0  0  0  0  0  0  1  0  0  4  2  0  0  0  0  0  0  4  0  0  0  0  0  0
6C2  0  0  0  0  0  0  +  0  0  .  0  0  0  0  0  2  0  0  0  0  0  0  1  0  0
6C3  0  0  0  0  0  0  0  0  0  0  0  0  0  0  0  0  0  .  0  0  0  0  0  0  0
6C4  0  0  4  0  +  0  0  0  0  0  0  0  0  0  0  0  0  0  0  0  0  0  0  0  0
6C5 68  0  0  0  0  0  0  0  0  0  0  0  0
6A1  8  0  0  0  0  0  0  r  0  0  3  +  0  0  0  0  0  0  1  0  0  0  0  0  0
6A2  0  0  0  +  0  0  r  0  r  0  0  0  0  0  0  0  0  0  0  0  0  0  2  0  0
6A3  0  0  0  0  0  0  0  0  0  0  0  0  0  0  0  0  0  r  0  0  0  0  0  0  0
6A4  0  +  +  +  0  0  0  0  0  0  0  0  0  0  0  0  0  0  0  0  0  0  0  0  0
6A5 69  0  0  0  0  0  0  0  0  0  r  0  0
8A1  8  0  0  0  0  0  0  1  0  0  4  0  r  0  0  0  0  0  8  0  0  0  0  0  0
8A2  0  0  0  0  0  0  +  0  +  .  0  0  0  0  0  +  0  0  0  r  3  0  +  0  0
8A3  0  0  0  0  0  0  0  0  0  0  0  0  0  0  0  0  0  0  0  0  0  0  0  0  0
8A4  0  0  2  +  0  0  0  0  0  0  0  0  0  0  0  0  0  r  0  0  0  0  0  0  0
8A5 68  0  0  0  0  0  0  0  0  0  0  0  0
8C1  6  0  0  0  0  0  0  r  0  0  3  2  0  0  0  0  0  0  4  0  0  0  0  0  0
8C2  0  0  0  0  0  0  +  0  2  0  0  0  0  0  0  +  0  0  0  0  +  0  1  0  0
8C3  0  0  0  0  0  0  0  0  0  0  0  0  0  0  0  0  0  .  0  0  0  0  0  0  0
8C4  0  r  3  0  +  0  0  0  0  0  0  0  0  0  0  0  0  2  0  0  0  0  0  0  0
8C5 68  0  0  0  0  0  0  0  0  0  0  0  0
8E1  5  0  0  0  0  0  0  2  0  0  1  3  2  0  0  0  0  0  +  0  0  0  0  0  0
8E2  0  0  0  r  0  0  0  0  +  0  0  0  0  0  0  +  0  0  0  0  0  0  1  0  0
8E3  0  0  0  0  0  0  0  0  0  0  0  0  0  0  0  0  0  0  0  0  0  0  0  0  0
8E4  0  +  +  +  1  0  0  0  0  0  0  0  0  0  0  0  0  3  0  0  0  0  0  0  0
8E5 68  0  0  0  0  0  0  0  0  0  0  0  0
8G1  4  0  0  0  0  0  0  4  0  1  0  0  +  0  0  0  0  0  0  0  0  0  0  0  0
8G2  0  0  0  0  0  0  r  0  3  .  0  0  0  .  0  +  0  0  0  0  r  0  +  0  0
8G3  0  0  0  0  0  0  0  0  0  0  0  0  0  0  0  0  0  0  0  0  0  0  0  0  0
8G4  0  1  +  0  +  1  0  0  0  0  0  0  0  0  0  0  0  1  0  0  0  0  0  0  0
8G5 70  0  0  0  0  0  0  0  0  0  0  0  0
8I1  3  0  0  0  0  0  0  2  0  0  2  +  0  0  0  0  0  0  2  0  0  0  0  0  0
8I2  0  0  0  .  0  r  0  0  3  0  0  0  0  0  0  1  0  0  0  0  0  0  1  0  0
8I3  0  0  0  0  0  0  0  0  0  0  0  0  0  0  0  0  0  0  0  0  0  0  0  0  0
8I4  0  +  3  0  +  1  0  0  0  0  0  0  0  0  0  0  0  1  0  0  0  0  0  0  0
8I5 70  0  0  0  0  0  0  0  0  0  0  0  0
