0A17. 0. 0. 0. 0. 0. 0. .1 1. 2. 0. 0. 0. 0. 0. 0. 0. 0. 0. .1 0. 0. 0. 0. 0.
0A20. 0. 0. 0. 0. 0. 0. 0. .5 0. 0. 0. 0. 0. 0. 0. 0. 0. 0. 0. 0. 0. 0. 0. 0.
0A30. 0. 0. 0. 0. 0. 0. 0. 0. 0. 0. 0. 0. 0. 0. 0. 0. 0. 0. 0. 0. 0. 0. 0. 0.
0A40. .010. 0. 0. 0. 0. 0. 0. 0. 0. 0. 0. 0. 0. 0. 0. 0. 0. 0. 0. 0. 0. 0. 0.
0A534.0. 0. 0. 0. 0. 0. 0.
0C110.0. 0. 0. 0. 0. 0. .1 2. 5. 0. 0. 0. 0. 0. 0. 0. 0. 0. 0. 0. 0. 0. 0. 0.
0C20. 0. 0. 0. 0. 0. 0. 0. .1 0. 0. 0. 0. 0. 0. 0. 0. .5 0. 0. 0. 0. 0. 0. 0.
0C30. 0. 0. 0. 0. 0. 0. 0. 0. 0. 0. 0. 0. 0. 0. 0. 0. 0. 0. 0. 0. 0. 0. 0. 0.
0C40. .010. 0. 0. 0. 0. 0. 0. 0. 0. 0. 0. 0. 0. 0. 0. 0. 0. 0. 0. 0. 0. 0. 0.
0C534.0. 0. 0. 0. 0. 0. 0.
0E112.0. 0. 0. 0. 0. 0. .1 .5 3. 0. 0. 0. 0. 0. 0. 0. 0. 0. 0. 0. 0. 0. 0. 0.
0E20. 0. 0. 0. 0. 0. 0. 0. .1 0. 0. 0. 0. 0. 0. .010. .1 0. 0. 0. 0. 0. 0. 0.
0E30. 0. 0. 0. 0. 0. 0. 0. 0. 0. 0. 0. 0. 0. 0. 0. 0. 0. 0. 0. 0. 0. 0. 0. 0.
0E40. .010. 0. 0. 0. 0. 0. 0. 0. 0. 0. 0. 0. 0. 0. 0. 0. 0. 0. 0. 0. 0. 0. 0.
0E535.0. 0. 0. 0. 0. 0. 0.
0G14. 0. 0. 0. 0. 0. 0. .1 2. 2. 0. 0. 0. 0. 0. 0. 0. 0. 0. 0. 0. 0. 0. 0. 0.
0G20. 0. 0. 0. 0. 0. 0. 0. 0. 0. 0. 0. 0. 0. 0. 0. 0. .010. 0. 0. 0. 0. 0. 0.
0G30. 0. 0. 0. 0. 0. 0. 0. 0. 0. 0. 0. 0. 0. 0. 0. 0. 0. 0. 0. 0. 0. 0. 0. 0.
0G40. .010. 0. 0. 0. 0. 0. 0. 0. 0. 0. 0. 0. 0. 0. 0. 0. 0. 0. 0. 0. 0. 0. 0.
0G535.0. 0. 0. 0. 0. 0. 0.
0I13. 0. 0. 0. 0. 0. 0. .1 1. 1. 0. 0. 0. 0. 0. 0. 0. 0. 0. 0. 0. 0. 0. 0. 0.
0I20. 0. 0. 0. 0. 0. 0. 0. .1 0. 0. 0. 0. 0. 0. 0. 0. .1 0. 0. 0. 0. 0. 0. 0.
0I30. 0. 0. 0. 0. 0. 0. 0. 0. 0. 0. 0. 0. 0. 0. 0. 0. 0. 0. 0. 0. 0. 0. 0. 0.
0I40. .010. 0. 0. 0. 0. 0. 0. 0. 0. 0. 0. 0. 0. 0. 0. 0. 0. 0. 0. 0. 0. 0. 0.
0I535.0. 0. 0. 0. 0. 0. 0.
2A18. 0. 0. 0. 0. 0. 0. .1 10.2. 0. 0. .010. 0. 0. 0. 0. 0. 0. 0. 0. 0. 0. 0.
2A20. 0. 0. 0. 0. 0. 0. 0. 0. 0. 0. 0. 0. 0. 0. 0. 0. .010. 0. 0. 0. 0. 0. 0.
2A30. 0. 0. 0. 0. 0. 0. 0. 0. 0. 0. 0. 0. 0. 0. 0. 0. 0. 0. 0. 0. 0. 0. 0. 0.
2A40. .010. 0. 0. 0. 0. 0. 0. 0. 0. 0. 0. 0. 0. 0. 0. 0. 0. 0. 0. 0. 0. 0. 0.
2A534.0. 0. 0. 0. 0. 0. 0.
2C16. 0. 0. 0. 0. 0. 0. .5 15.1. 0. 0. 0. 0. 0. 0. 0. 0. 0. 0. 0. 0. 0. 0. 0.
2C20. 0. 0. 0. 0. 0. 0. 0. 0. 0. 0. 0. 0. 0. 0. 0. 0. .010. 0. 0. 0. 0. 0. 0.
2C30. 0. 0. 0. 0. 0. 0. 0. 0. 0. 0. 0. 0. 0. 0. 0. 0. 0. 0. 0. 0. 0. 0. 0. 0.
2C40. .010. 0. 0. 0. 0. 0. 0. 0. 0. 0. 0. 0. 0. 0. 0. 0. 0. 0. 0. 0. 0. 0. 0.
2C535.0. 0. 0. 0. 0. 0. 0.
2E117.0. 0. 0. 0. 0. 0. .1 5. 2. 0. 0. 0. 0. 0. 0. 0. 0. 0. 0. 0. 0. 0. 0. 0.
2E20. 0. 0. 0. 0. 0. 0. 0. .1 0. 0. 0. 0. 0. 0. 0. 0. 0. 0. 0. 0. 0. 0. 0. 0.
2E30. 0. 0. 0. 0. 0. 0. 0. 0. 0. 0. 0. 0. 0. 0. 0. 0. 0. 0. 0. 0. 0. 0. 0. 0.
2E40. .010. 0. 0. 0. 0. 0. 0. 0. 0. 0. 0. 0. 0. 0. 0. 0. 0. 0. 0. 0. 0. 0. 0.
2E535.0. 0. 0. 0. 0. 0. 0.
2G16. 0. 0. 0. 0. 0. 0. .1 3. 5. 0. 0. 0. 0. 0. 0. 0. 0. 0. 0. 0. 0. 0. 0. 0.
2G20. 0. 0. 0. 0. 0. 0. 0. 0. 0. 0. 0. 0. 0. 0. .010. 0. 0. 0. 0. 0. 0. 0. 0.
2G30. 0. 0. 0. 0. 0. 0. 0. 0. 0. 0. 0. 0. 0. 0. 0. 0. 0. 0. 0. 0. 0. 0. 0. 0.
2G40. .010. 0. 0. 0. 0. 0. 0. 0. 0. 0. 0. 0. 0. 0. 0. 0. 0. 0. 0. 0. 0. 0. 0.
2G535.0. 0. 0. 0. 0. 0. 0.
2I17. 0. 0. 0. 0. 0. 0. .012. 2. 0. 0. 0. 0. 0. 0. 0. 0. 0. 0. 0. 0. 0. 0. 0.
2I20. 0. 0. 0. 0. 0. 0. 0. .5 0. 0. 0. 0. 0. 0. 0. 0. 0. 0. 0. 0. 0. 0. 0. 0.
2I30. 0. 0. 0. 0. 0. 0. 0. 0. 0. 0. 0. 0. 0. 0. 0. 0. 0. 0. 0. 0. 0. 0. 0. 0.
2I40. .010. 0. 0. 0. 0. 0. 0. 0. 0. 0. 0. 0. 0. 0. 0. 0. 0. 0. 0. 0. 0. 0. 0.
2I534.0. 0. 0. 0. 0. 0. 0.
4A110.0. 0. 0. 0. 0. 0. .5 20..1 0. 0. 0. 0. 0. 0. 0. 0. 0. 2. 0. 0. 0. 0. 0.
4A20. 0. 0. 0. 0. 0. 0. 0. 0. 0. 0. 0. 0. 0. 0. .010. .1 0. 0. 0. 0. 0. 0. 0.
4A30. 0. 0. 0. 0. 0. 0. 0. 0. 0. 0. 0. 0. 0. 0. 0. 0. 0. 0. 0. 0. 0. 0. 0. 0.
4A40. .010. 0. 0. 0. 0. 0. 0. 0. 0. 0. 0. 0. 0. 0. 0. 0. 0. 0. 0. 0. 0. 0. 0.
4A534.0. 0. 0. 0. 0. 0. 0.
4C110.0. 0. 0. 0. 0. 0. .1 7. 3. 0. 0. 0. 0. 0. 0. 0. 0. 0. 1. 0. 0. 0. 0. 0.
4C20. 0. 0. 0. 0. 0. 0. 0. .010. 0. 0. 0. 0. 0. 0. 0. 0. 0. 0. 0. 0. 0. 0. 0.
4C30. 0. 0. 0. 0. 0. 0. 0. 0. 0. 0. 0. 0. 0. 0. 0. 0. 0. 0. 0. 0. 0. 0. 0. 0.
4C40. .010. 0. 0. 0. 0. 0. 0. 0. 0. 0. 0. 0. 0. 0. 0. 0. 0. 0. 0. 0. 0. 0. 0.
4C534.0. 0. 0. 0. 0. 0. 0.
4E120.0. 0. 0. 0. 0. 0. .1 15..5 0. 0. 0. 0. 0. 0. 0. 0. 0. 0. 0. 0. 0. 0. 0.
4E20. 0. 0. 0. 0. 0. 0. 0. 0. 0. 0. 0. 0. 0. 0. 0. 0. .1 0. 0. 0. 0. 0. 0. 0.
4E30. 0. 0. 0. 0. 0. 0. 0. 0. 0. 0. 0. 0. 0. 0. 0. 0. 0. 0. 0. 0. 0. 0. 0. 0.
4E40. .010. 0. 0. 0. 0. 0. 0. 0. 0. 0. 0. 0. 0. 0. 0. 0. 0. 0. 0. 0. 0. 0. 0.
4E535.0. 0. 0. 0. 0. 0. 0.
4G112.0. 0. 0. 0. 0. 0. .5 15.3. 0. 0. 0. 0. 0. 0. 0. 0. 0. 0. 0. 0. 0. 0. 0.
4G20. 0. 0. 0. 0. 0. 0. 0. 0. 0. 0. 0. 0. 0. 0. 0. 0. .1 0. 0. 0. 0. 0. 0. 0.
4G30. 0. 0. 0. 0. 0. 0. 0. 0. 0. 0. 0. 0. 0. 0. 0. 0. 0. 0. 0. 0. 0. 0. 0. 0.
4G40. .010. 0. 0. 0. 0. 0. 0. 0. 0. 0. 0. 0. 0. 0. 0. 0. 0. 0. 0. 0. 0. 0. 0.
4G536.0. 0. 0. 0. 0. 0. 0.
4I115.0. 0. 0. 0. 0. 0. .5 5. 3. 0. 0. 0. 0. 0. 0. 0. 0. 0. 0. 0. 0. 0. 0. 0.
4I20. 0. 0. 0. 0. 0. 0. 0. .5 0. 0. 0. 0. 0. 0. 0. 0. 0. 0. 0. 0. 0. 0. 0. 0.
4I30. 0. 0. 0. 0. 0. 0. 0. 0. 0. 0. 0. 0. 0. 0. 0. 0. 0. 0. 0. 0. 0. 0. 0. 0.
4I40. .010. 0. 0. 0. 0. 0. 0. 0. 0. 0. 0. 0. 0. 0. 0. 0. 0. 0. 0. 0. 0. 0. 0.
4I536.0. 0. 0. 0. 0. 0. 0.
6A17. 0. 0. 0. 0. 0. 0. .5 3. 0. 0. 0. 0. 0. 0. 0. 0. 0. 0. 0. 0. 0. 0. 0. 0.
6A20. 0. 0. 0. 0. 0. 0. 0. 0. 0. 0. 0. 0. 0. 0. 0. 0. .1 0. 0. 0. 0. 0. 0. 0.
6A30. 0. 0. 0. 0. 0. 0. 0. 0. 0. 0. 0. 0. 0. 0. 0. 0. 0. 0. 0. 0. 0. 0. 0. 0.
6A40. .010. 0. 0. 0. 0. 0. 0. 0. 0. 0. 0. 0. 0. 0. 0. 0. 0. 0. 0. 0. 0. 0. 0.
6A536.0. 0. 0. 0. 0. 0. 0.
6C115.0. 0. 0. 0. 0. 0. .1 7. 0. 0. 0. 0. 0. 0. 0. 0. 0. 0. .5 0. 0. 0. 0. 0.
6C20. 0. 0. 0. 0. 0. 0. 0. .1 0. 0. 0. 0. 0. 0. .010. 0. 0. 0. 0. 0. 0. 0. 0.
6C30. 0. 0. 0. 0. 0. 0. 0. 0. 0. 0. 0. 0. 0. 0. 0. 0. 0. 0. 0. 0. 0. 0. 0. 0.
6C40. .010. 0. 0. 0. 0. 0. 0. 0. 0. 0. 0. 0. 0. 0. 0. 0. 0. 0. 0. 0. 0. 0. 0.
6C534.0. 0. 0. 0. 0. 0. 0.
6E18. 0. 0. 0. 0. 0. 0. .5 5. 3. 0. 0. 0. 0. 0. 0. 0. 0. 0. 0. 0. 0. 0. 0. 0.
6E20. 0. 0. 0. 0. 0. 0. 0. 0. 0. 0. 0. 0. 0. 0. 0. 0. .1 0. 0. 0. 0. 0. 0. 0.
6E30. 0. 0. 0. 0. 0. 0. 0. 0. 0. 0. 0. 0. 0. 0. 0. 0. 0. 0. 0. 0. 0. 0. 0. 0.
6E40. .010. 0. 0. 0. 0. 0. 0. 0. 0. 0. 0. 0. 0. 0. 0. 0. 0. 0. 0. 0. 0. 0. 0.
6E536.0. 0. 0. 0. 0. 0. 0.
6G17. 0. 0. 0. 0. 0. 0. .5 5. 15.0. 0. 0. 0. 0. 0. 0. 0. 0. 0. 0. 0. 0. 0. 0.
6G20. 0. 0. 0. 0. 0. 0. 0. .5 0. 0. 0. 0. 0. 0. 0. 0. .1 0. 0. 0. 0. 0. 0. 0.
6G30. 0. 0. 0. 0. 0. 0. 0. 0. 0. 0. 0. 0. 0. 0. 0. 0. 0. 0. 0. 0. 0. 0. 0. 0.
6G40. .010. 0. 0. 0. 0. 0. 0. 0. 0. 0. 0. 0. 0. 0. 0. 0. 0. 0. 0. 0. 0. 0. 0.
6G535.0. 0. 0. 0. 0. 0. 0.
6I117.0. 0. 0. 0. 0. 0. .1 8. 4. 0. 0. 0. 0. 0. 0. 0. 0. 0. 0. 0. 0. 0. 0. 0.
6I20. 0. 0. 0. 0. 0. 0. 0. .5 0. 0. 0. 0. 0. 0. 0. 0. .010. 0. 0. 0. 0. 0. 0.
6I30. 0. 0. 0. 0. 0. 0. 0. 0. 0. 0. 0. 0. 0. 0. 0. 0. 0. 0. 0. 0. 0. 0. 0. 0.
6I40. .010. 0. 0. 0. 0. 0. 0. 0. 0. 0. 0. 0. 0. 0. 0. 0. 0. 0. 0. 0. 0. 0. 0.
6I535.0. 0. 0. 0. 0. 0. 0.
8A117.0. 0. 0. 0. 0. 0. .1 3. 3. 0. 0. 0. 0. 0. 0. 0. 0. 0. 0. 0. 0. 0. 0. 0.
8A20. 0. 0. 0. 0. 0. 0. 0. .010. 0. 0. 0. 0. 0. 0. 0. .1 0. 0. 0. 0. 0. 0. 0.
8A30. 0. 0. 0. 0. 0. 0. 0. 0. 0. 0. 0. 0. 0. 0. 0. 0. 0. 0. 0. 0. 0. 0. 0. 0.
8A40. .010. 0. 0. 0. 0. 0. 0. 0. 0. 0. 0. 0. 0. 0. 0. 0. 0. 0. 0. 0. 0. 0. 0.
8A536.0. 0. 0. 0. 0. 0. 0.
8C17. 0. 0. 0. 0. 0. 0. .1 5. 3. 0. 0. 0. 0. 0. 0. 0. 0. 0. 0. 0. 0. 0. 0. 0.
8C20. 0. 0. 0. 0. 0. 0. 0. .1 0. 0. 0. 0. 0. 0. .1 0. .1 0. 0. 0. 0. 0. 0. 0.
8C30. 0. 0. 0. 0. 0. 0. 0. 0. 0. 0. 0. 0. 0. 0. 0. 0. 0. 0. 0. 0. 0. 0. 0. 0.
8C40. .010. 0. 0. 0. 0. 0. 0. 0. 0. 0. 0. 0. 0. 0. 0. 0. 0. 0. 0. 0. 0. 0. 0.
8C535.0. 0. 0. 0. 0. 0. 0.
8E14. 0. 0. 0. 0. 0. 0. 1. 4. 1. 0. 0. 0. 0. 0. 0. 0. 0. 0. 0. 0. 0. 0. 0. 0.
8E2.1 0. 0. 0. 0. 0. 0. 0. .1 0. 0. 0. 0. 0. 0. 0. 0. .1 0. 0. 0. 0. 0. 0. 0.
8E30. 0. 0. 0. 0. 0. 0. 0. 0. 0. 0. 0. 0. 0. 0. 0. 0. 0. 0. 0. 0. 0. 0. 0. 0.
8E40. .010. 0. 0. 0. 0. 0. 0. 0. 0. 0. 0. 0. 0. 0. 0. 0. 0. 0. 0. 0. 0. 0. 0.
8E535.0. 0. 0. 0. 0. 0. 0.
8G120.0. 0. 0. 0. 0. 0. .5 25.5. .010. 0. 0. 0. 0. 0. 0. 0. 0. 0. 0. 0. 0. 0.
8G20. 0. 0. 0. 0. 0. 0. 0. .5 0. 0. 0. 0. 0. 0. .010. .1 0. 0. 0. 0. 0. .010.
8G30. 0. 0. 0. 0. 0. 0. 0. 0. 0. 0. 0. 0. 0. 0. 0. 0. 0. 0. 0. 0. 0. 0. 0. 0.
8G40. .010. 0. 0. 0. 0. 0. 0. 0. 0. 0. 0. 0. 0. 0. 0. 0. 0. 0. 0. 0. 0. 0. 0.
8G536.0. 0. 0. 0. 0. 0. 0.
8I117.0. 0. 0. 0. 0. 0. 1. 20..5 0. 0. 0. 0. 0. 0. 0. 0. 0. 0. 0. 0. 0. 0. 0.
8I20. 0. 0. 0. 0. 0. 0. 0. .5 0. 0. 0. 0. 0. 0. 0. 0. .1 0. 0. 0. 0. 0. .010.
8I30. 0. 0. 0. 0. 0. 0. 0. 0. 0. 0. 0. 0. 0. 0. 0. 0. 0. 0. 0. 0. 0. 0. 0. 0.
8I40. .01.010. 0. 0. 0. 0. 0. 0. 0. 0. 0. 0. 0. 0. .010. 0. 0. 0. 0. 0. 0. 0.
8I535.0. 0. 0. 0. 0. 0. 0.
0A14. 0. 0. 0. 0. 0. 0. .5 3. 3. 0. 0. 0. 0. 0. 0. 0. 0. 0. .1 0. 0. 0. 0. 0.
0A20. 0. 0. 0. 0. 0. 0. 0. .1 0. 0. 0. 0. 0. 0. 0. 0. .1 0. 0. 0. 0. 0. 0. 0.
0A30. 0. 0. 0. 0. 0. 0. 0. 0. 0. 0. 0. 0. 0. 0. 0. 0. 0. 0. 0. 0. 0. 0. 0. 0.
0A40. .010. 0. 0. 0. 0. 0. 0. 0. 0. 0. 0. 0. 0. 0. 0. 0. 0. 0. 0. 0. 0. 0. 0.
0A542.0. 0. 0. 0. 0. 0. 0.
0C18. 0. 0. 0. 0. 0. 0. .1 1. 4. 0. 0. 0. 0. 0. 0. 0. 0. 0. 0. 0. 0. 0. 0. 0.
0C20. 0. 0. 0. 0. 0. 0. 0. .1 0. 0. 0. 0. 0. 0. .010. .5 0. 0. 0. 0. 0. 0. 0.
0C30. 0. 0. 0. 0. 0. 0. 0. 0. 0. 0. 0. 0. 0. 0. 0. 0. 0. 0. 0. 0. 0. 0. 0. 0.
0C40. .010. 0. .010. 0. 0. 0. 0. 0. 0. 0. 0. 0. 0. 0. 0. 0. 0. 0. 0. 0. 0. 0.
0C542.0. 0. 0. 0. 0. 0. 0.
0E110.0. 0. 0. 0. 0. 0. .1 .5 4. 0. 0. 0. 0. 0. 0. 0. 0. 0. 0. 0. 0. 0. 0. 0.
0E20. 0. 0. 0. 0. 0. 0. 0. .5 0. 0. 0. 0. 0. 0. .010. .1 0. 0. 0. 0. 0. 0. 0.
0E30. 0. 0. 0. 0. 0. 0. 0. 0. 0. 0. 0. 0. 0. 0. 0. 0. 0. 0. 0. 0. 0. 0. 0. 0.
0E40. .010. 0. 0. 0. 0. 0. 0. 0. 0. 0. 0. 0. 0. 0. 0. 0. 0. 0. 0. 0. 0. 0. 0.
0E543.0. 0. 0. 0. 0. 0. 0.
0G15. 0. 0. 0. 0. 0. 0. .1 1. 4. 0. 0. 0. 0. 0. 0. 0. 0. 0. 0. 0. 0. 0. 0. 0.
0G20. 0. 0. 0. 0. 0. 0. 0. .1 0. 0. 0. 0. 0. 0. .010. .1 0. 0. 0. 0. 0. 0. 0.
0G30. 0. 0. 0. 0. 0. 0. 0. 0. 0. 0. 0. 0. 0. 0. 0. 0. 0. 0. 0. 0. 0. 0. 0. 0.
0G40. .010. 0. .010. 0. 0. 0. 0. 0. 0. 0. 0. 0. 0. 0. 0. 0. 0. 0. 0. 0. 0. 0.
0G545.0. 0. 0. 0. 0. 0. 0.
0I13. 0. 0. 0. 0. 0. 0. .1 .5 20.0. 0. 0. 0. 0. 0. 0. 0. 0. 0. 0. 0. 0. 0. 0.
0I20. 0. 0. .010. 0. 0. 0. .5 .010. 0. 0. 0. 0. .1 0. 0. .010. 0. 0. 0. 0. 0.
0I30. 0. 0. 0. 0. 0. 0. 0. 0. 0. 0. 0. 0. 0. 0. 0. 0. 0. 0. 0. 0. 0. 0. 0. 0.
0I40. .010. 0. .010. 0. 0. 0. 0. 0. 0. 0. 0. 0. 0. 0. 0. 0. 0. 0. 0. 0. 0. 0.
0I545.0. 0. 0. 0. 0. 0. 0.
2A18. 0. 0. 0. 0. 0. 0. .1 3. 1. 0. 0. 0. 0. 0. 0. 0. 0. 0. 0. 0. 0. 0. 0. 0.
2A20. 0. 0. 0. 0. 0. 0. 0. .010. 0. 0. 0. 0. 0. 0. 0. .1 0. 0. 0. 0. 0. 0. 0.
2A30. 0. 0. 0. 0. 0. 0. 0. 0. 0. 0. 0. 0. 0. 0. 0. 0. 0. 0. 0. 0. 0. 0. 0. 0.
2A40. .010. 0. 0. 0. 0. 0. 0. 0. 0. 0. 0. 0. 0. 0. 0. 0. 0. 0. 0. 0. 0. 0. 0.
2A544.0. 0. 0. 0. 0. 0. 0.
2C14. 0. 0. 0. 0. 0. 0. 1. 4. 1. 0. 0. 0. 0. 0. 0. 0. 0. 0. 0. 0. 0. 0. 0. 0.
2C20. 0. 0. 0. 0. 0. 0. 0. .1 .010. 0. 0. 0. 0. .010. .010. 0. 0. 0. 0. 0. 0.
2C30. 0. 0. 0. 0. 0. 0. 0. 0. 0. 0. 0. 0. 0. 0. 0. 0. 0. 0. 0. 0. 0. 0. 0. 0.
2C40. .010. 0. 0. 0. 0. 0. 0. 0. 0. 0. 0. 0. 0. 0. 0. 0. 0. 0. 0. 0. 0. 0. 0.
2C544.0. 0. 0. 0. 0. 0. 0.
2E117.0. 0. 0. 0. 0. 0. .5 3. 2. 0. 0. 0. 0. 0. 0. 0. 0. 0. 0. 0. 0. 0. 0. 0.
2E20. 0. 0. 0. 0. 0. 0. 0. .1 0. 0. 0. 0. 0. 0. .01.010. 0. 0. 0. 0. 0. 0. 0.
2E30. 0. 0. 0. 0. 0. 0. 0. 0. 0. 0. 0. 0. 0. 0. 0. 0. 0. 0. 0. 0. 0. 0. 0. 0.
2E40. .010. 0. 0. 0. 0. 0. 0. 0. 0. 0. 0. 0. 0. 0. 0. 0. 0. 0. 0. 0. 0. 0. 0.
2E544.0. 0. 0. 0. 0. 0. 0.
2G18. 0. 0. 0. 0. 0. 0. .5 .5 5. 0. 0. 0. 0. 0. 0. 0. 0. 0. 0. 0. 0. 0. 0. 0.
2G20. 0. 0. 0. 0. 0. 0. 0. .5 0. 0. 0. 0. 0. 0. .010. 0. 0. 0. 0. 0. 0. 0. 0.
2G30. 0. 0. 0. 0. 0. 0. 0. 0. 0. 0. 0. 0. 0. 0. 0. 0. 0. 0. 0. 0. 0. 0. 0. 0.
2G40. .010. 0. .010. 0. 0. 0. 0. 0. 0. 0. 0. 0. 0. 0. 0. 0. 0. 0. 0. 0. 0. 0.
2G545.0. 0. 0. 0. 0. 0. 0.
2I112.0. 0. 0. 0. 0. 0. .1 1. 2. 0. 0. 0. 0. 0. 0. 0. 0. 0. 0. 0. 0. 0. 0. 0.
2I20. 0. 0. 0. 0. 0. 0. 0. .5 0. .010. 0. 0. 0. .010. .1 0. 0. 0. 0. 0. .010.
2I30. 0. 0. 0. 0. 0. 0. 0. 0. 0. 0. 0. 0. 0. 0. 0. 0. 0. 0. 0. 0. 0. 0. 0. 0.
2I40. .010. 0. 0. 0. 0. 0. 0. 0. 0. 0. 0. 0. 0. 0. 0. 0. 0. 0. 0. 0. 0. 0. 0.
2I544.0. 0. 0. 0. 0. 0. 0.
4A110.0. 0. 0. 0. 0. 0. .5 10..5 0. 0. 0. 0. 0. 0. 0. 0. 0. 2. 0. 0. 0. 0. 0.
4A20. 0. 0. 0. 0. 0. 0. 0. .1 0. 0. 0. 0. 0. 0. .010. .1 0. 0. 0. 0. 0. .010.
4A30. 0. 0. 0. 0. 0. 0. 0. 0. 0. 0. 0. 0. 0. 0. 0. 0. 0. 0. 0. 0. 0. 0. 0. 0.
4A40. .010. 0. 0. 0. 0. 0. 0. 0. 0. 0. 0. 0. 0. 0. 0. 0. 0. 0. 0. 0. 0. 0. 0.
4A544.0. 0. 0. 0. 0. 0. 0.
4C16. 0. 0. 0. 0. 0. 0. .1 5. .5 0. 0. 0. 0. 0. 0. 0. 0. 0. 1. 0. 0. 0. 0. 0.
4C20. 0. 0. 0. 0. 0. 0. 0. .1 0. 0. 0. 0. 0. 0. 0. 0. .010. 0. 0. 0. 0. 0. 0.
4C30. 0. 0. 0. 0. 0. 0. 0. 0. 0. 0. 0. 0. 0. 0. 0. 0. 0. 0. 0. 0. 0. 0. 0. 0.
4C40. .010. 0. 0. 0. 0. 0. 0. 0. 0. 0. 0. 0. 0. 0. 0. 0. 0. 0. 0. 0. 0. 0. 0.
4C544.0. 0. 0. 0. 0. 0. 0.
4E117.0. 0. 0. 0. 0. 0. .1 10..5 0. 0. 0. 0. 0. 0. 0. 0. 0. 0. 0. 0. 0. 0. 0.
4E20. 0. 0. 0. 0. 0. 0. 0. .1 0. 0. 0. 0. 0. 0. .010. .1 0. 0. 0. 0. 0. 0. 0.
4E30. 0. 0. 0. 0. 0. 0. 0. 0. 0. 0. 0. 0. 0. 0. 0. 0. 0. 0. 0. 0. 0. 0. 0. 0.
4E40. .010. 0. .010. 0. 0. 0. 0. 0. 0. 0. 0. 0. 0. 0. 0. 0. 0. 0. 0. 0. 0. 0.
4E545.0. 0. 0. 0. 0. 0. 0.
4G112.0. 0. 0. 0. 0. 0. .5 10.3. 0. 0. 0. 0. 0. 0. 0. 0. 0. 0. 0. 0. 0. 0. 0.
4G20. 0. 0. 0. 0. 0. 0. 0. .5 0. 0. 0. 0. .010. 0. 0. .1 0. 0. 0. 0. 0. 0. 0.
4G30. 0. 0. 0. 0. 0. 0. 0. 0. 0. 0. 0. 0. 0. 0. 0. 0. 0. 0. 0. 0. 0. 0. 0. 0.
4G40. .010. 0. .010. 0. 0. 0. 0. 0. 0. 0. 0. 0. 0. 0. 0. 0. 0. 0. 0. 0. 0. 0.
4G545.0. 0. 0. 0. 0. 0. 0.
4I110.0. 0. 0. 0. 0. 0. .5 8. 4. 0. 0. 0. 0. 0. 0. 0. 0. 0. 0. 0. 0. 0. 0. 0.
4I20. 0. 0. 0. 0. 0. 0. 0. .5 0. 0. 0. 0. .010. 0. .010. 0. 0. 0. 0. 0. 0. 0.
4I30. 0. 0. 0. 0. 0. 0. 0. 0. 0. 0. 0. 0. 0. 0. 0. 0. 0. 0. 0. 0. 0. 0. 0. 0.
4I40. .010. 0. 0. 0. 0. 0. 0. 0. 0. 0. 0. 0. 0. 0. 0. 0. 0. 0. 0. 0. 0. 0. 0.
4I544.0. 0. 0. 0. 0. 0. 0.
6A15. 0. 0. 0. 0. 0. 0. 1. 3. .1 0. 0. 0. 0. 0. 0. 0. 0. 0. 0. 0. 0. 0. 0. 0.
6A20. 0. 0. 0. 0. 0. 0. 0. .1 0. 0. 0. 0. 0. 0. .010. .1 0. 0. 0. 0. 0. 0. 0.
6A30. 0. 0. 0. 0. 0. 0. 0. 0. 0. 0. 0. 0. 0. 0. 0. 0. 0. 0. 0. 0. 0. 0. 0. 0.
6A40. .010. 0. 0. 0. 0. 0. 0. 0. 0. 0. 0. 0. 0. 0. 0. 0. 0. 0. 0. 0. 0. 0. 0.
6A548.0. 0. 0. 0. 0. 0. 0.
6C120.0. 0. 0. 0. 0. 0. .5 5. 0. 0. 0. 0. 0. 0. 0. 0. 0. 0. .5 0. 0. 0. 0. 0.
6C20. 0. 0. 0. 0. 0. 0. 0. .5 0. 0. 0. 0. 0. 0. .010. 0. 0. 0. 0. 0. 0. 0. 0.
6C30. 0. 0. 0. 0. 0. 0. 0. 0. 0. 0. 0. 0. 0. 0. 0. 0. 0. 0. 0. 0. 0. 0. 0. 0.
6C40. .01.010. 0. 0. 0. 0. 0. 0. 0. 0. 0. 0. 0. 0. 0. 0. 0. 0. 0. 0. 0. 0. 0.
6C550.0. 0. 0. 0. 0. 0. 0.
6E110.0. 0. 0. 0. 0. 0. .5 5. 3. 0. 0. 0. 0. 0. 0. 0. 0. 0. 0. 0. 0. 0. 0. 0.
6E20. 0. 0. 0. 0. 0. 0. 0. .5 0. 0. 0. 0. .010. 0. 0. .010. 0. 0. 0. 0. 0. 0.
6E30. 0. 0. 0. 0. 0. 0. 0. 0. 0. 0. 0. 0. 0. 0. 0. 0. 0. 0. 0. 0. 0. 0. 0. 0.
6E40. .01.010. .010. 0. 0. 0. 0. 0. 0. 0. 0. 0. 0. 0. 0. 0. 0. 0. 0. 0. 0. 0.
6E546.0. 0. 0. 0. 0. 0. 0.
6G18. 0. 0. 0. 0. 0. 0. .5 5. 15.0. 0. 0. 0. 0. 0. 0. 0. 0. 0. 0. 0. 0. 0. 0.
6G20. 0. 0. 0. 0. 0. 0. 0. 1. 0. 0. 0. 0. .010. .010. .1 0. 0. 0. 0. 0. 0. 0.
6G30. 0. 0. 0. 0. 0. 0. 0. 0. 0. 0. 0. 0. 0. 0. 0. 0. 0. 0. 0. 0. 0. 0. 0. 0.
6G40. .01.010. 0. 0. 0. 0. 0. 0. 0. 0. 0. 0. 0. 0. 0. 0. 0. 0. 0. 0. 0. 0. 0.
6G546.0. 0. 0. 0. 0. 0. 0.
6I120.0. 0. 0. 0. 0. 0. .1 6. 4. 0. 0. 0. 0. 0. 0. 0. 0. 0. 0. 0. 0. 0. 0. 0.
6I20. 0. 0. 0. 0. 0. 0. 0. .5 0. 0. 0. 0. .010. .010. .1 0. 0. 0. 0. 0. .1 0.
6I30. 0. 0. 0. 0. 0. 0. 0. 0. 0. 0. 0. 0. 0. 0. 0. 0. 0. 0. 0. 0. 0. 0. 0. 0.
6I40. .010. 0. .010. 0. 0. 0. 0. 0. 0. 0. 0. 0. 0. 0. 0. 0. 0. 0. 0. 0. 0. 0.
6I544.0. 0. 0. 0. 0. 0. 0.
8A110.0. 0. 0. 0. 0. 0. .5 3. 2. 0. 0. 0. 0. 0. 0. 0. 0. 0. 0. 0. 0. 0. 0. 0.
8A20. 0. 0. 0. 0. 0. 0. 0. .1 0. 0. 0. 0. 0. 0. .010. .1 0. 0. 0. 0. 0. 0. 0.
8A30. 0. 0. 0. 0. 0. 0. 0. 0. 0. 0. 0. 0. 0. 0. 0. 0. 0. 0. 0. 0. 0. 0. 0. 0.
8A40. .01.010. .010. 0. 0. 0. 0. 0. 0. 0. 0. 0. 0. 0. 0. 0. 0. 0. 0. 0. 0. 0.
8A546.0. 0. 0. 0. 0. 0. 0.
8C18. 0. 0. 0. 0. 0. 0. .5 6. 4. 0. 0. 0. 0. 0. 0. 0. 0. 0. 0. 0. 0. 0. 0. 0.
8C20. 0. 0. 0. 0. 0. 0. 0. 1. 0. 0. 0. 0. 0. 0. .1 0. .5 0. 0. 0. 0. 0. .010.
8C30. 0. 0. 0. 0. 0. 0. 0. 0. 0. 0. 0. 0. 0. 0. 0. 0. 0. 0. 0. 0. 0. 0. 0. 0.
8C40. .010. 0. 0. 0. 0. 0. 0. 0. 0. 0. 0. 0. 0. 0. 0. 0. 0. 0. 0. 0. 0. 0. 0.
8C547.0. 0. 0. 0. 0. 0. 0.
8E16. 0. 0. 0. 0. 0. 0. 1. 3. .5 0. 0. 0. 0. 0. 0. 0. 0. 0. 0. 0. 0. 0. 0. 0.
8E20. 0. 0. 0. 0. 0. 0. 0. .5 0. 0. 0. 0. .010. 0. 0. .1 0. 0. 0. 0. 0. 0. 0.
8E30. 0. 0. 0. 0. 0. 0. 0. 0. 0. 0. 0. 0. 0. 0. 0. 0. 0. 0. 0. 0. 0. 0. 0. 0.
8E40. .010. 0. 0. 0. 0. 0. 0. 0. 0. 0. 0. 0. 0. 0. 0. 0. 0. 0. 0. 0. 0. 0. 0.
8E545.0. 0. 0. 0. 0. 0. 0.
8G117.0. 0. 0. 0. 0. 0. .5 25.6. .010. 0. 0. 0. 0. 0. 0. 0. 0. 0. 0. 0. 0. 0.
8G20. 0. 0. 0. 0. 0. 0. 0. 3. 0. 0. 0. 0. .010. 0. 0. .1 0. 0. 0. 0. 0. .1 0.
8G30. 0. 0. 0. 0. 0. 0. 0. 0. 0. 0. 0. 0. 0. 0. 0. 0. 0. 0. 0. 0. 0. 0. 0. 0.
8G40. .010. 0. .010. 0. 0. 0. 0. 0. 0. 0. 0. 0. 0. 0. 0. 0. 0. 0. 0. 0. 0. 0.
8G546.0. 0. 0. 0. 0. 0. 0.
8I120.0. 0. 0. 0. 0. 0. 1. 25.2. 0. 0. 0. 0. 0. 0. 0. 0. 0. 0. 0. 0. 0. 0. 0.
8I20. 0. 0. 0. 0. 0. 0. 0. 2. 0. 0. 0. 0. .010. .010. .1 0. 0. 0. 0. 0. .1 0.
8I30. 0. 0. 0. 0. 0. 0. 0. 0. 0. 0. 0. 0. 0. 0. 0. 0. 0. 0. 0. 0. 0. 0. 0. 0.
8I40. .01.1 0. 0. 0. 0. 0. 0. 0. 0. 0. 0. 0. 0. 0. 0. 0. 0. 0. 0. 0. 0. 0. 0.
8I544.0. 0. 0. 0. 0. 0. 0.
0A15. 0. 0. 0. 0. 0. 0. 1. 4. 4. 0. 0. 0. 0. 0. 0. 0. 0. 0. .1 0. 0. 0. 0. 0.
0A20. 0. 0. .010. 0. 0. 0. .5 .010. 0. 0. 0. 0. .010. .1 0. 0. 0. 0. 0. .010.
0A30. 0. 0. 0. 0. 0. 0. 0. 0. 0. 0. 0. 0. 0. 0. 0. 0. 0. 0. 0. 0. 0. 0. 0. 0.
0A40. .01.010. .010. 0. 0. 0. 0. 0. 0. 0. 0. 0. 0. 0. 0. 0. 0. 0. 0. 0. 0. 0.
0A548.0. 0. 0. 0. 0. 0. 0.
0C18. 0. 0. 0. 0. 0. 0. .1 4. 4. 0. 0. 0. 0. 0. 0. 0. 0. 0. 0. 0. 0. 0. 0. 0.
0C20. 0. 0. .5 0. 0. 0. 0. .1 0. 0. 0. 0. .010. .1 0. .1 0. 0. 0. 0. 0. 0. 0.
0C30. 0. 0. 0. 0. 0. 0. 0. 0. 0. 0. 0. 0. 0. 0. 0. 0. 0. 0. 0. 0. 0. 0. 0. 0.
0C40. .01.010. 0. 0. 0. 0. 0. 0. 0. 0. 0. 0. 0. 0. 0. 0. 0. 0. 0. 0. 0. 0. 0.
0C548.0. 0. 0. 0. 0. 0. 0.
0E110.0. 0. 0. 0. 0. 0. .5 3. 5. 0. 0. .010. 0. 0. 0. 0. 0. 0. 0. 0. 0. 0. 0.
0E20. 0. 0. .5 0. 0. 0. 0. 1. 0. 0. 0. 0. .010. .1 0. .1 .010. 0. 0. 0. 0. 0.
0E30. 0. 0. 0. 0. 0. 0. 0. 0. 0. 0. 0. 0. 0. 0. 0. 0. 0. 0. 0. 0. 0. 0. 0. 0.
0E40. .010. 0. 0. 0. 0. 0. 0. 0. 0. 0. 0. 0. 0. 0. 0. 0. 0. 0. 0. 0. 0. 0. 0.
0E548.0. 0. 0. 0. 0. 0. 0.
0G15. 0. 0. 0. 0. 0. 0. .1 3. 4. 0. 0. 0. 0. 0. 0. 0. 0. 0. 0. 0. 0. 0. 0. 0.
0G20. 0. 0. .1 0. 0. 0. 0. .1 .01.1 0. 0. .010. .010. .01.010. 0. 0. 0. 0. 0.
0G30. 0. 0. 0. 0. 0. 0. 0. 0. 0. 0. 0. 0. 0. 0. 0. 0. 0. 0. 0. 0. 0. 0. 0. 0.
0G40. .010. 0. 0. 0. 0. 0. 0. 0. 0. 0. 0. 0. 0. 0. 0. 0. 0. 0. 0. 0. 0. 0. 0.
0G548.0. 0. 0. 0. 0. 0. 0.
0I14. 0. 0. 0. 0. 0. 0. .1 1. 2. 0. 0. 0. 0. 0. 0. 0. 0. 0. 0. 0. 0. 0. 0. 0.
0I20. 0. 0. .5 0. 0. 0. 0. .5 .010. 0. 0. .010. .1 0. 0. .1 0. 0. 0. 0. 0. 0.
0I30. 0. 0. 0. 0. 0. 0. 0. 0. 0. 0. 0. 0. 0. 0. 0. 0. 0. 0. 0. 0. 0. 0. 0. 0.
0I40. .010. 0. .1 0. 0. 0. 0. 0. 0. 0. 0. 0. 0. 0. 0. 0. 0. 0. 0. 0. 0. 0. 0.
0I550.0. 0. 0. 0. 0. 0. 0.
2A110.0. 0. 0. 0. 0. 0. .1 9. 3. 0. 0. 0. 0. 0. 0. 0. 0. 0. 0. 0. 0. 0. 0. 0.
2A20. 0. 0. .010. 0. 0. 0. 1. .010. 0. 0. 0. 0. 0. 0. .010. 0. 0. 0. 0. .010.
2A30. 0. 0. 0. 0. 0. 0. 0. 0. 0. 0. 0. 0. 0. 0. 0. 0. 0. 0. 0. 0. 0. 0. 0. 0.
2A40. .010. 0. 0. 0. 0. 0. 0. 0. 0. 0. 0. 0. 0. 0. 0. 0. 0. 0. 0. 0. 0. 0. 0.
2A548.0. 0. 0. 0. 0. 0. 0.
2C16. 0. 0. 0. 0. 0. 0. 1. 12.3. 0. 0. 0. 0. 0. 0. 0. 0. 0. 0. 0. 0. 0. 0. 0.
2C20. 0. 0. .1 0. 0. 0. 0. .5 .010. 0. 0. .1 0. .010. .1 0. 0. .010. 0. .010.
2C30. 0. 0. 0. 0. 0. 0. 0. 0. 0. 0. 0. 0. 0. 0. 0. 0. 0. 0. 0. 0. 0. 0. 0. 0.
2C40. .1 0. 0. 0. 0. 0. 0. 0. 0. 0. 0. 0. 0. 0. 0. 0. 0. 0. 0. 0. 0. 0. 0. 0.
2C548.0. 0. 0. 0. 0. 0. 0.
2E115.0. 0. 0. 0. 0. 0. .5 6. 3. 0. 0. .010. 0. 0. 0. 0. 0. 0. 0. 0. 0. 0. 0.
2E20. 0. 0. .1 0. 0. 0. 0. .1 .010. 0. 0. .1 0. .01.5 0. 0. 0. 0. 0. 0. 0. 0.
2E30. 0. 0. 0. 0. 0. 0. 0. 0. 0. 0. 0. 0. 0. 0. 0. 0. 0. 0. 0. 0. 0. 0. 0. 0.
2E40. .01.010. 0. 0. 0. 0. 0. 0. 0. 0. 0. 0. 0. 0. 0. 0. 0. 0. 0. 0. 0. 0. 0.
2E548.0. 0. 0. 0. 0. 0. 0.
2G18. 0. 0. 0. 0. 0. 0. .5 4. 8. 0. 0. .010. 0. 0. 0. 0. 0. 0. 0. 0. 0. 0. 0.
2G20. 0. 0. .5 0. 0. 0. 0. 1. .010. 0. 0. 0. 0. .010. 0. .010. 0. 0. 0. 0. 0.
2G30. 0. 0. 0. 0. 0. 0. 0. 0. 0. 0. 0. 0. 0. 0. 0. 0. 0. 0. 0. 0. 0. 0. 0. 0.
2G40. .010. 0. .010. 0. 0. 0. 0. 0. 0. 0. 0. 0. 0. 0. 0. 0. 0. 0. 0. 0. 0. 0.
2G548.0. 0. 0. 0. 0. 0. 0.
2I115.0. 0. 0. 0. 0. 0. .1 6. 3. 0. 0. 0. 0. 0. 0. 0. 0. 0. 0. 0. 0. 0. 0. 0.
2I20. 0. 0. .1 0. 0. 0. 0. 2. 0. 0. 0. 0. .1 0. .010. .1 0. 0. 0. 0. 0. 0. 0.
2I30. 0. 0. 0. 0. 0. 0. 0. 0. 0. 0. 0. 0. 0. 0. 0. 0. 0. 0. 0. 0. 0. 0. 0. 0.
2I40. .1 0. 0. 0. 0. 0. 0. 0. 0. 0. 0. 0. 0. 0. 0. 0. 0. 0. 0. 0. 0. 0. 0. 0.
2I548.0. .1 0. 0. 0. 0. 0.
4A112.0. 0. 0. 0. 0. 0. 1. 20..5 0. 0. 0. 0. 0. 0. 0. 0. 0. 2. 0. 0. 0. 0. 0.
4A20. 0. 0. .010. 0. 0. 0. .5 0. 0. 0. 0. 0. 0. .010. .1 0. 0. 0. 0. 0. .010.
4A30. 0. 0. 0. 0. 0. 0. 0. 0. 0. 0. 0. 0. 0. 0. 0. 0. 0. 0. 0. 0. 0. 0. 0. 0.
4A40. .01.010. 0. .010. 0. 0. 0. 0. 0. 0. 0. 0. 0. 0. 0. 0. 0. 0. 0. 0. 0. 0.
4A548.0. 0. 0. 0. 0. 0. 0.
4C16. 0. 0. 0. 0. 0. 0. .5 5. 1. 0. 0. 0. 0. 0. 0. 0. 0. 0. 2. 0. 0. 0. 0. 0.
4C20. 0. 0. .010. 0. 0. 0. .5 0. 0. 0. 0. 0. 0. 0. .5 .1 0. 0. 0. 0. 0. .010.
4C30. 0. 0. 0. 0. 0. 0. 0. 0. 0. 0. 0. 0. 0. 0. 0. 0. 0. 0. 0. 0. 0. 0. 0. 0.
4C40. .010. 0. 0. 0. 0. 0. 0. 0. 0. 0. 0. 0. 0. 0. 0. 0. 0. 0. 0. 0. 0. 0. 0.
4C548.0. 0. 0. 0. 0. 0. 0.
4E117.0. 0. 0. 0. 0. 0. .5 20.2. 0. 0. 0. 0. 0. 0. 0. 0. 0. 0. 0. 0. 0. 0. 0.
4E20. 0. 0. .010. 0. 0. 0. .1 .010. 0. 0. 0. 0. 0. .1 .010. 0. 0. 0. 0. 0. 0.
4E30. 0. 0. 0. 0. 0. 0. 0. 0. 0. 0. 0. 0. 0. 0. 0. 0. 0. 0. 0. 0. 0. 0. 0. 0.
4E40. .01.010. .010. 0. 0. 0. 0. 0. 0. 0. 0. 0. 0. 0. 0. 0. 0. 0. 0. 0. 0. 0.
4E547.0. 0. 0. 0. 0. 0. 0.
4G112.0. 0. 0. 0. 0. 0. 1. 10.3. 0. 0. 0. 0. 0. 0. 0. 0. 0. 0. 0. 0. 0. 0. 0.
4G20. 0. 0. .1 0. 0. 0. 0. 1. .010. 0. 0. .1 0. 0. 0. .1 0. 0. 0. 0. 0. .010.
4G30. 0. 0. 0. 0. 0. 0. 0. 0. 0. 0. 0. 0. 0. 0. 0. 0. 0. 0. 0. 0. 0. 0. 0. 0.
4G40. .010. 0. .010. 0. 0. 0. 0. 0. 0. 0. 0. 0. 0. 0. 0. 0. 0. 0. 0. 0. 0. 0.
4G548.0. 0. 0. 0. 0. 0. 0.
4I117.0. 0. 0. 0. 0. 0. .5 8. 4. 0. 0. 0. 0. 0. 0. 0. 0. 0. 0. 0. 0. 0. 0. 0.
4I20. 0. 0. 0. 0. 0. 0. 0. .5 0. 0. 0. 0. 0. 0. 0. .1 0. 0. 0. 0. 0. 0. .1 0.
4I30. 0. 0. 0. 0. 0. 0. 0. 0. 0. 0. 0. 0. 0. 0. 0. 0. 0. 0. 0. 0. 0. 0. 0. 0.
4I40. .1 0. 0. .010. 0. 0. 0. 0. 0. 0. 0. 0. 0. 0. 0. 0. 0. 0. 0. 0. 0. 0. 0.
4I548.0. 0. 0. 0. 0. 0. 0.
6A16. 0. 0. 0. 0. 0. 0. .5 5. .1 0. 0. 0. 0. 0. 0. 0. 0. 0. 0. 0. 0. 0. 0. 0.
6A20. 0. 0. .1 0. 0. 0. 0. .5 0. 0. 0. 0. 0. 0. .010. .1 0. 0. 0. 0. 0. 0. 0.
6A30. 0. 0. 0. 0. 0. 0. 0. 0. 0. 0. 0. 0. 0. 0. 0. 0. 0. 0. 0. 0. 0. 0. 0. 0.
6A40. .01.010. .010. 0. 0. 0. 0. 0. 0. 0. 0. 0. 0. 0. 0. 0. 0. 0. 0. 0. 0. 0.
6A548.0. 0. 0. 0. 0. 0. 0.
6C117.0. 0. 0. 0. 0. 0. .5 8. 0. 0. 0. 0. 0. 0. 0. 0. 0. 0. .5 0. 0. 0. 0. 0.
6C20. 0. 0. .1 0. 0. 0. 0. .5 0. 0. 0. 0. 0. 0. 0. 0. 0. 0. 0. .010. 0. .1 0.
6C30. 0. 0. 0. 0. 0. 0. 0. 0. 0. 0. 0. 0. 0. 0. 0. 0. 0. 0. 0. 0. 0. 0. 0. 0.
6C40. .1 .010. .010. 0. 0. 0. 0. 0. 0. 0. 0. 0. 0. 0. 0. 0. 0. 0. 0. 0. 0. 0.
6C548.0. 0. 0. 0. 0. 0. 0.
6E18. 0. 0. 0. 0. 0. 0. .5 8. 4. 0. 0. 0. 0. 0. 0. 0. 0. 0. 0. 0. 0. 0. 0. 0.
6E20. 0. 0. .1 0. 0. 0. 0. .5 0. 0. 0. 0. .5 0. 0. 0. .1 .010. 0. 0. 0. .1 0.
6E30. 0. 0. 0. 0. 0. 0. 0. 0. 0. 0. 0. 0. 0. 0. 0. 0. 0. 0. 0. 0. 0. 0. 0. 0.
6E40. .1 .010. .010. 0. 0. 0. 0. 0. 0. 0. 0. 0. 0. 0. 0. 0. 0. 0. 0. 0. 0. 0.
6E548.0. 0. 0. 0. 0. 0. 0.
6G18. 0. 0. 0. 0. 0. 0. .5 10.12..1 0. 0. 0. 0. 0. 0. 0. 0. 0. 0. 0. 0. 0. 0.
6G20. 0. 0. .1 0. 0. 0. 0. 2. .010. 0. 0. .010. 0. 0. .1 0. 0. 0. 0. 0. 0. 0.
6G30. 0. 0. 0. 0. 0. 0. 0. 0. 0. 0. 0. 0. 0. 0. 0. 0. 0. 0. 0. 0. 0. 0. 0. 0.
6G40. .01.010. .010. 0. 0. 0. 0. 0. 0. 0. 0. 0. 0. 0. 0. 0. 0. 0. 0. 0. 0. 0.
6G548.0. 0. 0. 0. 0. 0. 0.
6I120.0. 0. 0. 0. 0. 0. .5 15.5. 0. 0. 0. 0. 0. 0. 0. 0. 0. 0. 0. 0. 0. 0. 0.
6I20. 0. 0. .010. 0. 0. 0. .5 0. 0. 0. 0. .010. .010. .1 0. 0. 0. 0. 0. .1 0.
6I30. 0. 0. 0. 0. 0. 0. 0. 0. 0. 0. 0. 0. 0. 0. 0. 0. 0. 0. 0. 0. 0. 0. 0. 0.
6I40. .1 .010. 0. 0. 0. 0. 0. 0. 0. 0. 0. 0. 0. 0. .010. 0. 0. 0. 0. 0. 0. 0.
6I547.0. 0. 0. 0. 0. 0. 0.
8A112.0. 0. 0. 0. 0. 0. .5 6. 3. 0. 0. 0. 0. 0. 0. 0. 0. 0. 0. 0. 0. 0. 0. 0.
8A20. 0. 0. .1 0. 0. 0. 0. 1. .010. 0. 0. 0. 0. 0. 0. .5 0. 0. 0. 0. 0. .010.
8A30. 0. 0. 0. 0. 0. 0. 0. 0. 0. 0. 0. 0. 0. 0. 0. 0. 0. 0. 0. 0. 0. 0. 0. 0.
8A40. .01.010. .010. 0. 0. 0. 0. 0. 0. 0. 0. 0. 0. 0. 0. 0. 0. 0. 0. 0. 0. 0.
8A548.0. 0. 0. 0. 0. 0. 0.
8C18. 0. 0. 0. 0. 0. 0. .5 12.4. 0. 0. 0. 0. 0. 0. 0. 0. 0. 0. 0. 0. 0. 0. 0.
8C20. 0. 0. 0. 0. 0. 0. 0. 2. 0. 0. 0. 0. 0. 0. 0. 0. .1 0. 0. 0. 0. 0. .010.
8C30. 0. 0. 0. 0. 0. 0. 0. 0. 0. 0. 0. 0. 0. 0. 0. 0. 0. 0. 0. 0. 0. 0. 0. 0.
8C40. .1 0. 0. .010. 0. 0. 0. 0. 0. 0. 0. 0. 0. 0. 0. 0. 0. 0. 0. 0. 0. 0. 0.
8C548.0. 0. 0. 0. 0. 0. 0.
8E18. 0. 0. 0. 0. 0. 0. 1. 10.2. .1 0. 0. 0. 0. 0. 0. 0. 0. 0. 0. 0. 0. 0. 0.
8E20. 0. 0. .1 0. 0. 0. 0. .5 0. 0. 0. 0. .1 0. 0. 0. .1 0. 0. 0. 0. 0. .1 0.
8E30. 0. 0. 0. 0. 0. 0. 0. 0. 0. 0. 0. 0. 0. 0. 0. 0. 0. 0. 0. 0. 0. 0. 0. 0.
8E40. .01.010. .010. 0. 0. 0. 0. 0. 0. 0. 0. 0. 0. 0. 0. 0. 0. 0. 0. 0. 0. 0.
8E548.0. 0. 0. 0. 0. 0. 0.
8G112.0. 0. 0. 0. 0. 0. 1. 30.10..1 0. 0. 0. 0. 0. 0. 0. 0. 0. 0. 0. 0. 0. 0.
8G20. 0. 0. .5 0. 0. 0. 0. 2. .010. 0. 0. .1 0. .010. 0. 0. 0. 0. 0. 0. .1 0.
8G30. 0. 0. 0. 0. 0. 0. 0. 0. 0. 0. 0. 0. 0. 0. 0. 0. 0. 0. 0. 0. 0. 0. 0. 0.
8G40. .1 .1 0. .010. 0. 0. 0. 0. 0. 0. 0. 0. 0. 0. 0. 0. 0. 0. 0. 0. 0. 0. 0.
8G546.0. 0. 0. 0. 0. 0. 0.
8I117.0. 0. 0. 0. 0. 0. 1. 35..5 0. 0. .010. 0. 0. 0. 0. 0. 0. 0. 0. 0. 0. 0.
8I20. 0. 0. .1 0. 0. 0. 0. 1. .010. 0. 0. .1 0. .010. .1 0. 0. 0. 0. 0. 3. 0.
8I30. 0. 0. 0. 0. 0. 0. 0. 0. 0. 0. 0. 0. 0. 0. 0. 0. 0. 0. 0. 0. 0. 0. 0. 0.
8I40. .01.5 0. 0. 0. 0. 0. 0. 0. 0. 0. 0. 0. 0. 0. .010. 0. 0. 0. 0. 0. 0. 0.
8I546.0. 0. 0. 0. 0. 0. 0.
0A15. 0. 0. 0. 0. 0. 0. 4. 5. 3. 0. 0. 0. 0. 0. 0. 0. 0. 0. .1 0. 0. 0. 0. 0.
0A20. 0. 0. .1 0. 0. 0. 0. 1. .010. 0. 0. 0. 0. .010. .1 0. 0. 0. 0. 0. .5 0.
0A30. 0. 0. 0. 0. 0. 0. 0. 0. 0. 0. 0. 0. 0. 0. 0. 0. 0. 0. 0. 0. 0. 0. 0. 0.
0A40. .01.010. .010. 0. 0. 0. 0. 0. 0. 0. 0. 0. 0. 0. 0. 0. 0. 0. 0. 0. 0. 0.
0A558.0. 0. 0. 0. 0. 0. 0.
0C18. 0. 0. 0. 0. 0. 0. 3. 6. 4. 0. 0. 0. 0. 0. 0. 0. 0. 0. 0. 0. 0. 0. 0. 0.
0C20. 0. 0. 1. 0. 0. 0. 0. 2. 0. 0. 0. 0. .1 0. .1 0. .1 0. 0. 0. 0. 0. .1 0.
0C30. 0. 0. 0. 0. 0. 0. 0. 0. 0. 0. 0. 0. 0. 0. 0. 0. 0. 0. 0. 0. 0. 0. 0. 0.
0C40. .1 .010. 0. 0. 0. 0. 0. 0. 0. 0. 0. 0. 0. 0. 0. 0. 0. 0. 0. 0. 0. 0. 0.
0C558.0. 0. 0. 0. 0. 0. 0.
0E112.0. 0. 0. 0. 0. 0. 4. 5. 5. 0. 0. .1 0. 0. 0. 0. 0. 0. 0. 0. 0. 0. 0. 0.
0E20. 0. 0. 1. 0. 0. 0. 0. 3. 0. 0. 0. 0. .1 0. .010. .1 0. 0. 0. 0. 0. .5 0.
0E30. 0. 0. 0. 0. 0. 0. 0. 0. 0. 0. 0. 0. 0. 0. 0. 0. 0. 0. 0. 0. 0. 0. 0. 0.
0E40. .1 0. 0. .010. 0. 0. 0. 0. 0. 0. 0. 0. 0. 0. 0. 0. 0. 0. 0. 0. 0. 0. 0.
0E558.0. 0. 0. 0. 0. 0. 0.
0G16. 0. 0. 0. 0. 0. 0. 2. 5. 5. 0. 0. 0. 0. 0. 0. 0. 0. 0. 0. 0. 0. 0. 0. 0.
0G20. 0. 0. 1. 0. 0. 0. 0. .5 .010. 0. 0. .010. .010. .1 0. 0. 0. 0. 0. 0. 0.
0G30. 0. 0. 0. 0. 0. 0. .1 0. 0. 0. 0. 0. 0. 0. 0. 0. 0. 0. 0. 0. 0. 0. 0. 0.
0G40. .1 0. 0. .010. 0. 0. 0. 0. 0. 0. 0. 0. 0. 0. 0. 0. 0. 0. 0. 0. 0. 0. 0.
0G559.0. 0. 0. 0. 0. 0. 0.
0I14. 0. 0. 0. 0. 0. 0. 1. 3. 3. 0. 0. 0. 0. 0. 0. 0. 0. 0. 0. 0. 0. 0. 0. 0.
0I20. 0. 0. 1. 0. 0. 0. 0. .5 .010. 0. 0. .010. .1 0. 0. .1 0. 0. 0. 0. 0. 0.
0I30. 0. 0. 0. 0. 0. 0. 0. 0. 0. 0. 0. 0. 0. 0. 0. 0. 0. 0. 0. 0. 0. 0. 0. 0.
0I40. .1 0. 0. .1 0. 0. 0. 0. 0. 0. 0. 0. 0. 0. 0. 0. 0. 0. 0. 0. 0. 0. 0. 0.
0I561.0. 0. 0. 0. 0. 0. 0.
2A110.0. 0. 0. 0. 0. 0. 3. 12.3. 0. 0. 0. 0. 0. 0. 0. 0. 0. 0. 0. 0. 0. 0. 0.
2A20. 0. 0. .1 0. 0. 0. 0. .5 .010. 0. 0. 0. 0. 0. 0. 0. 0. 0. 0. 0. 0. .1 0.
2A30. 0. 0. 0. 0. 0. 0. 0. 0. 0. 0. 0. 0. 0. 0. 0. 0. 0. 0. 0. 0. 0. 0. 0. 0.
2A40. .1 .010. .010. 0. 0. 0. 0. 0. 0. 0. 0. 0. 0. 0. 0. 0. 0. 0. 0. 0. 0. 0.
2A558.0. 0. 0. 0. 0. 0. 0.
2C15. 0. 0. 0. 0. 0. 0. 10.15..5 0. 0. 0. 0. 0. 0. 0. 0. 0. 0. 0. 0. 0. 0. 0.
2C20. 0. 0. .5 0. 0. 0. 0. 3. .010. 0. 0. .010. 0. 0. .010. 0. .1 0. 0. .5 0.
2C30. 0. 0. 0. 0. 0. 0. 0. 0. 0. 0. 0. 0. 0. 0. 0. 0. 0. 0. 0. 0. 0. 0. 0. 0.
2C40. .010. 0. .010. 0. 0. 0. 0. 0. 0. 0. 0. 0. 0. 0. 0. 0. 0. 0. 0. 0. 0. 0.
2C558.0. 0. 0. 0. 0. 0. 0.
2E117.0. 0. 0. 0. 0. 0. 3. 6. 3. 0. 0. .010. 0. 0. 0. 0. 0. 0. 0. 0. 0. 0. 0.
2E20. 0. 0. .5 0. 0. 0. 0. .5 .010. 0. 0. .1 0. .011. 0. 0. 0. 0. 0. 0. .5 0.
2E30. 0. 0. 0. 0. 0. 0. 0. 0. 0. 0. 0. 0. 0. 0. 0. 0. 0. 0. 0. 0. 0. 0. 0. 0.
2E40. .01.010. .010. 0. 0. 0. 0. 0. 0. 0. 0. 0. 0. 0. 0. 0. 0. 0. 0. 0. 0. 0.
2E558.0. 0. 0. 0. 0. 0. 0.
2G110.0. 0. 0. 0. 0. 0. 2. 10.6. 0. 0. .1 0. 0. 0. 0. 0. 0. 0. 0. 0. 0. 0. 0.
2G20. 0. 0. 1. 0. 0. 0. 0. 3. .010. 0. 0. 0. 0. .1 0. 0. 0. 0. 0. 0. 0. 0. 0.
2G30. 0. 0. 0. 0. 0. 0. 0. 0. 0. 0. 0. 0. 0. 0. 0. 0. 0. 0. 0. 0. 0. 0. 0. 0.
2G40. .010. 0. .010. 0. 0. 0. 0. 0. 0. 0. 0. 0. 0. 0. 0. 0. 0. 0. 0. 0. 0. 0.
2G558.0. 0. 0. 0. 0. 0. 0.
2I112.0. 0. 0. 0. 0. 0. 1. 6. 3. 0. 0. .010. .1 0. 0. 0. 0. 0. 0. 0. 0. 0. 0.
2I20. 0. 0. 1. 0. 0. 0. 0. 4. 0. 0. 0. 0. .1 0. .010. .1 0. 0. 0. 0. 0. .1 0.
2I30. 0. 0. 0. 0. 0. 0. 0. 0. 0. 0. 0. 0. 0. 0. 0. 0. 0. 0. 0. 0. 0. 0. 0. 0.
2I40. .010. 0. .010. 0. 0. 0. 0. 0. 0. 0. 0. 0. 0. 0. 0. 0. 0. 0. 0. 0. 0. 0.
2I558.0. 0. 0. 0. 0. 0. 0.
4A115.0. 0. 0. 0. 0. 0. 8. 15..1 0. 0. 0. 0. 0. 0. 0. .1 0. 2. 0. 0. 0. 0. 0.
4A20. 0. 0. 1. 0. 0. 0. 0. 1. 0. 0. 0. 0. 0. 0. .010. .1 0. 0. 0. 0. 0. .1 0.
4A30. 0. 0. 0. 0. 0. 0. 0. 0. 0. 0. 0. 0. 0. 0. 0. 0. 0. 0. 0. 0. 0. 0. 0. 0.
4A40. .1 0. 0. .01.1 0. 0. 0. 0. 0. 0. 0. 0. 0. 0. 0. 0. 0. 0. 0. 0. 0. 0. 0.
4A558.0. 0. 0. 0. 0. 0. 0.
4C15. 0. 0. 0. 0. 0. 0. 3. 10.4. 0. 0. 0. 0. 0. 0. 0. 0. 0. 2. 0. 0. 0. 0. 0.
4C20. 0. 0. .5 0. 0. 0. .01.5 .010. 0. 0. 0. 0. 0. 1. .010. 0. 0. 0. 0. .1 0.
4C30. 0. 0. 0. 0. 0. 0. 0. 0. 0. 0. 0. 0. 0. 0. 0. 0. 0. 0. 0. 0. 0. 0. 0. 0.
4C40. .010. 0. .01.010. 0. 0. 0. 0. 0. 0. 0. 0. 0. 0. 0. 0. 0. 0. 0. 0. 0. 0.
4C558.0. 0. 0. 0. 0. 0. 0.
4E117.0. 0. 0. 0. 0. 0. 10.20..5 0. 0. 0. 0. 0. 0. 0. 0. 0. 0. 0. 0. 0. 0. 0.
4E20. 0. 0. .1 0. 0. 0. 0. .5 .010. 0. 0. 0. 0. 0. .1 0. 0. 0. 0. 0. 0. .1 0.
4E30. 0. 0. 0. 0. 0. 0. 0. 0. 0. 0. 0. 0. 0. 0. 0. 0. 0. 0. 0. 0. 0. 0. 0. 0.
4E40. .01.010. .010. 0. 0. 0. 0. 0. 0. 0. 0. 0. 0. 0. 0. 0. 0. 0. 0. 0. 0. 0.
4E559.0. 0. 0. 0. 0. 0. 0.
4G117.0. 0. 0. 0. 0. 0. 3. 10.2. 0. 0. 0. 0. 0. 0. 0. 0. 0. 0. 0. 0. 0. 0. 0.
4G20. 0. 0. .5 0. 0. 0. 0. 1. .010. 0. 0. .1 0. 0. 0. .1 0. 0. 0. 0. 0. .5 0.
4G30. 0. 0. 0. 0. 0. 0. 0. 0. 0. 0. 0. 0. 0. 0. 0. 0. 0. 0. 0. 0. 0. 0. 0. 0.
4G40. .010. 0. .010. 0. 0. 0. 0. 0. 0. 0. 0. 0. 0. 0. 0. 0. 0. 0. 0. 0. 0. 0.
4G560.0. 0. 0. 0. 0. 0. 0.
4I120.0. 0. 0. 0. 0. 0. 2. 10.5. 0. 0. 0. 0. 0. 0. 0. 0. 0. 0. 0. 0. 0. 0. 0.
4I20. 0. 0. .1 0. 0. 0. 0. .5 0. 0. 0. 0. .1 0. 0. .5 0. 0. 0. 0. 0. 0. .1 0.
4I30. 0. 0. 0. 0. 0. 0. 0. 0. 0. 0. 0. 0. 0. 0. 0. 0. 0. 0. 0. 0. 0. 0. 0. 0.
4I40. .010. 0. .010. 0. 0. 0. 0. 0. 0. 0. 0. 0. 0. 0. 0. 0. 0. 0. 0. 0. 0. 0.
4I559.0. 0. 0. 0. 0. 0. 0.
6A110.0. 0. 0. 0. 0. 0. 4. 6. .1 0. 0. 0. 0. 0. 0. 0. 0. 0. 0. 0. 0. 0. 0. 0.
6A20. 0. 0. .5 0. 0. 0. 0. 2. .010. 0. 0. 0. 0. .010. .1 0. 0. 0. 0. 0. .5 0.
6A30. 0. 0. 0. 0. 0. 0. 0. 0. 0. 0. 0. 0. 0. 0. 0. 0. 0. 0. 0. 0. 0. 0. 0. 0.
6A40. .1 0. 0. .01.010. 0. 0. 0. 0. 0. 0. 0. 0. 0. 0. 0. 0. 0. 0. 0. 0. 0. 0.
6A558.0. 0. 0. 0. 0. 0. 0.
6C120.0. 0. 0. 0. 0. 0. 3. 12.0. 0. 0. 0. 0. 0. 0. 0. .1 0. .5 0. 0. 0. 0. 0.
6C20. 0. 0. 1. 0. 0. 0. 0. 1. 0. 0. 0. 0. 0. 0. 0. 0. .1 0. 0. .1 0. 0. .5 0.
6C30. 0. 0. 0. 0. 0. 0. 0. 0. 0. 0. 0. 0. 0. 0. 0. 0. 0. 0. 0. 0. 0. 0. 0. 0.
6C40. .1 .010. .010. 0. 0. 0. 0. 0. 0. 0. 0. 0. 0. 0. 0. 0. 0. 0. 0. 0. 0. 0.
6C564.0. 0. 0. 0. 0. 0. 0.
6E110.0. 0. 0. 0. 0. 0. 2. 5. 5. .1 0. .1 0. 0. 0. 0. 0. 0. 0. 0. 0. 0. 0. 0.
6E20. 0. 0. .5 0. 0. 0. 0. 1. 0. 0. 0. 0. .5 0. 0. 0. .010. 0. .1 0. 0. 0. 0.
6E30. 0. 0. 0. 0. 0. 0. 0. 0. 0. 0. 0. 0. 0. 0. 0. 0. 0. 0. 0. 0. 0. 0. 0. 0.
6E40. .1 0. 0. .1 .010. 0. 0. 0. 0. 0. 0. 0. 0. 0. 0. 0. 0. 0. 0. 0. 0. 0. 0.
6E562.0. 0. 0. 0. 0. 0. 0.
6G115.0. 0. 0. 0. 0. 0. 1. 15.15..1 0. 0. 0. 0. 0. 0. 0. 0. 0. 0. 0. 0. 0. 0.
6G20. 0. 0. 1. 0. 0. 0. 0. 1. 0. 0. 0. 0. .010. 0. 0. .1 0. 0. 0. 0. 0. .1 0.
6G30. 0. 0. 0. 0. 0. 0. 0. 0. 0. 0. 0. 0. 0. 0. 0. 0. 0. 0. 0. 0. 0. 0. 0. 0.
6G40. .1 .010. .1 0. 0. 0. 0. 0. 0. .010. 0. 0. 0. 0. 0. 0. 0. 0. 0. 0. 0. 0.
6G564.0. 0. 0. 0. 0. 0. 0.
6I120.0. 0. 0. 0. 0. 0. 4. 12.8. 0. 0. 0. 0. 0. 0. 0. 0. 0. 0. 0. 0. 0. 0. 0.
6I20. 0. 0. .5 0. 0. 0. 0. 1. 0. 0. 0. 0. .1 0. 0. 0. .1 0. 0. 0. 0. 0. .5 0.
6I30. 0. 0. 0. 0. 0. 0. 0. 0. 0. 0. 0. 0. 0. 0. 0. 0. 0. 0. 0. 0. 0. 0. 0. 0.
6I40. .1 0. 0. .1 0. 0. 0. 0. 0. 0. 0. 0. 0. 0. 0. 0. 0. 0. 0. 0. 0. 0. 0. 0.
6I558.0. 0. 0. 0. 0. 0. 0.
8A115.0. 0. 0. 0. 0. 0. 2. 5. 2. .1 0. 0. 0. 0. 0. 0. 0. 0. 0. 0. 0. 0. 0. 0.
8A20. 0. 0. .5 0. 0. 0. 0. 1. .010. 0. 0. 0. 0. .010. .1 0. 0. 0. 0. 0. 0. 0.
8A30. 0. 0. 0. 0. 0. 0. 0. 0. 0. 0. 0. 0. 0. 0. 0. 0. 0. 0. 0. 0. 0. 0. 0. 0.
8A40. .1 0. 0. .01.010. 0. 0. 0. 0. 0. 0. 0. 0. 0. 0. 0. 0. 0. 0. 0. 0. 0. 0.
8A561.0. 0. 0. 0. 0. 0. 0.
8C16. 0. 0. 0. 0. 0. 0. 5. 10.5. 0. 0. 0. 0. 0. 0. 0. 0. 0. 0. 0. 0. 0. 0. 0.
8C20. 0. 0. 1. 0. 0. 0. 0. 2. 0. 0. 0. 0. 0. 0. .1 0. .1 0. 0. 0. 0. 0. 0. 0.
8C30. 0. 0. 0. 0. 0. 0. 0. 0. 0. 0. 0. 0. 0. 0. 0. 0. 0. 0. 0. 0. 0. 0. 0. 0.
8C40. .1 0. 0. .010. 0. 0. 0. 0. 0. 0. 0. 0. 0. 0. 0. 0. 0. 0. 0. 0. 0. 0. 0.
8C561.0. 0. 0. 0. 0. 0. 0.
8E15. 0. 0. 0. 0. 0. 0. 8. 8. .5 .5 0. .010. 0. 0. 0. .1 0. 0. 0. 0. 0. 0. 0.
8E20. 0. 0. .5 0. 0. 0. 0. 1. .010. 0. 0. .5 0. 0. 0. .1 0. 0. 0. 0. 0. .1 0.
8E30. 0. 0. 0. 0. 0. 0. 0. 0. 0. 0. 0. 0. 0. 0. 0. 0. 0. 0. 0. 0. 0. 0. 0. 0.
8E40. .1 .010. .01.010. 0. 0. 0. 0. 0. 0. 0. 0. 0. 0. 0. 0. 0. 0. 0. 0. 0. 0.
8E558.0. 0. 0. 0. 0. 0. 0.
8G117.0. 0. 0. 0. 0. 0. 3. 30.10..5 0. .010. 0. 0. 0. 0. 0. 0. 0. 0. 0. 0. 0.
8G20. 0. 0. 1. 0. 0. 0. 0. .5 .010. 0. 0. .1 0. 0. 0. .1 0. 0. 0. 0. 0. .1 0.
8G30. 0. 0. 0. 0. 0. 0. 0. 0. 0. 0. 0. 0. 0. 0. 0. 0. 0. 0. 0. 0. 0. 0. 0. 0.
8G40. .1 .1 0. .010. 0. 0. 0. 0. 0. 0. 0. 0. 0. 0. 0. 0. 0. 0. 0. 0. 0. 0. 0.
8G558.0. 0. 0. 0. 0. 0. 0.
8I120.0. 0. 0. 0. 0. 0. 5. 40.3. 0. 0. .1 0. 0. 0. 0. 0. 0. 0. 0. 0. 0. 0. 0.
8I20. 0. 0. 3. 0. 0. 0. 0. 1. .010. 0. 0. .1 0. .010. 0. 0. 0. 0. 0. 0. .5 0.
8I30. 0. 0. 0. 0. 0. 0. 0. 0. 0. 0. 0. 0. 0. 0. 0. 0. 0. 0. 0. 0. 0. 0. 0. 0.
8I40. .01.5 0. 0. 0. 0. 0. 0. 0. 0. 0. 0. 0. 0. 0. 0. 0. 0. 0. 0. 0. 0. 0. 0.
8I561.0. 0. 0. 0. 0. 0. 0.
0A16. 0. 0. 0. 0. 0. 0. 5. 6. 6. 0. 0. 0. 0. 0. 0. 0. 0. 0. .1 0. 0. 0. 0. 0.
0A20. 0. 0. .5 0. 0. 0. 0. 1. .010. 0. 0. 0. 0. .010. .1 0. 0. 0. 0. 0. 2. 0.
0A30. 0. 0. 0. 0. 0. 0. 0. 0. 0. 0. 0. 0. 0. 0. 0. 0. 0. 0. 0. 0. 0. 0. 0. 0.
0A40. .1 .010. .1 0. 0. 0. 0. 0. 0. 0. 0. 0. 0. 0. 0. 0. 0. 0. 0. 0. 0. 0. 0.
0A558.0. 0. 0. 0. 0. 0. 0.
0C110.0. 0. 0. 0. 0. 0. 5. 8. 8. 0. 0. 0. 0. 0. 0. 0. 0. 0. 0. 0. 0. 0. 0. 0.
0C20. 0. 0. 1. 0. 0. 0. 0. 4. .010. 0. 0. .1 0. .1 0. .5 0. 0. 0. 0. 0. .5 0.
0C30. 0. 0. 0. 0. 0. 0. 0. 0. 0. 0. 0. 0. 0. 0. 0. 0. 0. 0. 0. 0. 0. 0. 0. 0.
0C40. .1 .1 0. .010. 0. 0. 0. 0. 0. 0. 0. 0. 0. 0. 0. 0. 0. 0. 0. 0. 0. 0. 0.
0C557.0. 0. 0. 0. 0. 0. 0.
0E115.0. 0. 0. 0. 0. 0. 6. 5. 5. 0. 0. .1 0. 0. 0. 0. 0. 0. 0. 0. 0. 0. 0. 0.
0E20. 0. 0. 1. 0. 0. 0. 0. 3. 0. 0. 0. 0. .1 0. 0. 0. .1 0. 0. 0. 0. 0. 2. 0.
0E30. 0. 0. 0. 0. 0. 0. 0. 0. 0. 0. 0. 0. 0. 0. 0. 0. 0. 0. 0. 0. 0. 0. 0. 0.
0E40. .1 0. 0. 0. 0. 0. 0. 0. 0. 0. 0. 0. 0. 0. 0. 0. 0. 0. 0. 0. 0. 0. 0. 0.
0E557.0. 0. 0. 0. 0. 0. 0.
0G15. 0. 0. 0. 0. 0. 0. 3. 5. 6. 0. 0. .010. 0. 0. 0. 0. 0. 0. 0. 0. 0. 0. 0.
0G20. 0. 0. 1. 0. 0. 0. 0. .5 0. 0. 0. 0. .010. .1 0. .1 .010. 0. 0. 0. 0. 0.
0G30. 0. 0. 0. 0. 0. 0. .5 0. 0. 0. 0. 0. 0. 0. 0. 0. 0. 0. 0. 0. 0. 0. 0. 0.
0G40. .1 0. 0. .010. 0. 0. 0. 0. 0. 0. 0. 0. 0. 0. 0. 0. 0. 0. 0. 0. 0. 0. 0.
0G558.0. 0. 0. 0. 0. 0. 0.
0I13. 0. 0. 0. 0. 0. 0. 3. 2. 4. 0. 0. 0. 0. 0. 0. 0. 0. 0. 0. 0. 0. 0. 0. 0.
0I20. 0. 0. 1. 0. 0. 0. 0. 1. .010. 0. 0. .010. .1 0. 0. .1 0. 0. 0. 0. 0. 0.
0I30. 0. 0. 0. 0. 0. 0. 0. 0. 0. 0. 0. 0. 0. 0. 0. 0. 0. 0. 0. 0. 0. 0. 0. 0.
0I40. .1 0. 0. .1 0. 0. 0. 0. 0. 0. 0. 0. 0. 0. 0. 0. 0. 0. 0. 0. 0. 0. 0. 0.
0I560.0. 0. 0. 0. 0. 0. 0.
2A110.0. 0. 0. 0. 0. 0. 4. 8. 2. 0. 0. 0. 0. 0. 0. 0. 0. 0. 0. 0. 0. 0. 0. 0.
2A20. 0. 0. 1. 0. 0. 0. 0. 2. .010. 0. 0. 0. 0. 0. 0. .1 0. 0. 0. 0. 0. 2. 0.
2A30. 0. 0. 0. 0. 0. 0. 0. 0. 0. 0. 0. 0. 0. 0. 0. 0. 0. 0. 0. 0. 0. 0. 0. 0.
2A40. .1 0. 0. 0. 0. 0. 0. 0. 0. 0. 0. 0. 0. 0. 0. 0. 0. 0. 0. 0. 0. 0. 0. 0.
2A559.0. 0. 0. 0. 0. 0. 0.
2C18. 0. 0. 0. 0. 0. 0. 12.15.4. 0. 0. 0. 0. 0. 0. 0. 0. 0. 0. 0. 0. 0. 0. 0.
2C20. 0. 0. 1. 0. 0. 0. .013. .010. 0. 0. .1 0. 0. 0. .1 0. 0. .1 0. 0. 2. 0.
2C30. 0. 0. 0. 0. 0. 0. 0. 0. 0. 0. 0. 0. 0. 0. 0. 0. 0. 0. 0. 0. 0. 0. 0. 0.
2C40. .1 0. 0. .1 0. 0. 0. 0. 0. 0. 0. 0. 0. 0. 0. 0. 0. 0. 0. 0. 0. 0. 0. 0.
2C560.0. 0. 0. 0. 0. 0. 0.
2E120.0. 0. 0. 0. 0. 0. 4. 6. 3. 0. 0. .1 0. 0. 0. 0. 0. 0. 0. 0. 0. 0. 0. 0.
2E20. 0. 0. .5 0. 0. 0. 0. 2. .010. 0. 0. .5 0. .011. 0. 0. 0. 0. 0. 0. 2. 0.
2E30. 0. 0. 0. 0. 0. 0. 0. 0. 0. 0. 0. 0. 0. 0. 0. 0. 0. 0. 0. 0. 0. 0. 0. 0.
2E40. .1 .010. 0. 0. 0. 0. 0. 0. 0. 0. 0. 0. 0. 0. 0. 0. 0. 0. 0. 0. 0. 0. 0.
2E559.0. 0. 0. 0. 0. 0. 0.
2G112.0. 0. 0. 0. 0. 0. 5. 2. 10.0. 0. .1 0. 0. 0. 0. 0. 0. 0. 0. 0. 0. 0. 0.
2G20. 0. 0. 1. 0. 0. 0. .014. 0. 0. 0. 0. 0. 0. .010. 0. 0. 0. 0. 0. 0. 0. 0.
2G30. 0. 0. 0. 0. 0. 0. 0. 0. 0. 0. 0. 0. 0. 0. 0. 0. 0. 0. 0. 0. 0. 0. 0. 0.
2G40. .1 0. 0. .010. 0. 0. 0. 0. 0. 0. 0. 0. 0. 0. 0. 0. 0. 0. 0. 0. 0. 0. 0.
2G560.0. 0. 0. 0. 0. 0. 0.
2I115.0. 0. 0. 0. 0. 0. 2. 5. 3. 0. 0. .010. .1 0. 0. 0. 0. 0. 0. 0. 0. 0. 0.
2I20. 0. 0. 1. 0. 0. 0. 0. 3. 0. 0. 0. 0. .1 0. .1 0. .1 0. 0. 0. 0. 0. .5 0.
2I30. 0. 0. 0. 0. 0. 0. 0. 0. 0. 0. 0. 0. 0. 0. 0. 0. 0. 0. 0. 0. 0. 0. 0. 0.
2I40. .1 0. 0. .010. 0. 0. 0. 0. 0. 0. 0. 0. 0. 0. 0. 0. 0. 0. 0. 0. 0. 0. 0.
2I558.0. 0. 0. 0. 0. 0. 0.
4A112.0. 0. 0. 0. 0. 0. 12.20..5 0. 0. .5 0. 0. 0. 0. .5 0. 2. 0. 0. 0. 0. 0.
4A20. 0. 0. 1. 0. 0. 0. 0. .5 .010. 0. 0. 0. 0. .010. .1 0. 0. 0. 0. 0. 1. 0.
4A30. 0. 0. 0. 0. 0. 0. 0. 0. 0. 0. 0. 0. 0. 0. 0. 0. 0. 0. 0. 0. 0. 0. 0. 0.
4A40. .1 0. 0. .1 .1 0. 0. 0. 0. 0. 0. 0. 0. 0. 0. 0. 0. 0. 0. 0. 0. 0. 0. 0.
4A560.0. 0. 0. 0. 0. 0. 0.
4C18. 0. 0. 0. 0. 0. 0. 5. 10.2. 0. 0. 0. 0. 0. 0. 0. 0. 0. 2. 0. 0. 0. 0. 0.
4C20. 0. 0. .5 0. 0. 0. 0. 1. .010. 0. 0. 0. 0. 0. 2. 0. 0. 0. 0. 0. 0. .5 0.
4C30. 0. 0. 0. 0. 0. 0. 0. 0. 0. 0. 0. 0. 0. 0. 0. 0. 0. 0. 0. 0. 0. 0. 0. 0.
4C40. .1 0. 0. .01.010. 0. 0. 0. 0. 0. 0. 0. 0. 0. 0. 0. 0. 0. 0. 0. 0. 0. 0.
4C562.0. 0. 0. 0. 0. 0. 0.
4E120.0. 0. 0. 0. 0. 0. 6. 20..5 0. 0. 0. 0. 0. 0. 0. 0. 0. 0. 0. 0. 0. 0. 0.
4E20. 0. 0. .5 0. 0. 0. 0. .5 .1 0. 0. 0. 0. 0. .1 .1 0. 0. 0. 0. 0. 0. 2. 0.
4E30. 0. 0. 0. 0. 0. 0. 0. 0. 0. 0. 0. 0. 0. 0. 0. 0. 0. 0. 0. 0. 0. 0. 0. 0.
4E40. .1 .1 0. .1 0. 0. 0. 0. 0. 0. 0. 0. 0. 0. 0. 0. 0. 0. 0. 0. 0. 0. 0. 0.
4E561.0. 0. 0. 0. 0. 0. 0.
4G115.0. 0. 0. 0. 0. 0. 12.15.3. 0. 0. 0. 0. 0. 0. 0. 0. 0. 0. 0. 0. 0. 0. 0.
4G20. 0. 0. .5 0. 0. 0. 0. 1. .1 0. 0. 0. .1 0. 0. 0. .1 0. 0. 0. 0. 0. 2. 0.
4G30. 0. 0. 0. 0. 0. 0. 0. 0. 0. 0. 0. 0. 0. 0. 0. 0. 0. 0. 0. 0. 0. 0. 0. 0.
4G40. .010. 0. .1 0. 0. 0. 0. 0. 0. 0. 0. 0. 0. 0. 0. 0. 0. 0. 0. 0. 0. 0. 0.
4G560.0. 0. 0. 0. 0. 0. 0.
4I117.0. 0. 0. 0. 0. 0. 8. 10.6. 0. 0. 0. 0. 0. 0. 0. 0. 0. 0. 0. 0. 0. 0. 0.
4I20. 0. 0. .5 0. 0. 0. 0. 1. 0. 0. 0. 0. 1. 0. .011. 0. 0. 0. 0. 0. 0. 1. 0.
4I30. 0. 0. 0. 0. 0. 0. 0. 0. 0. 0. 0. 0. 0. 0. 0. 0. 0. 0. 0. 0. 0. 0. 0. 0.
4I40. .1 0. 0. .010. 0. 0. 0. 0. 0. 0. 0. 0. 0. 0. 0. 0. 0. 0. 0. 0. 0. 0. 0.
4I562.0. 0. 0. 0. 0. 0. 0.
6A110.0. 0. 0. 0. 0. 0. 10.8. 0. 0. 0. 0. 0. 0. 0. 0. 0. 0. 0. 0. 0. 0. 0. 0.
6A20. 0. 0. 1. 0. 0. 0. 0. 2. .010. 0. 0. 0. 0. .1 0. .1 0. 0. 0. 0. 0. 2. 0.
6A30. 0. 0. 0. 0. 0. 0. 0. 0. 0. 0. 0. 0. 0. 0. 0. 0. 0. 0. 0. 0. 0. 0. 0. 0.
6A40. .1 .010. .1 .010. 0. 0. 0. 0. 0. 0. 0. 0. 0. 0. 0. 0. 0. 0. 0. 0. 0. 0.
6A564.0. 0. 0. 0. 0. 0. 0.
6C120.0. 0. 0. 0. 0. 0. 5. 10.0. 0. 0. 0. 0. 0. 0. 0. .1 0. .5 0. 0. 0. 0. 0.
6C20. 0. 0. 1. 0. 0. 0. 0. 3. 0. 0. 0. 0. 0. 0. 0. 0. 0. 0. 0. .1 0. 0. .5 0.
6C30. 0. 0. 0. 0. 0. 0. 0. 0. 0. 0. 0. 0. 0. 0. 0. 0. 0. 0. 0. 0. 0. 0. 0. 0.
6C40. .1 .1 0. .1 .1 0. 0. 0. 0. 0. 0. 0. 0. 0. 0. 0. 0. 0. 0. 0. 0. 0. 0. 0.
6C562.0. 0. 0. 0. 0. 0. 0.
6E110.0. 0. 0. 0. 0. 0. 4. 6. 4. .1 0. .1 0. 0. 0. 0. 0. 0. 0. 0. 0. 0. 0. 0.
6E20. 0. 0. .5 0. 0. 0. 0. 1. .010. 0. 0. 1. 0. 0. 0. 0. 0. 0. .1 0. 0. .1 0.
6E30. 0. 0. 0. 0. 0. 0. 0. 0. 0. 0. 0. 0. 0. 0. 0. 0. 0. 0. 0. 0. 0. 0. 0. 0.
6E40. .1 .010. .1 .1 0. 0. 0. 0. 0. 0. 0. 0. 0. 0. 0. 0. 0. 0. 0. 0. 0. 0. 0.
6E566.0. 0. 0. 0. 0. 0. 0.
6G115.0. 0. 0. 0. 0. 0. 12.10.20..5 0. 0. 0. 0. 0. 0. 0. 0. 0. 0. 0. 0. 0. 0.
6G20. 0. 0. 1. 0. 0. 0. 0. 1. .010. 0. 0. .1 0. .010. .1 0. 0. 0. 0. 0. 2. 0.
6G30. 0. 0. 0. 0. 0. 0. 0. 0. 0. 0. 0. 0. 0. 0. 0. 0. 0. 0. 0. 0. 0. 0. 0. 0.
6G40. .1 .1 0. .1 0. 0. 0. 0. 0. 0. 0. 0. 0. 0. 0. 0. 0. 0. 0. 0. 0. 0. 0. 0.
6G566.0. 0. 0. 0. 0. 0. 0.
6I120.0. 0. 0. 0. 0. 0. 5. 8. 6. 0. 0. 0. 0. 0. 0. 0. 0. 0. 0. 0. 0. 0. 0. 0.
6I20. 0. 0. 1. 0. 0. 0. 0. .5 .010. 0. 0. .5 0. .010. 0. 0. 0. 0. 0. 0. 4. 0.
6I30. 0. 0. 0. 0. 0. 0. 0. 0. 0. 0. 0. 0. 0. 0. 0. 0. 0. 0. 0. 0. 0. 0. 0. 0.
6I40. .1 0. 0. .1 0. 0. 0. 0. 0. 0. 0. 0. 0. 0. 0. 0. 0. 0. 0. 0. 0. 0. 0. 0.
6I562.0. 0. 0. 0. 0. 0. 0.
8A112.0. 0. 0. 0. 0. 0. 5. 10.3. .5 0. 0. 0. 0. 0. 0. 0. 0. 0. 0. 0. 0. 0. 0.
8A20. 0. 0. .5 0. 0. 0. 0. 1. .010. 0. 0. 0. 0. 0. 0. .5 0. 0. 0. 0. 0. .5 0.
8A30. 0. 0. 0. 0. 0. 0. 0. 0. 0. 0. 0. 0. 0. 0. 0. 0. 0. 0. 0. 0. 0. 0. 0. 0.
8A40. .5 .010. .01.1 0. 0. 0. 0. 0. 0. 0. 0. 0. 0. 0. 0. 0. 0. 0. 0. 0. 0. 0.
8A565.0. 0. 0. 0. 0. 0. 0.
8C18. 0. 0. 0. 0. 0. 0. 10.25.3. 0. 0. 0. 0. 0. 0. 0. 0. 0. 0. 0. 0. 0. 0. 0.
8C20. 0. 0. 1. 0. 0. 0. 0. 5. 0. 0. 0. 0. 0. 0. .1 0. .5 0. 0. 0. 0. 0. .5 0.
8C30. 0. 0. 0. 0. 0. 0. 0. 0. 0. 0. 0. 0. 0. 0. 0. 0. 0. 0. 0. 0. 0. 0. 0. 0.
8C40. .5 0. 0. .1 0. 0. 0. 0. 0. 0. 0. 0. 0. 0. 0. 0. 0. 0. 0. 0. 0. 0. 0. 0.
8C564.0. 0. 0. 0. 0. 0. 0.
8E16. 0. 0. 0. 0. 0. 0. 10.8. 3. .5 0. 1. 0. 0. 0. 0. .5 0. 0. 0. 0. 0. 0. 0.
8E20. 0. 0. 1. 0. 0. 0. 0. 1. .010. 0. 0. 1. 0. 0. 0. .1 0. 0. 0. 0. 0. 1. 0.
8E30. 0. 0. 0. 0. 0. 0. 0. 0. 0. 0. 0. 0. 0. 0. 0. 0. 0. 0. 0. 0. 0. 0. 0. 0.
8E40. .1 0. 0. .01.1 0. 0. 0. 0. 0. 0. 0. 0. 0. 0. 0. 0. 0. 0. 0. 0. 0. 0. 0.
8E562.0. 0. 0. 0. 0. 0. 0.
8G117.0. 0. 0. 0. 0. 0. 4. 15.20.2. 0. 0. 0. 0. 0. 0. 0. 0. 0. 0. 0. 0. 0. 0.
8G20. 0. 0. 1. 0. 0. 0. .013. .1 0. 0. 0. .5 0. .010. .1 0. 0. 0. 0. 0. 4. 0.
8G30. 0. 0. 0. 0. 0. 0. 0. 0. 0. 0. 0. 0. 0. 0. 0. 0. 0. 0. 0. 0. 0. 0. 0. 0.
8G40. .5 .5 0. .1 0. 0. 0. 0. 0. 0. 0. 0. 0. 0. 0. 0. 0. 0. 0. 0. 0. 0. 0. 0.
8G563.0. 0. 0. 0. 0. 0. 0.
8I120.0. 0. 0. 0. 0. 0. 6. 25.4. 0. 0. .5 0. 0. 0. 0. 0. 0. 0. 0. 0. 0. 0. 0.
8I20. 0. 0. 10.0. 0. 0. 0. 2. .1 0. 0. 0. .5 0. 0. 0. .1 0. 0. 0. 0. 0. 40.0.
8I30. 0. 0. 0. 0. 0. 0. 0. 0. 0. 0. 0. 0. 0. 0. 0. 0. 0. 0. 0. 0. 0. 0. 0. 0.
8I40. .011. 0. .010. 0. 0. 0. 0. 0. 0. 0. 0. 0. 0. 0. 0. 0. 0. 0. 0. 0. 0. 0.
8I562.0. 0. 0. 0. 0. 0. 0.
0A15. 0. 0. 0. 0. 0. 0. 4. 4. 3. 0. 0. 0. 0. 0. 0. 0. 0. 0. 0. 0. 0. 0. 0. 0.
0A20. 0. 0. .5 0. 0. 0. 0. 2. .010. 0. 0. .1 0. 0. 0. .1 0. 0. 0. 0. 0. 1. 0.
0A30. 0. 0. 0. 0. 0. 0. 0. 0. 0. 0. 0. 0. 0. 0. 0. 0. 0. 0. 0. 0. 0. 0. 0. 0.
0A40. .1 .1 0. .1 0. 0. 0. 0. 0. 0. 0. 0. 0. 0. 0. 0. 0. 0. 0. 0. 0. 0. 0. 0.
0A564.0. 0. 0. 0. 0. 0. 0.
0C18. 0. 0. 0. 0. 0. 0. 4. 6. 4. 0. 0. 0. 0. 0. 0. 0. 0. 0. 0. 0. 0. 0. 0. 0.
0C20. 0. 0. 1. 0. 0. 0. 0. 2. 0. 0. 0. 0. .1 0. .1 0. .1 0. 0. 0. 0. 0. .1 0.
0C30. 0. 0. 0. 0. 0. 0. 0. 0. 0. 0. 0. 0. 0. 0. 0. 0. 0. 0. 0. 0. 0. 0. 0. 0.
0C40. .1 .1 0. .010. 0. 0. 0. 0. 0. 0. 0. 0. 0. 0. 0. 0. 0. 0. 0. 0. 0. 0. 0.
0C563.0. 0. 0. 0. 0. 0. 0.
0E112.0. 0. 0. 0. 0. 0. 4. 2. 3. 0. 0. .5 0. 0. 0. 0. 0. 0. 0. 0. 0. 0. 0. 0.
0E20. 0. 0. 1. 0. 0. 0. 0. 3. 0. 0. 0. 0. .1 0. .1 0. 0. .010. 0. 0. 0. 1. 0.
0E30. 0. 0. 0. 0. 0. 0. 0. 0. 0. 0. 0. 0. 0. 0. 0. 0. 0. 0. 0. 0. 0. 0. 0. 0.
0E40. .1 0. 0. .010. 0. 0. 0. 0. 0. 0. 0. 0. 0. 0. 0. 0. 0. 0. 0. 0. 0. 0. 0.
0E563.0. 0. 0. 0. 0. 0. 0.
0G13. 0. 0. 0. 0. 0. 0. 2. 3. 4. 0. 0. .1 0. 0. 0. 0. 0. 0. 0. 0. 0. 0. 0. 0.
0G20. 0. 0. .5 0. 0. 0. 0. .1 0. 0. 0. 0. .1 0. 0. 0. .1 0. 0. 0. 0. 0. .010.
0G30. 0. 0. 0. 0. 0. 0. 0. 0. 0. 0. 0. 0. 0. 0. 0. 0. 0. 0. 0. 0. 0. 0. 0. 0.
0G40. .1 0. 0. .1 0. 0. 0. 0. 0. 0. 0. 0. 0. 0. 0. 0. 0. 0. 0. 0. 0. 0. 0. 0.
0G564.0. 0. 0. 0. 0. 0. 0.
0I13. 0. 0. 0. 0. 0. 0. 3. 1. 3. 0. 0. .1 0. 0. 0. 0. 0. 0. 0. 0. 0. 0. 0. 0.
0I20. 0. 0. .5 0. 0. 0. 0. 1. .010. 0. 0. 0. 0. .1 0. 0. .5 0. 0. 0. 0. 0. 0.
0I30. 0. 0. 0. 0. 0. 0. 0. 0. 0. 0. 0. 0. 0. 0. 0. 0. 0. 0. 0. 0. 0. 0. 0. 0.
0I40. .1 0. 0. .5 0. 0. 0. 0. 0. 0. 0. 0. 0. 0. 0. 0. 0. 0. 0. 0. 0. 0. 0. 0.
0I566.0. 0. 0. 0. 0. 0. 0.
2A110.0. 0. 0. 0. 0. 0. 4. 8. 4. 0. 0. 0. 0. 0. 0. 0. 0. 0. 0. 0. 0. 0. 0. 0.
2A20. 0. 0. 1. 0. 0. 0. 0. 1. .010. 0. 0. 0. 0. 0. 0. 0. 0. 0. 0. 0. 0. 3. 0.
2A30. 0. 0. 0. 0. 0. 0. 0. 0. 0. 0. 0. 0. 0. 0. 0. 0. 0. 0. 0. 0. 0. 0. 0. 0.
2A40. .1 0. 0. .1 0. 0. 0. 0. 0. 0. 0. 0. 0. 0. 0. 0. 0. 0. 0. 0. 0. 0. 0. 0.
2A563.0. 0. 0. 0. 0. 0. 0.
2C15. 0. 0. 0. 0. 0. 0. 8. 12.1. 0. 0. 0. 0. 0. 0. 0. 0. 0. 0. 0. 0. 0. 0. 0.
2C20. 0. 0. .5 0. 0. 0. 0. 3. 0. 0. 0. 0. 0. 0. 0. 0. 0. 0. 0. .1 0. 0. 2. 0.
2C30. 0. 0. 0. 0. 0. 0. 0. 0. 0. 0. 0. 0. 0. 0. 0. 0. 0. 0. 0. 0. 0. 0. 0. 0.
2C40. .5 0. 0. .1 0. 0. 0. 0. 0. 0. 0. 0. 0. 0. 0. 0. 0. 0. 0. 0. 0. 0. 0. 0.
2C564.0. 0. 0. 0. 0. 0. 0.
2E115.0. 0. 0. 0. 0. 0. 4. 5. 4. 0. 0. 0. 0. 0. 0. 0. 0. 0. 0. 0. 0. 0. 0. 0.
2E20. 0. 0. .5 0. 0. 0. 0. 1. 0. 0. 0. 0. .5 0. .1 1. 0. 0. 0. 0. 0. 0. 2. 0.
2E30. 0. 0. 0. 0. 0. 0. 0. 0. 0. 0. 0. 0. 0. 0. 0. 0. 0. 0. 0. 0. 0. 0. 0. 0.
2E40. .1 .010. 0. 0. 0. 0. 0. 0. 0. 0. 0. 0. 0. 0. 0. 0. 0. 0. 0. 0. 0. 0. 0.
2E562.0. 0. 0. 0. 0. 0. 0.
2G18. 0. 0. 0. 0. 0. 0. 4. 2. 8. 0. 0. .5 0. 0. 0. 0. 0. 0. 0. 0. 0. 0. 0. 0.
2G20. 0. 0. 2. 0. 0. 0. 0. 4. .010. 0. 0. 0. 0. .1 0. 0. 0. 0. 0. 0. 0. 0. 0.
2G30. 0. 0. 0. 0. 0. 0. 0. 0. 0. 0. 0. 0. 0. 0. 0. 0. 0. 0. 0. 0. 0. 0. 0. 0.
2G40. .5 0. 0. .010. 0. 0. 0. 0. 0. 0. 0. 0. 0. 0. 0. 0. 0. 0. 0. 0. 0. 0. 0.
2G565.0. 0. 0. 0. 0. 0. 0.
2I110.0. 0. 0. 0. 0. 0. 3. 5. 4. 0. 0. .1 0. .1 0. 0. 0. 0. 0. 0. 0. 0. 0. 0.
2I20. 0. 0. 1. 0. 0. 0. 0. 2. 0. 0. 0. 0. .5 0. .1 0. .1 0. 0. 0. 0. 0. 1. 0.
2I30. 0. 0. 0. 0. 0. 0. 0. 0. 0. 0. 0. 0. 0. 0. 0. 0. 0. 0. 0. 0. 0. 0. 0. 0.
2I40. .5 0. 0. .1 0. 0. 0. 0. 0. 0. 0. 0. 0. 0. 0. 0. 0. 0. 0. 0. 0. 0. 0. 0.
2I562.0. 0. 0. 0. 0. 0. 0.
4A112.0. 0. 0. 0. 0. 0. 6. 15.0. 0. 0. .5 0. 0. 0. 0. .5 0. 2. 0. 0. 0. 0. 0.
4A20. 0. 0. 1. 0. 0. 0. 0. 1. .010. 0. 0. 0. 0. .1 0. .1 0. 0. 0. 0. 0. 3. 0.
4A30. 0. 0. 0. 0. 0. 0. 0. 0. 0. 0. 0. 0. 0. 0. 0. 0. 0. 0. 0. 0. 0. 0. 0. 0.
4A40. .1 .1 0. .1 .5 0. 0. 0. 0. 0. 0. 0. 0. 0. 0. 0. 0. 0. 0. 0. 0. 0. 0. 0.
4A563.0. 0. 0. 0. 0. 0. 0.
4C15. 0. 0. 0. 0. 0. 0. 2. 8. 2. 0. 0. 0. 0. 0. 0. 0. 0. 0. 2. 0. 0. 0. 0. 0.
4C20. 0. 0. .5 0. 0. 0. 0. 1. .010. 0. 0. 0. 0. 0. 1. 0. 0. 0. 0. 0. 0. 2. 0.
4C30. 0. 0. 0. 0. 0. 0. 0. 0. 0. 0. 0. 0. 0. 0. 0. 0. 0. 0. 0. 0. 0. 0. 0. 0.
4C40. .1 0. 0. .1 .010. 0. 0. 0. 0. 0. 0. 0. 0. 0. 0. 0. 0. 0. 0. 0. 0. 0. 0.
4C562.0. 0. 0. 0. 0. 0. 0.
4E115.0. 0. 0. 0. 0. 0. 4. 15.1. 0. 0. 0. 0. 0. 0. 0. 0. 0. 0. 0. 0. 0. 0. 0.
4E20. 0. 0. .5 0. 0. 0. 0. .5 .010. 0. 0. 0. 0. .1 0. 0. 0. 0. 0. 0. 0. 2. 0.
4E30. 0. 0. 0. 0. 0. 0. 0. 0. 0. 0. 0. 0. 0. 0. 0. 0. 0. 0. 0. 0. 0. 0. 0. 0.
4E40. .1 .1 0. .1 0. 0. 0. 0. 0. 0. 0. 0. 0. 0. 0. 0. 0. 0. 0. 0. 0. 0. 0. 0.
4E563.0. 0. 0. 0. 0. 0. 0.
4G112.0. 0. 0. 0. 0. 0. 5. 10.3. 0. 0. 0. 0. 0. 0. 0. 0. 0. 0. 0. 0. 0. 0. 0.
4G20. 0. 0. .5 0. 0. 0. 0. 1. 0. 0. 0. 0. 1. 0. .010. 0. 0. 0. 0. 0. 0. 2. 0.
4G30. 0. 0. 0. 0. 0. 0. 0. 0. 0. 0. 0. 0. 0. 0. 0. 0. 0. 0. 0. 0. 0. 0. 0. 0.
4G40. .1 0. 0. .1 0. 0. 0. 0. 0. 0. 0. 0. 0. 0. 0. 0. 0. 0. 0. 0. 0. 0. 0. 0.
4G565.0. 0. 0. 0. 0. 0. 0.
4I112.0. 0. 0. 0. 0. 0. 4. 10.4. 0. 0. 0. 0. 0. 0. 0. 0. 0. 0. 0. 0. 0. 0. 0.
4I20. 0. 0. .5 0. 0. 0. 0. 1. 0. 0. 0. 0. 1. 0. 0. 1. 0. 0. 0. 0. 0. 0. .5 0.
4I30. 0. 0. 0. 0. 0. 0. 0. 0. 0. 0. 0. 0. 0. 0. 0. 0. 0. 0. 0. 0. 0. 0. 0. 0.
4I40. .5 0. 0. .010. 0. 0. 0. 0. 0. 0. 0. 0. 0. 0. 0. 0. 0. 0. 0. 0. 0. 0. 0.
4I562.0. 0. 0. 0. 0. 0. 0.
6A16. 0. 0. 0. 0. 0. 0. 8. 10..5 0. 0. 0. 0. 0. 0. 0. 0. 0. 0. 0. 0. 0. 0. 0.
6A20. 0. 0. 1. 0. 0. 0. 0. 2. .1 0. 0. 0. 0. 0. .1 0. 0. 0. 0. 0. 0. 0. 2. 0.
6A30. 0. 0. 0. 0. 0. 0. 0. 0. 0. 0. 0. 0. 0. 0. 0. 0. 0. 0. 0. 0. 0. 0. 0. 0.
6A40. .1 0. 0. .1 .010. 0. 0. 0. 0. 0. 0. 0. 0. 0. 0. 0. 0. 0. 0. 0. 0. 0. 0.
6A561.0. 0. 0. 0. 0. 0. 0.
6C115.0. 0. 0. 0. 0. 0. 8. 15.0. 0. 0. 0. 0. 0. 0. 0. .1 0. 1. 0. 0. 0. 0. 0.
6C20. 0. 0. 2. 0. 0. 0. 0. 2. 0. 0. 0. 0. 0. 0. .010. 0. 0. 0. .5 0. 0. 2. 0.
6C30. 0. 0. 0. 0. 0. 0. 0. 0. 0. 0. 0. 0. 0. 0. 0. 0. 0. 0. 0. 0. 0. 0. 0. 0.
6C40. .5 0. 0. .1 .1 0. 0. 0. 0. 0. 0. 0. 0. 0. 0. 0. 0. 0. 0. 0. 0. 0. 0. 0.
6C561.0. 0. 0. 0. 0. 0. 0.
6E16. 0. 0. 0. 0. 0. 0. 4. 5. 2. .1 0. .5 0. 0. 0. 0. 0. 0. 0. 0. 0. 0. 0. 0.
6E20. 0. 0. .5 0. 0. 0. 0. 1. 0. 0. 0. 0. 1. 0. 0. 0. .1 0. 0. .1 0. 0. 1. 0.
6E30. 0. 0. 0. 0. 0. 0. 0. 0. 0. 0. 0. 0. 0. 0. 0. 0. 0. 0. 0. 0. 0. 0. 0. 0.
6E40. .1 0. 0. .5 .010. 0. 0. 0. 0. 0. 0. 0. 0. 0. 0. 0. 0. 0. 0. 0. 0. 0. 0.
6E562.0. 0. 0. 0. 0. 0. 0.
6G17. 0. 0. 0. 0. 0. 0. 6. 12.15.0. 0. 0. 0. 0. 0. 0. 0. 0. 0. 0. 0. 0. 0. 0.
6G20. 0. 0. .5 0. 0. 0. 0. .5 0. 0. 0. 0. .1 0. .1 0. .1 0. 0. 0. 0. 0. 2. 0.
6G30. 0. 0. 0. 0. 0. 0. 0. 0. 0. 0. 0. 0. 0. 0. 0. 0. 0. 0. 0. 0. 0. 0. 0. 0.
6G40. .1 0. 0. .1 .1 0. 0. 0. 0. 0. 0. 0. 0. 0. 0. 0. 0. 0. 0. 0. 0. 0. 0. 0.
6G562.0. 0. 0. 0. 0. 0. 0.
6I115.0. 0. 0. 0. 0. 0. 5. 8. 4. 0. 0. 0. 0. 0. 0. 0. 0. 0. 0. 0. 0. 0. 0. 0.
6I20. 0. 0. 1. 0. 0. 0. 0. .5 0. 0. 0. 0. 1. 0. .1 0. .010. 0. 0. 0. 0. 5. 0.
6I30. 0. 0. 0. 0. 0. 0. 0. 0. 0. 0. 0. 0. 0. 0. 0. 0. 0. 0. 0. 0. 0. 0. 0. 0.
6I40. .1 .1 0. .1 0. 0. 0. 0. 0. 0. 0. 0. 0. 0. 0. 0. 0. 0. 0. 0. 0. 0. 0. 0.
6I562.0. 0. 0. 0. 0. 0. 0.
8A110.0. 0. 0. 0. 0. 0. 6. 10.4. .5 0. 0. 0. 0. 0. 0. 0. 0. 0. 0. 0. 0. 0. 0.
8A20. 0. 0. 1. 0. 0. 0. 0. 4. .010. 0. 0. 0. 0. .1 0. .1 0. 0. 0. 0. 0. .1 0.
8A30. 0. 0. 0. 0. 0. 0. 0. 0. 0. 0. 0. 0. 0. 0. 0. 0. 0. 0. 0. 0. 0. 0. 0. 0.
8A40. .1 .1 0. .1 .1 0. 0. 0. 0. 0. 0. 0. 0. 0. 0. 0. 0. 0. 0. 0. 0. 0. 0. 0.
8A562.0. 0. 0. 0. 0. 0. 0.
8C15. 0. 0. 0. 0. 0. 0. 8. 10.3. 0. 0. 0. 0. 0. 0. 0. 0. 0. 0. 0. 0. 0. 0. 0.
8C20. 0. 0. 3. 0. 0. 0. 0. 4. 0. 0. 0. 0. 0. 0. .1 0. .1 0. 0. 0. 0. 0. .1 0.
8C30. 0. 0. 0. 0. 0. 0. 0. 0. 0. 0. 0. 0. 0. 0. 0. 0. 0. 0. 0. 0. 0. 0. 0. 0.
8C40. 1. 0. 0. .010. 0. 0. 0. 0. 0. .010. 0. 0. 0. 0. 0. 0. 0. 0. 0. 0. 0. 0.
8C561.0. 0. 0. 0. 0. 0. 0.
8E14. 0. 0. 0. 0. 0. 0. 8. 8. 2. .5 0. 1. 0. 0. 0. 0. .5 0. 0. 0. 0. 0. 0. 0.
8E20. 0. 0. .5 0. 0. 0. 0. 1. .010. 0. 0. 1. 0. 0. 0. .1 0. 0. 0. 0. 0. 1. 0.
8E30. 0. 0. 0. 0. 0. 0. 0. 0. 0. 0. 0. 0. 0. 0. 0. 0. 0. 0. 0. 0. 0. 0. 0. 0.
8E40. .5 .010. .1 .1 0. 0. 0. 0. 0. 0. 0. 0. 0. 0. 0. 0. 0. 0. 0. 0. 0. 0. 0.
8E560.0. 0. 0. 0. 0. 0. 0.
8G112.0. 0. 0. 0. 0. 0. 4. 25.10.3. 0. 0. 0. 0. 0. 0. 0. 0. 0. 0. 0. 0. 0. 0.
8G20. 0. 0. 1. 0. 0. 0. 0. 1. .010. 0. 0. .5 0. 0. 0. .1 0. 0. 0. 0. 0. 5. 0.
8G30. 0. 0. 0. 0. 0. 0. 0. 0. 0. 0. 0. 0. 0. 0. 0. 0. 0. 0. 0. 0. 0. 0. 0. 0.
8G40. .5 .1 0. .1 .1 0. 0. 0. 0. 0. 0. 0. 0. 0. 0. 0. 0. 0. 0. 0. 0. 0. 0. 0.
8G559.0. 0. 0. 0. 0. 0. 0.
8I112.0. 0. 0. 0. 0. 0. 5. 25.4. 0. 0. .5 0. 0. 0. 0. 0. 0. 0. 0. 0. 0. 0. 0.
8I20. 0. 0. 5. 0. 0. 0. 0. .5 .1 0. 0. 0. .5 0. 0. 0. .1 0. 0. 0. 0. 0. 30.0.
8I30. 0. 0. 0. 0. 0. 0. 0. 0. 0. 0. 0. 0. 0. 0. 0. 0. 0. 0. 0. 0. 0. 0. 0. 0.
8I40. .1 1. 0. .010. 0. 0. 0. 0. 0. 0. 0. 0. 0. 0. 0. 0. 0. 0. 0. 0. 0. 0. 0.
8I560.0. 0. 0. 0. 0. 0. 0.
0A14. 0. 0. 0. 0. 0. 0. 3. 3. 2. 0. 0. 0. 0. 0. 0. 0. 0. 0. .5 0. 0. 0. 0. 0.
0A20. 0. 0. .1 0. 0. 0. 0. 1. .010. 0. 0. 0. 0. 0. 0. .1 0. 0. 0. 0. 0. 1. 0.
0A30. 0. 0. 0. 0. 0. 0. 0. 0. 0. 0. 0. 0. 0. 0. 0. 0. 0. 0. 0. 0. 0. 0. 0. 0.
0A40. .1 0. 0. .1 .010. 0. 0. 0. 0. 0. 0. 0. 0. 0. 0. 0. 0. 0. 0. 0. 0. 0. 0.
0A562.0. 0. 0. 0. 0. 0. 0.
0C16. 0. 0. 0. 0. 0. 0. 2. 2. 3. 0. 0. 0. 0. 0. 0. 0. 0. 0. 0. 0. 0. 0. 0. 0.
0C20. 0. 0. 1. 0. 0. 0. .012. 0. 0. 0. 0. .010. .1 0. .1 0. 0. 0. 0. 0. .1 0.
0C30. 0. 0. 0. 0. 0. 0. 0. 0. 0. 0. 0. 0. 0. 0. 0. 0. 0. 0. 0. 0. 0. 0. 0. 0.
0C40. .1 0. 0. .01.010. 0. 0. 0. 0. 0. 0. 0. 0. 0. 0. 0. 0. 0. 0. 0. 0. 0. 0.
0C562.0. 0. 0. 0. 0. 0. 0.
0E18. 0. 0. 0. 0. 0. 0. 4. 3. 2. 0. 0. .1 0. 0. 0. 0. 0. 0. 0. 0. 0. 0. 0. 0.
0E20. 0. 0. 1. 0. 0. 0. 0. 2. 0. 0. 0. 0. .1 0. 0. 0. 0. .010. 0. 0. 0. 1. 0.
0E30. 0. 0. 0. 0. 0. 0. 0. 0. 0. 0. 0. 0. 0. 0. 0. 0. 0. 0. 0. 0. 0. 0. 0. 0.
0E40. .5 0. 0. 0. 0. 0. 0. 0. 0. 0. 0. 0. 0. 0. 0. 0. 0. 0. 0. 0. 0. 0. 0. 0.
0E562.0. 0. 0. 0. 0. 0. 0.
0G13. 0. 0. 0. 0. 0. 0. 2. 2. 3. 0. 0. 0. 0. 0. 0. 0. 0. 0. 0. 0. 0. 0. 0. 0.
0G20. 0. 0. .1 0. 0. 0. 0. .5 0. 0. 0. 0. .010. .1 0. .01.010. 0. 0. 0. 0. 0.
0G30. 0. 0. 0. 0. 0. 0. .5 0. 0. 0. 0. 0. 0. 0. 0. 0. 0. 0. 0. 0. 0. 0. 0. 0.
0G40. .1 0. 0. .1 0. 0. 0. 0. 0. 0. 0. 0. 0. 0. 0. 0. 0. 0. 0. 0. 0. 0. 0. 0.
0G562.0. 0. 0. 0. 0. 0. 0.
0I13. 0. 0. 0. 0. 0. 0. 1. .5 2. 0. 0. .010. 0. 0. 0. 0. 0. 0. 0. 0. 0. 0. 0.
0I20. 0. 0. .1 0. 0. 0. 0. .5 0. 0. 0. 0. .010. .1 0. 0. .1 0. 0. 0. 0. .010.
0I30. 0. 0. 0. 0. 0. 0. 0. 0. 0. 0. 0. 0. 0. 0. 0. 0. 0. 0. 0. 0. 0. 0. 0. 0.
0I40. .1 0. 0. .1 0. 0. 0. 0. 0. 0. 0. 0. 0. 0. 0. 0. 0. 0. 0. 0. 0. 0. 0. 0.
0I563.0. 0. 0. 0. 0. 0. 0.
2A14. 0. 0. 0. 0. 0. 0. 2. 4. 2. 0. 0. 0. 0. 0. 0. 0. 0. 0. 0. 0. 0. 0. 0. 0.
2A20. 0. 0. .5 0. 0. 0. 0. 1. .010. 0. 0. 0. 0. 0. 0. 0. 0. 0. 0. 0. 0. 1. 0.
2A30. 0. 0. 0. 0. 0. 0. 0. 0. 0. 0. 0. 0. 0. 0. 0. 0. 0. 0. 0. 0. 0. 0. 0. 0.
2A40. .1 0. 0. .1 0. 0. 0. 0. 0. 0. 0. 0. 0. 0. 0. 0. 0. 0. 0. 0. 0. 0. 0. 0.
2A562.0. 0. 0. 0. 0. 0. 0.
2C14. 0. 0. 0. 0. 0. 0. 10.12..5 0. 0. 0. 0. 0. 0. 0. 0. 0. 0. 0. 0. 0. 0. 0.
2C20. 0. 0. .5 0. 0. 0. 0. 2. .010. 0. 0. .010. .1 0. .1 0. 0. .1 0. 0. 2. 0.
2C30. 0. 0. 0. 0. 0. 0. 0. 0. 0. 0. 0. 0. 0. 0. 0. 0. 0. 0. 0. 0. 0. 0. 0. 0.
2C40. .1 0. 0. .010. 0. 0. 0. 0. 0. 0. 0. 0. 0. 0. 0. 0. 0. 0. 0. 0. 0. 0. 0.
2C562.0. 0. 0. 0. 0. 0. 0.
2E13. 0. 0. 0. 0. 0. 0. 3. 3. 1. 0. 0. .010. 0. 0. 0. 0. 0. 0. 0. 0. 0. 0. 0.
2E20. 0. 0. .5 0. 0. 0. 0. 1. .010. 0. 0. .1 0. .1 .5 0. 0. 0. 0. 0. 0. 2. 0.
2E30. 0. 0. 0. 0. 0. 0. 0. 0. 0. 0. 0. 0. 0. 0. 0. 0. 0. 0. 0. 0. 0. 0. 0. 0.
2E40. .1 .010. .1 0. 0. 0. 0. 0. 0. 0. 0. 0. 0. 0. 0. 0. 0. 0. 0. 0. 0. 0. 0.
2E562.0. 0. 0. 0. 0. 0. 0.
2G18. 0. 0. 0. 0. 0. 0. 2. 2. 5. 0. 0. .1 0. 0. 0. 0. 0. 0. 0. 0. 0. 0. 0. 0.
2G20. 0. 0. .5 0. 0. 0. .012. .010. 0. 0. 0. 0. .1 0. 0. 0. 0. 0. 0. 0. 0. 0.
2G30. 0. 0. 0. 0. 0. 0. 0. 0. 0. 0. 0. 0. 0. 0. 0. 0. 0. 0. 0. 0. 0. 0. 0. 0.
2G40. .1 0. 0. .1 0. 0. 0. 0. 0. 0. 0. 0. 0. 0. 0. 0. 0. 0. 0. 0. 0. 0. 0. 0.
2G563.0. 0. 0. 0. 0. 0. 0.
2I14. 0. 0. 0. 0. 0. 0. 2. 3. 3. 0. 0. .010. .1 0. 0. 0. 0. 0. 0. 0. 0. 0. 0.
2I20. 0. 0. 1. 0. 0. 0. 0. 2. 0. .010. 0. .1 0. .1 0. 0. 0. 0. 0. 0. 0. .1 0.
2I30. 0. 0. 0. 0. 0. 0. 0. 0. 0. 0. 0. 0. 0. 0. 0. 0. 0. 0. 0. 0. 0. 0. 0. 0.
2I40. .1 0. 0. .1 0. 0. 0. 0. 0. 0. 0. 0. 0. 0. 0. 0. 0. 0. 0. 0. 0. 0. 0. 0.
2I562.0. 0. 0. 0. 0. 0. 0.
4A18. 0. 0. 0. 0. 0. 0. 5. 12.0. 0. 0. .5 0. 0. 0. 0. .1 0. 2. 0. 0. 0. 0. 0.
4A20. 0. 0. 1. 0. 0. 0. 0. .5 0. 0. 0. 0. 0. 0. .1 0. .1 0. 0. 0. 0. 0. 2. 0.
4A30. 0. 0. 0. 0. 0. 0. 0. 0. 0. 0. 0. 0. 0. 0. 0. 0. 0. 0. 0. 0. 0. 0. 0. 0.
4A40. .1 0. 0. .01.1 0. 0. 0. 0. 0. 0. 0. 0. 0. 0. 0. 0. 0. 0. 0. 0. 0. 0. 0.
4A562.0. 0. 0. 0. 0. 0. 0.
4C13. 0. 0. 0. 0. 0. 0. 3. 4. .5 0. 0. 0. 0. 0. 0. 0. 0. 0. 1. 0. 0. 0. 0. 0.
4C20. 0. 0. 1. 0. 0. 0. 0. 2. 0. 0. 0. 0. 0. 0. 0. .5 0. 0. 0. 0. 0. 0. 2. 0.
4C30. 0. 0. 0. 0. 0. 0. 0. 0. 0. 0. 0. 0. 0. 0. 0. 0. 0. 0. 0. 0. 0. 0. 0. 0.
4C40. .010. 0. .1 .010. 0. 0. 0. 0. 0. 0. 0. 0. 0. 0. 0. 0. 0. 0. 0. 0. 0. 0.
4C562.0. 0. 0. 0. 0. 0. 0.
4E15. 0. 0. 0. 0. 0. 0. 2. 12.1. 0. 0. 0. 0. 0. 0. 0. 0. 0. 0. 0. 0. 0. 0. 0.
4E20. 0. 0. .5 0. 0. 0. 0. .5 .010. 0. 0. 0. 0. .1 .1 0. 0. 0. 0. 0. 0. 1. 0.
4E30. 0. 0. 0. 0. 0. 0. 0. 0. 0. 0. 0. 0. 0. 0. 0. 0. 0. 0. 0. 0. 0. 0. 0. 0.
4E40. .1 .1 0. .1 0. 0. 0. 0. 0. 0. 0. 0. 0. 0. 0. 0. 0. 0. 0. 0. 0. 0. 0. 0.
4E562.0. 0. 0. 0. 0. 0. 0.
4G16. 0. 0. 0. 0. 0. 0. 5. 8. 2. 0. 0. 0. 0. 0. 0. 0. 0. 0. 0. 0. 0. 0. 0. 0.
4G20. 0. 0. .5 0. 0. 0. 0. .5 .010. 0. 0. .1 0. .010. 0. 0. 0. 0. 0. 0. 2. 0.
4G30. 0. 0. 0. 0. 0. 0. 0. 0. 0. 0. 0. 0. 0. 0. 0. 0. 0. 0. 0. 0. 0. 0. 0. 0.
4G40. .1 0. 0. .1 0. 0. 0. 0. 0. 0. 0. 0. 0. 0. 0. 0. 0. 0. 0. 0. 0. 0. 0. 0.
4G563.0. 0. 0. 0. 0. 0. 0.
4I15. 0. 0. 0. 0. 0. 0. 5. 6. 4. 0. 0. 0. 0. 0. 0. 0. 0. 0. 0. 0. 0. 0. 0. 0.
4I20. 0. 0. .5 0. 0. 0. 0. 1. 0. 0. 0. 0. .5 0. .1 .5 0. 0. 0. 0. 0. 0. 1. 0.
4I30. 0. 0. 0. 0. 0. 0. 0. 0. 0. 0. 0. 0. 0. 0. 0. 0. 0. 0. 0. 0. 0. 0. 0. 0.
4I40. .1 0. 0. .010. 0. 0. 0. 0. 0. 0. 0. 0. 0. 0. 0. 0. 0. 0. 0. 0. 0. 0. 0.
4I563.0. 0. 0. 0. 0. 0. 0.
6A110.0. 0. 0. 0. 0. 0. 7. 5. 1. 0. 0. 0. 0. 0. 0. 0. 0. 0. 0. 0. 0. 0. 0. 0.
6A20. 0. 0. .5 0. 0. 0. 0. 3. .010. 0. 0. 0. 0. .1 0. .1 0. 0. 0. 0. 0. 3. 0.
6A30. 0. 0. 0. 0. 0. 0. 0. 0. 0. 0. 0. 0. 0. 0. 0. 0. 0. 0. 0. 0. 0. 0. 0. 0.
6A40. .1 0. 0. .1 .010. 0. 0. 0. 0. 0. 0. 0. 0. 0. 0. 0. 0. 0. 0. 0. 0. 0. 0.
6A563.0. 0. 0. 0. 0. 0. 0.
6C112.0. 0. 0. 0. 0. 0. 4. 7. 0. 0. 0. 0. 0. 0. 0. 0. .5 0. 2. 0. 0. 0. 0. 0.
6C20. 0. 0. 1. 0. 0. 0. 0. 4. 0. 0. 0. 0. 0. 0. .1 0. 0. 0. 0. .5 0. 0. 1. 0.
6C30. 0. 0. 0. 0. 0. 0. 0. 0. 0. 0. 0. 0. 0. 0. 0. 0. 0. 0. 0. 0. 0. 0. 0. 0.
6C40. .010. 0. .1 .010. 0. 0. 0. 0. 0. 0. 0. 0. 0. 0. 0. 0. 0. 0. 0. 0. 0. 0.
6C563.0. 0. 0. 0. 0. 0. 0.
6E111.0. 0. 0. 0. 0. 0. 4. 5. 4. .5 0. .5 0. 0. 0. 0. 0. 0. 0. 0. 0. 0. 0. 0.
6E20. 0. 0. .5 0. 0. 0. 0. 1. 0. 0. 0. 0. .5 0. 0. 0. .010. 0. .1 0. 0. .5 0.
6E30. 0. 0. 0. 0. 0. 0. 0. 0. 0. 0. 0. 0. 0. 0. 0. 0. 0. 0. 0. 0. 0. 0. 0. 0.
6E40. .1 0. 0. .1 .010. 0. 0. 0. 0. 0. 0. 0. 0. 0. 0. 0. 0. 0. 0. 0. 0. 0. 0.
6E564.0. 0. 0. 0. 0. 0. 0.
6G14. 0. 0. 0. 0. 0. 0. 4. 9. 13..1 0. 0. 0. 0. 0. 0. 0. 0. 0. 0. 0. 0. 0. 0.
6G20. 0. 0. 1. 0. 0. 0. .1 2. 0. 0. 0. 0. .1 0. 0. 0. .1 0. 0. 0. 0. 0. 4. 0.
6G30. 0. 0. 0. 0. 0. 0. 0. 0. 0. 0. 0. 0. 0. 0. 0. 0. 0. 0. 0. 0. 0. 0. 0. 0.
6G40. .1 .010. .1 0. 0. 0. 0. 0. 0. 0. 0. 0. 0. 0. 0. 0. 0. 0. 0. 0. 0. 0. 0.
6G564.0. 0. 0. 0. 0. 0. 0.
6I10. 0. 0. 0. 0. 0. 0. 5. 5. 5. 0. 0. 0. 0. 0. 0. 0. 0. 0. 0. 0. 0. 0. 0. 0.
6I20. 0. 0. 2. 0. 0. 0. 0. 2. 0. 0. 0. 0. .5 0. .010. .1 0. 0. 0. 0. 0. 4. 0.
6I30. 0. 0. 0. 0. 0. 0. 0. 0. 0. 0. 0. 0. 0. 0. 0. 0. 0. 0. 0. 0. 0. 0. 0. 0.
6I40. .5 0. 0. .1 .010. 0. 0. 0. 0. 0. 0. 0. 0. 0. .010. 0. 0. 0. 0. 0. 0. 0.
6I562.0. 0. 0. 0. 0. 0. 0.
8A16. 0. 0. 0. 0. 0. 0. 6. 5. 4. .1 0. 0. 0. 0. 0. 0. 0. 0. 0. 0. 0. 0. 0. 0.
8A20. 0. 0. .5 0. 0. 0. 0. 2. .010. 0. 0. 0. 0. .1 0. .5 0. 0. 0. 0. 0. 1. 0.
8A30. 0. 0. 0. 0. 0. 0. 0. 0. 0. 0. 0. 0. 0. 0. 0. 0. 0. 0. 0. 0. 0. 0. 0. 0.
8A40. .1 .010. .1 .1 0. 0. 0. 0. 0. 0. 0. 0. 0. 0. 0. 0. 0. 0. 0. 0. 0. 0. 0.
8A563.0. 0. 0. 0. 0. 0. 0.
8C13. 0. 0. 0. 0. 0. 0. 8. 7. 7. 0. 0. 0. 0. 0. 0. 0. 0. 0. 0. 0. 0. 0. 0. 0.
8C20. 0. 0. 1. 0. 0. 0. .015. 0. 0. 0. 0. 0. 0. .1 0. .1 0. 0. 0. 0. 0. .1 0.
8C30. 0. 0. 0. 0. 0. 0. 0. 0. 0. 0. 0. 0. 0. 0. 0. 0. 0. 0. 0. 0. 0. 0. 0. 0.
8C40. 1. 0. 0. .1 0. 0. 0. 0. 0. 0. 0. 0. 0. 0. 0. 0. 0. 0. 0. 0. 0. 0. 0. 0.
8C561.0. 0. 0. 0. 0. 0. 0.
8E16. 0. 0. 0. 0. 0. 0. 10.5. 3. 2. 0. 1. 0. 0. 0. 0. 1. 0. 0. 0. 0. 0. 0. 0.
8E20. 0. 0. 1. 0. 0. 0. 0. 2. 0. 0. 0. 0. 1. 0. 0. 0. 0. 0. 0. 0. 0. 0. 3. 0.
8E30. 0. 0. 0. 0. 0. 0. 0. 0. 0. 0. 0. 0. 0. 0. 0. 0. 0. 0. 0. 0. 0. 0. 0. 0.
8E40. .1 0. 0. .1 .1 0. 0. 0. 0. 0. 0. 0. 0. 0. 0. 0. 0. 0. 0. 0. 0. 0. 0. 0.
8E561.0. 0. 0. 0. 0. 0. 0.
8G19. 0. 0. 0. 0. 0. 0. 3. 15.10.2. 0. .5 0. 0. 0. 0. 0. 0. 0. 0. 0. 0. 0. 0.
8G20. 0. 0. 2. 0. 0. 0. 0. 2. .010. 0. 0. .5 0. .010. .1 0. 0. 0. 0. 0. 6. 0.
8G30. 0. 0. 0. 0. 0. 0. 0. 0. 0. 0. 0. 0. 0. 0. 0. 0. 0. 0. 0. 0. 0. 0. 0. 0.
8G40. .5 .5 0. .1 .010. 0. 0. 0. 0. 0. 0. 0. 0. 0. 0. 0. 0. 0. 0. 0. 0. 0. 0.
8G561.0. 0. 0. 0. 0. 0. 0.
8I117.0. 0. 0. 0. 0. 0. 6. 18.5. 0. 0. .1 0. 0. 0. 0. 0. 0. 0. 0. 0. 0. 0. 0.
8I20. 0. 0. 5. 0. 0. 0. 0. 2. .1 0. 0. 0. .5 0. 0. 0. .1 0. 0. 0. 0. 0. 35.0.
8I30. 0. 0. 0. 0. 0. 0. 0. 0. 0. 0. 0. 0. 0. 0. 0. 0. 0. 0. 0. 0. 0. 0. 0. 0.
8I40. .013. 0. .1 0. 0. 0. 0. 0. 0. 0. 0. 0. 0. 0. 0. 0. 0. 0. 0. 0. 0. 0. 0.
8I562.0. 0. 0. 0. 0. 0. 0.
0A14. 0. 0. 0. 0. 0. 0. 2. 2. 3. 0. 0. 0. 0. 0. 0. 0. 0. 0. .5 0. 0. 0. 0. 0.
0A20. 0. 0. .1 0. 0. 0. 0. 1. .010. 0. 0. 0. 0. .010. 0. 0. 0. 0. 0. 0. 1. 0.
0A30. 0. 0. 0. 0. 0. 0. 0. 0. 0. 0. 0. 0. 0. 0. 0. 0. 0. 0. 0. 0. 0. 0. 0. 0.
0A40. .1 .010. .1 0. 0. 0. 0. 0. 0. .010. 0. 0. 0. 0. 0. 0. 0. 0. 0. 0. 0. 0.
0A557.0. 0. 0. 0. 0. 0. 0.
0C15. 0. 0. 0. 0. 0. 0. 2. 2. 3. 0. 0. 0. 0. 0. 0. 0. 0. 0. 0. 0. 0. 0. 0. 0.
0C20. 0. 0. .5 0. 0. 0. 0. 2. .010. 0. 0. .010. .1 0. .1 0. 0. 0. 0. 0. 0. 0.
0C30. 0. 0. 0. 0. 0. 0. 0. 0. 0. 0. 0. 0. 0. 0. 0. 0. 0. 0. 0. 0. 0. 0. 0. 0.
0C40. .1 .1 0. .010. 0. 0. 0. 0. 0. 0. 0. 0. 0. 0. 0. 0. 0. 0. 0. 0. 0. 0. 0.
0C557.0. 0. 0. 0. 0. 0. 0.
0E16. 0. 0. 0. 0. 0. 0. 2. 1. 3. 0. 0. .1 0. 0. 0. 0. 0. 0. 0. 0. 0. 0. 0. 0.
0E20. 0. 0. .5 0. 0. 0. 0. 1. 0. 0. 0. 0. .010. .010. 0. .010. 0. 0. 0. .5 0.
0E30. 0. 0. 0. 0. 0. 0. 0. 0. 0. 0. 0. 0. 0. 0. 0. 0. 0. 0. 0. 0. 0. 0. 0. 0.
0E40. .1 0. 0. .010. 0. 0. 0. 0. 0. 0. 0. 0. 0. 0. 0. 0. 0. 0. 0. 0. 0. 0. 0.
0E559.0. 0. 0. 0. 0. 0. 0.
0G13. 0. 0. 0. 0. 0. 0. 1. 2. 2. 0. 0. 0. 0. 0. 0. 0. 0. 0. 0. 0. 0. 0. 0. 0.
0G20. 0. 0. .010. 0. 0. 0. .5 0. 0. 0. 0. .010. .010. 0. 0. 0. 0. 0. 0. 0. 0.
0G30. 0. 0. 0. 0. 0. 0. .5 0. 0. 0. 0. 0. 0. 0. 0. 0. 0. 0. 0. 0. 0. 0. 0. 0.
0G40. .1 0. 0. .1 0. 0. 0. 0. 0. 0. 0. 0. 0. 0. 0. 0. 0. 0. 0. 0. 0. 0. 0. 0.
0G562.0. 0. 0. 0. 0. 0. 0.
0I12. 0. 0. 0. 0. 0. 0. .5 1. 2. 0. 0. 0. 0. 0. 0. 0. 0. 0. 0. 0. 0. 0. 0. 0.
0I20. 0. 0. .010. 0. 0. 0. .5 .010. 0. 0. 0. 0. .1 0. 0. .1 0. 0. 0. 0. 0. 0.
0I30. 0. 0. 0. 0. 0. 0. 0. 0. 0. 0. 0. 0. 0. 0. 0. 0. 0. 0. 0. 0. 0. 0. 0. 0.
0I40. .1 0. 0. .1 0. 0. 0. 0. 0. 0. 0. 0. 0. 0. 0. 0. 0. 0. 0. 0. 0. 0. 0. 0.
0I562.0. 0. 0. 0. 0. 0. 0.
2A15. 0. 0. 0. 0. 0. 0. 2. 3. 1. 0. 0. 0. 0. 0. 0. 0. 0. 0. 0. 0. 0. 0. 0. 0.
2A20. 0. 0. .5 0. 0. 0. 0. .5 .010. 0. 0. 0. 0. 0. 0. .1 0. 0. 0. 0. 0. 1. 0.
2A30. 0. 0. 0. 0. 0. 0. 0. 0. 0. 0. 0. 0. 0. 0. 0. 0. 0. 0. 0. 0. 0. 0. 0. 0.
2A40. .1 0. 0. .1 0. 0. 0. 0. 0. 0. 0. 0. 0. 0. 0. 0. 0. 0. 0. 0. 0. 0. 0. 0.
2A561.0. 0. 0. 0. 0. 0. 0.
2C14. 0. 0. 0. 0. 0. 0. 5. 5. 1. 0. 0. 0. 0. 0. 0. 0. 0. 0. 0. 0. 0. 0. 0. 0.
2C20. 0. 0. .5 0. 0. 0. 0. 1. .010. 0. 0. .010. .1 0. 0. 0. 0. .1 0. 0. 1. 0.
2C30. 0. 0. 0. 0. 0. 0. 0. 0. 0. 0. 0. 0. 0. 0. 0. 0. 0. 0. 0. 0. 0. 0. 0. 0.
2C40. .1 0. 0. .1 0. 0. 0. 0. 0. 0. 0. 0. 0. 0. 0. 0. 0. 0. 0. 0. 0. 0. 0. 0.
2C562.0. 0. 0. 0. 0. 0. 0.
2E16. 0. 0. 0. 0. 0. 0. 4. 4. 1. 0. 0. .1 0. 0. 0. 0. 0. 0. 0. 0. 0. 0. 0. 0.
2E20. 0. 0. .5 0. 0. 0. 0. 2. .010. 0. 0. .010. 0. 0. 0. 0. 0. 0. 0. 0. 1. 0.
2E30. 0. 0. 0. 0. 0. 0. 0. 0. 0. 0. 0. 0. 0. 0. 0. 0. 0. 0. 0. 0. 0. 0. 0. 0.
2E40. .1 .010. 0. 0. 0. 0. 0. 0. 0. 0. 0. 0. 0. 0. 0. 0. 0. 0. 0. 0. 0. 0. 0.
2E562.0. 0. 0. 0. 0. 0. 0.
2G18. 0. 0. 0. 0. 0. 0. 2. 2. 3. 0. 0. .1 0. 0. 0. 0. 0. 0. 0. 0. 0. 0. 0. 0.
2G20. 0. 0. .1 0. 0. 0. 0. 2. .010. 0. 0. 0. 0. .1 0. 0. 0. 0. 0. 0. 0. 0. 0.
2G30. 0. 0. 0. 0. 0. 0. 0. 0. 0. 0. 0. 0. 0. 0. 0. 0. 0. 0. 0. 0. 0. 0. 0. 0.
2G40. .1 0. 0. .010. 0. 0. 0. 0. 0. 0. 0. 0. 0. 0. 0. 0. 0. 0. 0. 0. 0. 0. 0.
2G562.0. 0. 0. 0. 0. 0. 0.
2I15. 0. 0. 0. 0. 0. 0. .5 2. 2. 0. 0. 0. 0. .1 0. 0. 0. 0. 0. 0. 0. 0. 0. 0.
2I20. 0. 0. .5 0. 0. 0. 0. 1. 0. .010. 0. .1 0. .010. .010. 0. 0. 0. 0. .1 0.
2I30. 0. 0. 0. 0. 0. 0. 0. 0. 0. 0. 0. 0. 0. 0. 0. 0. 0. 0. 0. 0. 0. 0. 0. 0.
2I40. .1 0. 0. .010. 0. 0. 0. 0. 0. 0. 0. 0. 0. 0. 0. 0. 0. 0. 0. 0. 0. 0. 0.
2I560.0. 0. 0. 0. 0. 0. 0.
4A18. 0. 0. 0. 0. 0. 0. 4. 8. .5 0. 0. .5 0. 0. 0. 0. .5 0. 2. 0. 0. 0. 0. 0.
4A20. 0. 0. 1. 0. 0. 0. 0. 1. 0. 0. 0. 0. 0. 0. .1 0. .1 0. 0. 0. 0. 0. 2. 0.
4A30. 0. 0. 0. 0. 0. 0. 0. 0. 0. 0. 0. 0. 0. 0. 0. 0. 0. 0. 0. 0. 0. 0. 0. 0.
4A40. .1 0. 0. .1 .5 0. 0. 0. 0. 0. 0. 0. 0. 0. 0. 0. 0. 0. 0. 0. 0. 0. 0. 0.
4A561.0. 0. 0. 0. 0. 0. 0.
4C13. 0. 0. 0. 0. 0. 0. 2. 4. 1. 0. 0. 0. 0. 0. 0. 0. 0. 0. 1. 0. 0. 0. 0. 0.
4C20. 0. 0. .5 0. 0. 0. 0. .5 0. 0. 0. 0. 0. 0. 0. .1 0. 0. 0. 0. 0. 0. .5 0.
4C30. 0. 0. 0. 0. 0. 0. 0. 0. 0. 0. 0. 0. 0. 0. 0. 0. 0. 0. 0. 0. 0. 0. 0. 0.
4C40. .1 0. 0. .1 .010. 0. 0. 0. 0. 0. 0. 0. 0. 0. 0. 0. 0. 0. 0. 0. 0. 0. 0.
4C560.0. 0. 0. 0. 0. 0. 0.
4E17. 0. 0. 0. 0. 0. 0. 1. 12.1. 0. 0. 0. 0. 0. 0. 0. 0. 0. 0. 0. 0. 0. 0. 0.
4E20. 0. 0. .1 0. 0. 0. 0. .1 .010. 0. 0. 0. 0. .1 0. 0. 0. 0. 0. 0. 0. .5 0.
4E30. 0. 0. 0. 0. 0. 0. 0. 0. 0. 0. 0. 0. 0. 0. 0. 0. 0. 0. 0. 0. 0. 0. 0. 0.
4E40. .01.010. .1 0. 0. 0. 0. 0. 0. 0. 0. 0. 0. 0. 0. 0. 0. 0. 0. 0. 0. 0. 0.
4E564.0. 0. 0. 0. 0. 0. 0.
4G15. 0. 0. 0. 0. 0. 0. 5. 5. 2. 0. 0. 0. 0. 0. 0. 0. 0. 0. 0. 0. 0. 0. 0. 0.
4G20. 0. 0. .1 0. 0. 0. 0. .5 .010. 0. 0. .010. 0. 0. .010. 0. 0. 0. 0. 1. 0.
4G30. 0. 0. 0. 0. 0. 0. 0. 0. 0. 0. 0. 0. 0. 0. 0. 0. 0. 0. 0. 0. 0. 0. 0. 0.
4G40. .010. 0. .1 0. 0. 0. 0. 0. 0. 0. 0. 0. 0. 0. 0. 0. 0. 0. 0. 0. 0. 0. 0.
4G562.0. 0. 0. 0. 0. 0. 0.
4I14. 0. 0. 0. 0. 0. 0. 3. 4. 2. 0. 0. 0. 0. 0. 0. 0. 0. 0. 0. 0. 0. 0. 0. 0.
4I20. 0. 0. .1 0. 0. 0. 0. .1 0. 0. 0. 0. .1 0. 0. 0. 0. 0. 0. 0. 0. 0. .5 0.
4I30. 0. 0. 0. 0. 0. 0. 0. 0. 0. 0. 0. 0. 0. 0. 0. 0. 0. 0. 0. 0. 0. 0. 0. 0.
4I40. .1 0. 0. .010. 0. 0. 0. 0. 0. 0. 0. 0. 0. 0. 0. 0. 0. 0. 0. 0. 0. 0. 0.
4I562.0. 0. 0. 0. 0. 0. 0.
6A15. 0. 0. 0. 0. 0. 0. 4. 4. .1 0. 0. 0. 0. 0. 0. 0. 0. 0. 0. 0. 0. 0. 0. 0.
6A20. 0. 0. .5 0. 0. 0. 0. 2. .010. 0. 0. 0. 0. .1 0. 0. 0. 0. 0. 0. 0. 1. 0.
6A30. 0. 0. 0. 0. 0. 0. 0. 0. 0. 0. 0. 0. 0. 0. 0. 0. 0. 0. 0. 0. 0. 0. 0. 0.
6A40. .1 0. 0. .1 .010. 0. 0. 0. 0. 0. 0. 0. 0. 0. 0. 0. 0. 0. 0. 0. 0. 0. 0.
6A564.0. 0. 0. 0. 0. 0. 0.
6C18. 0. 0. 0. 0. 0. 0. 3. 4. 0. 0. 0. 0. 0. 0. 0. 0. .1 0. .5 0. 0. 0. 0. 0.
6C20. 0. 0. 1. 0. 0. 0. 0. 1. 0. 0. 0. 0. 0. 0. .1 0. 0. 0. 0. .1 0. 0. 1. 0.
6C30. 0. 0. 0. 0. 0. 0. 0. 0. 0. 0. 0. 0. 0. 0. 0. 0. 0. 0. 0. 0. 0. 0. 0. 0.
6C40. .1 .1 0. .1 .010. 0. 0. 0. 0. 0. 0. 0. 0. 0. 0. 0. 0. 0. 0. 0. 0. 0. 0.
6C561.0. 0. 0. 0. 0. 0. 0.
6E16. 0. 0. 0. 0. 0. 0. 2. 4. 2. .1 0. .1 0. 0. 0. 0. 0. 0. 0. 0. 0. 0. 0. 0.
6E20. 0. 0. .5 0. 0. 0. 0. 1. 0. 0. 0. 0. .1 0. 0. 0. .1 0. 0. .1 0. 0. .1 0.
6E30. 0. 0. 0. 0. 0. 0. 0. 0. 0. 0. 0. 0. 0. 0. 0. 0. 0. 0. 0. 0. 0. 0. 0. 0.
6E40. .1 0. 0. .1 .010. 0. 0. 0. 0. 0. 0. 0. 0. 0. 0. 0. 0. 0. 0. 0. 0. 0. 0.
6E562.0. 0. 0. 0. 0. 0. 0.
6G11. 0. 0. 0. 0. 0. 0. 3. 8. 4. .1 0. 0. 0. 0. 0. 0. 0. 0. 0. 0. 0. 0. 0. 0.
6G20. 0. 0. .1 0. 0. 0. 0. 1. 0. 0. 0. 0. .010. .1 0. .010. 0. 0. 0. 0. 2. 0.
6G30. 0. 0. 0. 0. 0. 0. 0. 0. 0. 0. 0. 0. 0. 0. 0. 0. 0. 0. 0. 0. 0. 0. 0. 0.
6G40. .01.010. .1 0. 0. 0. 0. 0. 0. 0. 0. 0. 0. 0. 0. 0. 0. 0. 0. 0. 0. 0. 0.
6G564.0. 0. 0. 0. 0. 0. 0.
6I10. 0. 0. 0. 0. 0. 0. 4. 4. 2. 0. 0. 0. 0. 0. 0. 0. 0. 0. 0. 0. 0. 0. 0. 0.
6I20. 0. 0. .5 0. 0. 0. 0. .1 0. 0. 0. 0. .1 0. .010. 0. 0. 0. 0. 0. 0. 3. 0.
6I30. 0. 0. 0. 0. 0. 0. 0. 0. 0. 0. 0. 0. 0. 0. 0. 0. 0. 0. 0. 0. 0. 0. 0. 0.
6I40. .1 0. 0. .1 0. 0. 0. 0. 0. 0. .010. 0. 0. 0. 0. 0. 0. 0. 0. 0. 0. 0. 0.
6I560.0. 0. 0. 0. 0. 0. 0.
8A13. 0. 0. 0. 0. 0. 0. 4. 3. 1. .1 0. 0. 0. 0. 0. 0. 0. 0. 0. 0. 0. 0. 0. 0.
8A20. 0. 0. .5 0. 0. 0. 0. .5 .010. 0. 0. 0. 0. .010. .1 0. 0. 0. 0. 0. .5 0.
8A30. 0. 0. 0. 0. 0. 0. 0. 0. 0. 0. 0. 0. 0. 0. 0. 0. 0. 0. 0. 0. 0. 0. 0. 0.
8A40. .1 0. 0. .1 .1 0. 0. 0. 0. 0. 0. 0. 0. 0. 0. 0. 0. 0. 0. 0. 0. 0. 0. 0.
8A565.0. 0. 0. 0. 0. 0. 0.
8C11. 0. 0. 0. 0. 0. 0. 6. 8. 1. 0. 0. 0. 0. 0. 0. 0. 0. 0. 0. 0. 0. 0. 0. 0.
8C20. 0. 0. 1. 0. 0. 0. 0. 2. 0. 0. 0. 0. 0. 0. .1 0. .1 0. 0. 0. 0. 0. .1 0.
8C30. 0. 0. 0. 0. 0. 0. 0. 0. 0. 0. 0. 0. 0. 0. 0. 0. 0. 0. 0. 0. 0. 0. 0. 0.
8C40. .5 .010. .1 0. 0. 0. 0. 0. 0. 0. 0. 0. 0. 0. 0. 0. 0. 0. 0. 0. 0. 0. 0.
8C562.0. 0. 0. 0. 0. 0. 0.
8E14. 0. 0. 0. 0. 0. 0. 5. 4. 1. .1 0. .5 0. 0. 0. 0. .5 0. 0. 0. 0. 0. 0. 0.
8E20. 0. 0. 1. 0. 0. 0. 0. .5 .010. 0. 0. .1 0. 0. 0. .1 0. 0. 0. 0. 0. 2. 0.
8E30. 0. 0. 0. 0. 0. 0. 0. 0. 0. 0. 0. 0. 0. 0. 0. 0. 0. 0. 0. 0. 0. 0. 0. 0.
8E40. .1 0. 0. .1 .1 0. 0. 0. 0. 0. 0. 0. 0. 0. 0. 0. 0. 0. 0. 0. 0. 0. 0. 0.
8E562.0. 0. 0. 0. 0. 0. 0.
8G18. 0. 0. 0. 0. 0. 0. 2. 20.4. 1. 0. .1 0. 0. 0. 0. 0. 0. 0. 0. 0. 0. 0. 0.
8G20. 0. 0. 1. 0. 0. 0. 0. 1. .010. 0. 0. .1 0. 0. 0. 0. 0. 0. 0. 0. 0. 2. 0.
8G30. 0. 0. 0. 0. 0. 0. 0. 0. 0. 0. 0. 0. 0. 0. 0. 0. 0. 0. 0. 0. 0. 0. 0. 0.
8G40. .1 .1 0. .1 0. 0. 0. 0. 0. 0. 0. 0. 0. 0. 0. 0. 0. 0. 0. 0. 0. 0. 0. 0.
8G563.0. 0. 0. 0. 0. 0. 0.
8I112.0. 0. 0. 0. 0. 0. 3. 25.3. 0. 0. .5 0. 0. 0. 0. 0. 0. 0. 0. 0. 0. 0. 0.
8I20. 0. 0. 3. 0. 0. 0. 0. .5 .010. 0. 0. .1 0. .1 0. 0. 0. 0. 0. 0. 0. 30.0.
8I30. 0. 0. 0. 0. 0. 0. 0. 0. 0. 0. 0. 0. 0. 0. 0. 0. 0. 0. 0. 0. 0. 0. 0. 0.
8I40. .011. 0. 0. 0. 0. 0. 0. 0. 0. 0. 0. 0. 0. 0. 0. 0. 0. 0. 0. 0. 0. 0. 0.
8I562.0. 0. 0. 0. 0. 0. 0.
0A13. 0. 0. 0. 0. 0. 0. 3. 2. 2. 0. 0. 0. 0. 0. 0. 0. 0. 0. .1 0. 0. 0. 0. 0.
0A20. 0. 0. 0. 0. 0. 0. 0. 1. .010. 0. 0. 0. 0. .010. .1 0. 0. 0. 0. 0. .1 0.
0A30. 0. 0. 0. 0. 0. 0. 0. 0. 0. 0. 0. 0. 0. 0. 0. 0. 0. 0. 0. 0. 0. 0. 0. 0.
0A40. .01.010. .1 .010. 0. 0. 0. 0. 0. 0. 0. 0. 0. 0. 0. 0. 0. 0. 0. 0. 0. 0.
0A548.0. 0. 0. 0. 0. 0. 0.
0C15. 0. 0. 0. 0. 0. 0. 2. 2. 3. 0. 0. 0. 0. 0. 0. 0. 0. 0. 0. 0. 0. 0. 0. 0.
0C20. 0. 0. .010. 0. 0. 0. 2. .010. 0. 0. 0. 0. .1 0. .1 0. 0. 0. 0. 0. 0. 0.
0C30. 0. 0. 0. 0. 0. 0. 0. 0. 0. 0. 0. 0. 0. 0. 0. 0. 0. 0. 0. 0. 0. 0. 0. 0.
0C40. .1 .010. .010. 0. 0. 0. 0. 0. 0. 0. 0. 0. 0. 0. 0. 0. 0. 0. 0. 0. 0. 0.
0C548.0. 0. 0. 0. 0. 0. 0.
0E17. 0. 0. 0. 0. 0. 0. 3. 1. 3. 0. 0. .1 0. 0. 0. 0. 0. 0. 0. 0. 0. 0. 0. 0.
0E20. 0. 0. .010. 0. 0. 0. 2. 0. 0. 0. 0. .010. .010. 0. 0. 0. 0. 0. 0. 1. 0.
0E30. 0. 0. 0. 0. 0. 0. 0. 0. 0. 0. 0. 0. 0. 0. 0. 0. 0. 0. 0. 0. 0. 0. 0. 0.
0E40. .1 0. 0. .010. 0. 0. 0. 0. 0. 0. 0. 0. 0. 0. 0. 0. 0. 0. 0. 0. 0. 0. 0.
0E550.0. 0. 0. 0. 0. 0. 0.
0G13. 0. 0. 0. 0. 0. 0. 2. 3. 2. 0. 0. .010. 0. 0. 0. 0. 0. 0. 0. 0. 0. 0. 0.
0G20. 0. 0. 0. 0. 0. 0. 0. .5 .010. 0. 0. .010. .010. .1 .010. 0. 0. 0. 0. 0.
0G30. 0. 0. 0. 0. 0. 0. .5 0. 0. 0. 0. 0. 0. 0. 0. 0. 0. 0. 0. 0. 0. 0. 0. 0.
0G40. .010. 0. .1 0. 0. 0. 0. 0. 0. 0. 0. 0. 0. 0. 0. 0. 0. 0. 0. 0. 0. 0. 0.
0G548.0. 0. 0. 0. 0. 0. 0.
0I12. 0. 0. 0. 0. 0. 0. 1. 1. 2. 0. 0. 0. 0. 0. 0. 0. 0. 0. 0. 0. 0. 0. 0. 0.
0I20. 0. 0. 0. 0. 0. 0. 0. .5 .010. 0. 0. 0. 0. .1 0. 0. .1 0. 0. 0. 0. .010.
0I30. 0. 0. 0. 0. 0. 0. 0. 0. 0. 0. 0. 0. 0. 0. 0. 0. 0. 0. 0. 0. 0. 0. 0. 0.
0I40. .1 0. 0. .1 0. 0. 0. 0. 0. 0. 0. 0. 0. 0. 0. 0. 0. 0. 0. 0. 0. 0. 0. 0.
0I549.0. 0. 0. 0. 0. 0. 0.
2A14. 0. 0. 0. 0. 0. 0. 3. 4. 2. 0. 0. 0. 0. 0. 0. 0. 0. 0. 0. 0. 0. 0. 0. 0.
2A20. 0. 0. .010. 0. 0. 0. .5 .010. 0. 0. 0. 0. 0. 0. 0. 0. 0. 0. 0. 0. .5 0.
2A30. 0. 0. 0. 0. 0. 0. 0. 0. 0. 0. 0. 0. 0. 0. 0. 0. 0. 0. 0. 0. 0. 0. 0. 0.
2A40. .1 0. 0. .1 0. 0. 0. 0. 0. 0. 0. 0. 0. 0. 0. 0. 0. 0. 0. 0. 0. 0. 0. 0.
2A548.0. 0. 0. 0. 0. 0. 0.
2C13. 0. 0. 0. 0. 0. 0. 8. 10.1. 0. 0. 0. 0. 0. 0. 0. 0. 0. 0. 0. 0. 0. 0. 0.
2C20. 0. 0. .010. 0. 0. 0. 1. .010. 0. 0. 0. 0. .1 0. 0. 0. 0. .1 0. 0. 1. 0.
2C30. 0. 0. 0. 0. 0. 0. 0. 0. 0. 0. 0. 0. 0. 0. 0. 0. 0. 0. 0. 0. 0. 0. 0. 0.
2C40. .1 0. 0. .1 0. 0. 0. 0. 0. 0. 0. 0. 0. 0. 0. 0. 0. 0. 0. 0. 0. 0. 0. 0.
2C548.0. 0. 0. 0. 0. 0. 0.
2E14. 0. 0. 0. 0. 0. 0. 4. 3. 2. 0. 0. 0. 0. 0. 0. 0. 0. 0. 0. 0. 0. 0. 0. 0.
2E20. 0. 0. .1 0. 0. 0. 0. 2. .010. 0. 0. .010. .1 0. 0. 0. 0. 0. 0. 0. 2. 0.
2E30. 0. 0. 0. 0. 0. 0. 0. 0. 0. 0. 0. 0. 0. 0. 0. 0. 0. 0. 0. 0. 0. 0. 0. 0.
2E40. .1 .010. .010. 0. 0. 0. 0. 0. 0. 0. 0. 0. 0. 0. 0. 0. 0. 0. 0. 0. 0. 0.
2E549.0. 0. 0. 0. 0. 0. 0.
2G14. 0. 0. 0. 0. 0. 0. 2. 2. 4. 0. 0. 0. 0. 0. 0. 0. 0. 0. 0. 0. 0. 0. 0. 0.
2G20. 0. 0. .010. 0. 0. 0. 2. .010. 0. 0. 0. 0. .1 0. 0. 0. 0. 0. 0. 0. 0. 0.
2G30. 0. 0. 0. 0. 0. 0. 0. 0. 0. 0. 0. 0. 0. 0. 0. 0. 0. 0. 0. 0. 0. 0. 0. 0.
2G40. .010. 0. .010. 0. 0. 0. 0. 0. 0. 0. 0. 0. 0. 0. 0. 0. 0. 0. 0. 0. 0. 0.
2G549.0. 0. 0. 0. 0. 0. 0.
2I15. 0. 0. 0. 0. 0. 0. 2. 3. 2. 0. 0. 0. 0. .1 0. 0. 0. 0. 0. 0. 0. 0. 0. 0.
2I20. 0. 0. .1 0. 0. 0. 0. 2. 0. .010. 0. .010. .010. .010. 0. 0. 0. 0. .1 0.
2I30. 0. 0. 0. 0. 0. 0. 0. 0. 0. 0. 0. 0. 0. 0. 0. 0. 0. 0. 0. 0. 0. 0. 0. 0.
2I40. .1 0. 0. .010. 0. 0. 0. 0. 0. 0. 0. 0. 0. 0. 0. 0. 0. 0. 0. 0. 0. 0. 0.
2I548.0. 0. 0. 0. 0. 0. 0.
4A15. 0. 0. 0. 0. 0. 0. 5. 10.0. 0. 0. .1 0. 0. 0. 0. .1 0. 2. 0. 0. 0. 0. 0.
4A20. 0. 0. .010. 0. 0. 0. .5 0. 0. 0. 0. 0. 0. .1 0. .1 0. 0. 0. 0. 0. 1. 0.
4A30. 0. 0. 0. 0. 0. 0. 0. 0. 0. 0. 0. 0. 0. 0. 0. 0. 0. 0. 0. 0. 0. 0. 0. 0.
4A40. .010. 0. .1 .1 0. 0. 0. 0. 0. 0. 0. 0. 0. 0. 0. 0. 0. 0. 0. 0. 0. 0. 0.
4A548.0. 0. 0. 0. 0. 0. 0.
4C13. 0. 0. 0. 0. 0. 0. 4. 6. .5 0. 0. 0. 0. 0. 0. 0. 0. 0. 2. 0. 0. 0. 0. 0.
4C20. 0. 0. .010. 0. 0. 0. .5 .010. 0. 0. 0. 0. 0. 0. .1 0. 0. 0. 0. 0. .1 0.
4C30. 0. 0. 0. 0. 0. 0. 0. 0. 0. 0. 0. 0. 0. 0. 0. 0. 0. 0. 0. 0. 0. 0. 0. 0.
4C40. .010. 0. .1 .010. 0. 0. 0. 0. 0. 0. 0. 0. 0. 0. 0. 0. 0. 0. 0. 0. 0. 0.
4C549.0. 0. 0. 0. 0. 0. 0.
4E17. 0. 0. 0. 0. 0. 0. 3. 12.1. 0. 0. 0. 0. 0. 0. 0. 0. 0. 0. 0. 0. 0. 0. 0.
4E20. 0. 0. .010. 0. 0. 0. .5 .010. 0. 0. 0. 0. .1 0. 0. 0. 0. 0. 0. 0. .5 0.
4E30. 0. 0. 0. 0. 0. 0. 0. 0. 0. 0. 0. 0. 0. 0. 0. 0. 0. 0. 0. 0. 0. 0. 0. 0.
4E40. .1 .1 0. .1 0. 0. 0. 0. 0. 0. 0. 0. 0. 0. 0. 0. 0. 0. 0. 0. 0. 0. 0. 0.
4E548.0. 0. 0. 0. 0. 0. 0.
4G15. 0. 0. 0. 0. 0. 0. 5. 6. 2. 0. 0. 0. 0. 0. 0. 0. 0. 0. 0. 0. 0. 0. 0. 0.
4G20. 0. 0. .010. 0. 0. 0. .5 .010. 0. 0. .010. .010. 0. 0. 0. 0. 0. 0. 1. 0.
4G30. 0. 0. 0. 0. 0. 0. 0. 0. 0. 0. 0. 0. 0. 0. 0. 0. 0. 0. 0. 0. 0. 0. 0. 0.
4G40. .010. 0. .010. 0. 0. 0. 0. 0. 0. 0. 0. 0. 0. 0. 0. 0. 0. 0. 0. 0. 0. 0.
4G548.0. 0. 0. 0. 0. 0. 0.
4I14. 0. 0. 0. 0. 0. 0. 3. 5. 2. 0. 0. 0. 0. .010. 0. 0. 0. 0. 0. 0. 0. 0. 0.
4I20. 0. 0. 0. 0. 0. 0. 0. .1 0. 0. 0. 0. .010. 0. 0. 0. 0. 0. 0. 0. 0. .5 0.
4I30. 0. 0. 0. 0. 0. 0. 0. 0. 0. 0. 0. 0. 0. 0. 0. 0. 0. 0. 0. 0. 0. 0. 0. 0.
4I40. .1 0. 0. .010. 0. 0. 0. 0. 0. 0. 0. 0. 0. 0. 0. 0. 0. 0. 0. 0. 0. 0. 0.
4I549.0. 0. 0. 0. 0. 0. 0.
6A14. 0. 0. 0. 0. 0. 0. 4. 4. .1 0. 0. 0. 0. 0. 0. 0. 0. 0. 0. 0. 0. 0. 0. 0.
6A20. 0. 0. .010. 0. 0. 0. 3. 0. 0. 0. 0. 0. 0. .010. .010. 0. 0. 0. 0. .1 0.
6A30. 0. 0. 0. 0. 0. 0. 0. 0. 0. 0. 0. 0. 0. 0. 0. 0. 0. 0. 0. 0. 0. 0. 0. 0.
6A40. .1 0. 0. .1 .010. 0. 0. 0. 0. 0. 0. 0. 0. 0. 0. 0. 0. 0. 0. 0. 0. 0. 0.
6A550.0. 0. 0. 0. 0. 0. 0.
6C14. 0. 0. 0. 0. 0. 0. 4. 8. 0. 0. 0. 0. 0. 0. 0. 0. .1 0. .5 0. 0. 0. 0. 0.
6C20. 0. 0. .1 0. 0. 0. 0. 2. 0. 0. 0. 0. 0. 0. .010. 0. 0. 0. .1 0. 0. .5 0.
6C30. 0. 0. 0. 0. 0. 0. 0. 0. 0. 0. 0. 0. 0. 0. 0. 0. 0. 0. 0. 0. 0. 0. 0. 0.
6C40. .01.1 0. .1 0. 0. 0. 0. 0. 0. 0. 0. 0. 0. 0. 0. 0. 0. 0. 0. 0. 0. 0. 0.
6C550.0. 0. 0. 0. 0. 0. 0.
6E16. 0. 0. 0. 0. 0. 0. 3. 4. 3. .1 0. .5 0. 0. 0. 0. 0. 0. 0. 0. 0. 0. 0. 0.
6E20. 0. 0. .010. 0. 0. 0. .5 0. 0. 0. 0. .010. .1 0. 0. 0. 0. .010. 0. 0. 0.
6E30. 0. 0. 0. 0. 0. 0. 0. 0. 0. 0. 0. 0. 0. 0. 0. 0. 0. 0. 0. 0. 0. 0. 0. 0.
6E40. .01.010. .1 .010. 0. 0. 0. 0. 0. 0. 0. 0. 0. 0. 0. 0. 0. 0. 0. 0. 0. 0.
6E549.0. 0. 0. 0. 0. 0. 0.
6G12. 0. 0. 0. 0. 0. 0. 6. 6. 8. .5 0. 0. 0. 0. 0. 0. 0. 0. 0. 0. 0. 0. 0. 0.
6G20. 0. 0. .010. 0. 0. 0. 1. 0. 0. 0. 0. .010. 0. 0. .1 0. 0. 0. 0. 0. 2. 0.
6G30. 0. 0. 0. 0. 0. 0. 0. 0. 0. 0. 0. 0. 0. 0. 0. 0. 0. 0. 0. 0. 0. 0. 0. 0.
6G40. .010. 0. .1 0. 0. 0. 0. 0. 0. 0. 0. 0. 0. 0. 0. 0. 0. 0. 0. 0. 0. 0. 0.
6G548.0. 0. 0. 0. 0. 0. 0.
6I10. 0. 0. 0. 0. 0. 0. 3. 4. 3. 0. 0. 0. 0. 0. 0. 0. 0. 0. 0. 0. 0. 0. 0. 0.
6I20. 0. 0. .1 0. 0. 0. 0. .5 .010. 0. 0. .010. .010. .1 0. 0. 0. 0. 0. 3. 0.
6I30. 0. 0. 0. 0. 0. 0. 0. 0. 0. 0. 0. 0. 0. 0. 0. 0. 0. 0. 0. 0. 0. 0. 0. 0.
6I40. .1 .010. .1 0. 0. 0. 0. 0. 0. 0. 0. 0. 0. 0. 0. 0. 0. 0. 0. 0. 0. 0. 0.
6I549.0. 0. 0. 0. 0. 0. 0.
8A14. 0. 0. 0. 0. 0. 0. 3. 4. 3. 0. 0. 0. 0. 0. 0. 0. 0. 0. 0. 0. 0. 0. 0. 0.
8A20. 0. 0. .010. 0. 0. 0. 1. .010. 0. 0. 0. 0. .010. .1 0. 0. 0. 0. 0. .1 0.
8A30. 0. 0. 0. 0. 0. 0. 0. 0. 0. 0. 0. 0. 0. 0. 0. 0. 0. 0. 0. 0. 0. 0. 0. 0.
8A40. .010. 0. .1 .1 0. 0. 0. 0. 0. 0. 0. 0. 0. 0. 0. 0. 0. 0. 0. 0. 0. 0. 0.
8A550.0. 0. 0. 0. 0. 0. 0.
8C11. 0. 0. 0. 0. 0. 0. 3. 5. 3. 0. 0. 0. 0. 0. 0. 0. 0. 0. 0. 0. 0. 0. 0. 0.
8C20. 0. 0. .010. 0. 0. 0. 4. 0. 0. 0. 0. 0. 0. .1 0. .010. 0. 0. 0. 0. .1 0.
8C30. 0. 0. 0. 0. 0. 0. 0. 0. 0. 0. 0. 0. 0. 0. 0. 0. 0. 0. 0. 0. 0. 0. 0. 0.
8C40. .1 0. 0. .1 0. 0. 0. 0. 0. 0. 0. 0. 0. 0. 0. 0. 0. 0. 0. 0. 0. 0. 0. 0.
8C550.0. 0. 0. 0. 0. 0. 0.
8E14. 0. 0. 0. 0. 0. 0. 5. 5. 2. .010. .1 0. 0. 0. 0. .5 0. 0. 0. 0. 0. 0. 0.
8E20. 0. 0. .010. 0. 0. 0. .5 0. 0. 0. 0. .010. 0. 0. .010. 0. 0. 0. 0. .1 0.
8E30. 0. 0. 0. 0. 0. 0. 0. 0. 0. 0. 0. 0. 0. 0. 0. 0. 0. 0. 0. 0. 0. 0. 0. 0.
8E40. .1 0. 0. .1 .1 0. 0. 0. 0. 0. 0. 0. 0. 0. 0. 0. 0. 0. 0. 0. 0. 0. 0. 0.
8E550.0. 0. 0. 0. 0. 0. 0.
8G16. 0. 0. 0. 0. 0. 0. 3. 20.10..5 0. 0. 0. 0. 0. 0. 0. 0. 0. 0. 0. 0. 0. 0.
8G20. 0. 0. .010. 0. 0. 0. 2. 0. 0. 0. 0. .010. 0. 0. .1 0. 0. 0. 0. 0. 1. 0.
8G30. 0. 0. 0. 0. 0. 0. 0. 0. 0. 0. 0. 0. 0. 0. 0. 0. 0. 0. 0. 0. 0. 0. 0. 0.
8G40. .1 .1 0. .1 0. 0. 0. 0. 0. 0. 0. 0. 0. 0. 0. 0. 0. 0. 0. 0. 0. 0. 0. 0.
8G550.0. 0. 0. 0. 0. 0. 0.
8I18. 0. 0. 0. 0. 0. 0. 5. 17.2. 0. 0. .1 0. 0. 0. 0. 0. 0. 0. 0. 0. 0. 0. 0.
8I20. 0. 0. .1 0. 0. 0. 0. .5 .010. 0. 0. .1 0. 0. 0. .1 0. 0. 0. 0. 0. 25.0.
8I30. 0. 0. 0. 0. 0. 0. 0. 0. 0. 0. 0. 0. 0. 0. 0. 0. 0. 0. 0. 0. 0. 0. 0. 0.
8I40. .011. 0. 0. 0. 0. 0. 0. 0. 0. 0. 0. 0. 0. 0. 0. 0. 0. 0. 0. 0. 0. 0. 0.
8I549.0. 0. 0. 0. 0. 0. 0.
0A14. 0. 0. 0. 0. 0. 0. .5 1. 3. 0. 0. 0. 0. 0. 0. 0. 0. 0. .1 0. 0. 0. 0. 0.
0A20. 0. 0. 0. 0. 0. 0. 0. .5 .010. 0. 0. 0. 0. .010. .010. 0. 0. 0. 0. .010.
0A30. 0. 0. 0. 0. 0. 0. 0. 0. 0. 0. 0. 0. 0. 0. 0. 0. 0. 0. 0. 0. 0. 0. 0. 0.
0A40. .01.010. .01.010. 0. 0. 0. 0. 0. 0. 0. 0. 0. 0. 0. 0. 0. 0. 0. 0. 0. 0.
0A548.0. 0. 0. 0. 0. 0. 0.
0C16. 0. 0. 0. 0. 0. 0. .5 .5 4. 0. 0. 0. 0. 0. 0. 0. 0. 0. 0. 0. 0. 0. 0. 0.
0C20. 0. 0. 0. 0. 0. 0. 0. .5 .010. 0. 0. 0. 0. .1 0. .1 0. 0. 0. 0. 0. 0. 0.
0C30. 0. 0. 0. 0. 0. 0. 0. 0. 0. 0. 0. 0. 0. 0. 0. 0. 0. 0. 0. 0. 0. 0. 0. 0.
0C40. .1 0. 0. .010. 0. 0. 0. 0. 0. 0. 0. 0. 0. 0. 0. 0. 0. 0. 0. 0. 0. 0. 0.
0C548.0. 0. 0. 0. 0. 0. 0.
0E17. 0. 0. 0. 0. 0. 0. .5 1. 3. 0. 0. 0. 0. 0. 0. 0. 0. 0. 0. 0. 0. 0. 0. 0.
0E20. 0. 0. 0. 0. 0. 0. 0. .1 0. 0. 0. 0. .010. .1 0. .1 0. 0. 0. 0. 0. .1 0.
0E30. 0. 0. 0. 0. 0. 0. 0. 0. 0. 0. 0. 0. 0. 0. 0. 0. 0. 0. 0. 0. 0. 0. 0. 0.
0E40. .010. 0. .010. 0. 0. 0. 0. 0. 0. 0. 0. 0. 0. 0. 0. 0. 0. 0. 0. 0. 0. 0.
0E552.0. 0. 0. 0. 0. 0. 0.
0G13. 0. 0. 0. 0. 0. 0. .1 1. 3. 0. 0. 0. 0. 0. 0. 0. 0. 0. 0. 0. 0. 0. 0. 0.
0G20. 0. 0. 0. 0. 0. 0. 0. .1 0. 0. 0. 0. .010. .010. .010. 0. 0. 0. 0. 0. 0.
0G30. 0. 0. 0. 0. 0. 0. .1 0. 0. 0. 0. 0. 0. 0. 0. 0. 0. 0. 0. 0. 0. 0. 0. 0.
0G40. .010. 0. .010. 0. 0. 0. 0. 0. 0. 0. 0. 0. 0. 0. 0. 0. 0. 0. 0. 0. 0. 0.
0G551.0. 0. 0. 0. 0. 0. 0.
0I12. 0. 0. 0. 0. 0. 0. .1 .5 2. 0. 0. 0. 0. 0. 0. 0. 0. 0. 0. 0. 0. 0. 0. 0.
0I20. 0. 0. 0. 0. 0. 0. 0. .1 0. 0. 0. 0. 0. 0. .010. 0. .1 0. 0. 0. 0. 0. 0.
0I30. 0. 0. 0. 0. 0. 0. 0. 0. 0. 0. 0. 0. 0. 0. 0. 0. 0. 0. 0. 0. 0. 0. 0. 0.
0I40. .010. 0. .010. 0. 0. 0. 0. 0. 0. 0. 0. 0. 0. 0. 0. 0. 0. 0. 0. 0. 0. 0.
0I550.0. 0. 0. 0. 0. 0. 0.
2A16. 0. 0. 0. 0. 0. 0. .5 4. 1. 0. 0. 0. 0. 0. 0. 0. 0. 0. 0. 0. 0. 0. 0. 0.
2A20. 0. 0. 0. 0. 0. 0. 0. .5 .010. 0. 0. 0. 0. 0. 0. .010. 0. 0. 0. 0. .010.
2A30. 0. 0. 0. 0. 0. 0. 0. 0. 0. 0. 0. 0. 0. 0. 0. 0. 0. 0. 0. 0. 0. 0. 0. 0.
2A40. .1 .010. .010. 0. 0. 0. 0. 0. 0. 0. 0. 0. 0. 0. 0. 0. 0. 0. 0. 0. 0. 0.
2A550.0. 0. 0. 0. 0. 0. 0.
2C14. 0. 0. 0. 0. 0. 0. .5 6. 1. 0. 0. 0. 0. 0. 0. 0. 0. 0. 0. 0. 0. 0. 0. 0.
2C20. 0. 0. 0. 0. 0. 0. 0. .5 .010. 0. 0. 0. 0. .1 0. 0. 0. 0. 0. 0. 0. .1 0.
2C30. 0. 0. 0. 0. 0. 0. 0. 0. 0. 0. 0. 0. 0. 0. 0. 0. 0. 0. 0. 0. 0. 0. 0. 0.
2C40. .010. 0. .010. 0. 0. 0. 0. 0. 0. 0. 0. 0. 0. 0. 0. 0. 0. 0. 0. 0. 0. 0.
2C550.0. 0. 0. 0. 0. 0. 0.
2E14. 0. 0. 0. 0. 0. 0. .5 4. 2. 0. 0. 0. 0. 0. 0. 0. 0. 0. 0. 0. 0. 0. 0. 0.
2E20. 0. 0. 0. 0. 0. 0. 0. .5 .010. 0. 0. 0. 0. .1 0. 0. 0. 0. 0. 0. 0. .1 0.
2E30. 0. 0. 0. 0. 0. 0. 0. 0. 0. 0. 0. 0. 0. 0. 0. 0. 0. 0. 0. 0. 0. 0. 0. 0.
2E40. .01.010. .010. 0. 0. 0. 0. 0. 0. 0. 0. 0. 0. 0. 0. 0. 0. 0. 0. 0. 0. 0.
2E550.0. 0. 0. 0. 0. 0. 0.
2G16. 0. 0. 0. 0. 0. 0. .5 .5 4. 0. 0. 0. 0. 0. 0. 0. 0. 0. 0. 0. 0. 0. 0. 0.
2G20. 0. 0. 0. 0. 0. 0. .01.1 .010. 0. 0. 0. 0. .1 0. 0. .010. 0. 0. 0. 0. 0.
2G30. 0. 0. 0. 0. 0. 0. 0. 0. 0. 0. 0. 0. 0. 0. 0. 0. 0. 0. 0. 0. 0. 0. 0. 0.
2G40. .010. 0. .010. 0. 0. 0. 0. 0. 0. 0. 0. 0. 0. 0. 0. 0. 0. 0. 0. 0. 0. 0.
2G551.0. 0. 0. 0. 0. 0. 0.
2I15. 0. 0. 0. 0. 0. 0. 1. 1. 2. 0. 0. 0. 0. .1 0. 0. 0. 0. 0. 0. 0. 0. 0. 0.
2I20. 0. 0. 0. 0. 0. 0. 0. 1. 0. .010. 0. .010. .010. .010. 0. 0. 0. 0. .010.
2I30. 0. 0. 0. 0. 0. 0. 0. 0. 0. 0. 0. 0. 0. 0. 0. 0. 0. 0. 0. 0. 0. 0. 0. 0.
2I40. .010. 0. .010. 0. 0. 0. 0. 0. 0. 0. 0. 0. 0. 0. 0. 0. 0. 0. 0. 0. 0. 0.
2I550.0. 0. 0. 0. 0. 0. 0.
4A16. 0. 0. 0. 0. 0. 0. .5 8. .1 0. 0. 0. 0. 0. 0. 0. 0. 0. 3. 0. 0. 0. 0. 0.
4A20. 0. 0. 0. 0. 0. 0. 0. 1. .010. 0. 0. 0. 0. .1 0. .1 0. 0. 0. 0. 0. .010.
4A30. 0. 0. 0. 0. 0. 0. 0. 0. 0. 0. 0. 0. 0. 0. 0. 0. 0. 0. 0. 0. 0. 0. 0. 0.
4A40. .010. 0. .01.1 0. 0. 0. 0. 0. 0. 0. 0. 0. 0. 0. 0. 0. 0. 0. 0. 0. 0. 0.
4A550.0. 0. 0. 0. 0. 0. 0.
4C15. 0. 0. 0. 0. 0. 0. .5 4. 2. 0. 0. 0. 0. 0. 0. 0. 0. 0. 2. 0. 0. 0. 0. 0.
4C20. 0. 0. 0. 0. 0. 0. 0. .1 .010. 0. 0. 0. 0. 0. 0. 0. 0. 0. 0. 0. 0. .010.
4C30. 0. 0. 0. 0. 0. 0. 0. 0. 0. 0. 0. 0. 0. 0. 0. 0. 0. 0. 0. 0. 0. 0. 0. 0.
4C40. .010. 0. .01.010. 0. 0. 0. 0. 0. 0. 0. 0. 0. 0. 0. 0. 0. 0. 0. 0. 0. 0.
4C550.0. 0. 0. 0. 0. 0. 0.
4E16. 0. 0. 0. 0. 0. 0. 1. 8. 1. 0. 0. 0. 0. 0. 0. 0. 0. 0. 0. 0. 0. 0. 0. 0.
4E20. 0. 0. 0. 0. 0. 0. 0. .5 .010. 0. 0. 0. 0. .1 0. 0. 0. 0. 0. 0. 0. 0. 0.
4E30. 0. 0. 0. 0. 0. 0. 0. 0. 0. 0. 0. 0. 0. 0. 0. 0. 0. 0. 0. 0. 0. 0. 0. 0.
4E40. .01.010. .010. 0. 0. 0. 0. 0. 0. 0. 0. 0. 0. 0. 0. 0. 0. 0. 0. 0. 0. 0.
4E552.0. 0. 0. 0. 0. 0. 0.
4G16. 0. 0. 0. 0. 0. 0. .5 5. 2. 0. 0. 0. 0. 0. 0. 0. 0. 0. 0. 0. 0. 0. 0. 0.
4G20. 0. 0. 0. 0. 0. 0. 0. .5 .010. 0. 0. .010. .010. 0. 0. 0. 0. 0. 0. .1 0.
4G30. 0. 0. 0. 0. 0. 0. 0. 0. 0. 0. 0. 0. 0. 0. 0. 0. 0. 0. 0. 0. 0. 0. 0. 0.
4G40. .010. 0. .010. 0. 0. 0. 0. 0. 0. 0. 0. 0. 0. 0. 0. 0. 0. 0. 0. 0. 0. 0.
4G555.0. 0. 0. 0. 0. 0. 0.
4I15. 0. 0. 0. 0. 0. 0. 1. 5. 2. 0. 0. 0. 0. 0. 0. 0. 0. 0. 0. 0. 0. 0. 0. 0.
4I20. 0. 0. 0. 0. 0. 0. 0. .5 0. 0. 0. 0. .010. .01.010. 0. 0. 0. 0. 0. .1 0.
4I30. 0. 0. 0. 0. 0. 0. 0. 0. 0. 0. 0. 0. 0. 0. 0. 0. 0. 0. 0. 0. 0. 0. 0. 0.
4I40. .1 0. 0. .010. 0. 0. 0. 0. 0. 0. 0. 0. 0. 0. 0. 0. 0. 0. 0. 0. 0. 0. 0.
4I554.0. 0. 0. 0. 0. 0. 0.
6A15. 0. 0. 0. 0. 0. 0. 1. 4. 0. 0. 0. 0. 0. 0. 0. 0. 0. 0. 0. 0. 0. 0. 0. 0.
6A20. 0. 0. 0. 0. 0. 0. 0. .5 .010. 0. 0. 0. 0. .1 0. .1 0. 0. 0. 0. 0. .010.
6A30. 0. 0. 0. 0. 0. 0. 0. 0. 0. 0. 0. 0. 0. 0. 0. 0. 0. 0. 0. 0. 0. 0. 0. 0.
6A40. .010. 0. .010. 0. 0. 0. 0. 0. 0. 0. 0. 0. 0. 0. 0. 0. 0. 0. 0. 0. 0. 0.
6A554.0. 0. 0. 0. 0. 0. 0.
6C14. 0. 0. 0. 0. 0. 0. 1. 8. 0. 0. 0. 0. 0. 0. 0. 0. 0. 0. 0. 0. 0. 0. 0. 0.
6C20. 0. 0. 0. 0. 0. 0. 0. 1. 0. 0. 0. 0. 0. 0. .1 0. .1 0. 0. 0. 0. 0. .1 0.
6C30. 0. 0. 0. 0. 0. 0. 0. 0. 0. 0. 0. 0. 0. 0. 0. 0. 0. 0. 0. 0. 0. 0. 0. 0.
6C40. .1 .010. .1 0. 0. 0. 0. 0. 0. 0. 0. 0. 0. 0. 0. 0. 0. 0. 0. 0. 0. 0. 0.
6C556.0. 0. 0. 0. 0. 0. 0.
6E16. 0. 0. 0. 0. 0. 0. 1. 3. 4. 0. 0. 0. 0. 0. 0. 0. 0. 0. 0. 0. 0. 0. 0. 0.
6E20. 0. 0. 0. 0. 0. 0. 0. .5 0. 0. 0. 0. 0. 0. .010. .1 0. 0. 0. 0. 0. 0. 0.
6E30. 0. 0. 0. 0. 0. 0. 0. 0. 0. 0. 0. 0. 0. 0. 0. 0. 0. 0. 0. 0. 0. 0. 0. 0.
6E40. .010. 0. .1 .010. 0. 0. 0. 0. 0. 0. 0. 0. 0. 0. 0. 0. 0. 0. 0. 0. 0. 0.
6E550.0. 0. 0. 0. 0. 0. 0.
6G12. 0. 0. 0. 0. 0. 0. 1. 8. 15.0. 0. 0. 0. 0. 0. 0. 0. 0. 0. 0. 0. 0. 0. 0.
6G20. 0. 0. 0. 0. 0. 0. 0. 1. .010. 0. 0. .010. .1 0. .1 0. 0. 0. 0. 0. .5 0.
6G30. 0. 0. 0. 0. 0. 0. 0. 0. 0. 0. 0. 0. 0. 0. 0. 0. 0. 0. 0. 0. 0. 0. 0. 0.
6G40. .01.010. .010. 0. 0. 0. 0. 0. 0. 0. 0. 0. 0. 0. 0. 0. 0. 0. 0. 0. 0. 0.
6G552.0. 0. 0. 0. 0. 0. 0.
6I10. 0. 0. 0. 0. 0. 0. 1. 10.4. 0. 0. 0. 0. 0. 0. 0. 0. 0. 0. 0. 0. 0. 0. 0.
6I20. 0. 0. 0. 0. 0. 0. 0. 1. 0. 0. 0. 0. .010. .1 0. .1 0. 0. 0. 0. 0. .5 0.
6I30. 0. 0. 0. 0. 0. 0. 0. 0. 0. 0. 0. 0. 0. 0. 0. 0. 0. 0. 0. 0. 0. 0. 0. 0.
6I40. .1 0. 0. .1 0. 0. 0. 0. 0. 0. 0. 0. 0. 0. 0. 0. 0. 0. 0. 0. 0. 0. 0. 0.
6I550.0. 0. 0. 0. 0. 0. 0.
8A14. 0. 0. 0. 0. 0. 0. .5 3. 2. 0. 0. 0. 0. 0. 0. 0. 0. 0. 0. 0. 0. 0. 0. 0.
8A20. 0. 0. 0. 0. 0. 0. 0. .5 0. 0. 0. 0. 0. 0. .010. .1 0. 0. 0. 0. 0. 0. 0.
8A30. 0. 0. 0. 0. 0. 0. 0. 0. 0. 0. 0. 0. 0. 0. 0. 0. 0. 0. 0. 0. 0. 0. 0. 0.
8A40. .010. 0. 0. .010. 0. 0. 0. 0. 0. 0. 0. 0. 0. 0. 0. 0. 0. 0. 0. 0. 0. 0.
8A554.0. 0. 0. 0. 0. 0. 0.
8C11. 0. 0. 0. 0. 0. 0. 1. 6. 4. 0. 0. 0. 0. 0. 0. 0. 0. 0. 0. 0. 0. 0. 0. 0.
8C20. 0. 0. 0. 0. 0. 0. 0. 2. .010. 0. 0. 0. 0. .1 0. .1 0. 0. 0. 0. 0. .1 0.
8C30. 0. 0. 0. 0. 0. 0. 0. 0. 0. 0. 0. 0. 0. 0. 0. 0. 0. 0. 0. 0. 0. 0. 0. 0.
8C40. .1 0. 0. .010. 0. 0. 0. 0. 0. 0. 0. 0. 0. 0. 0. 0. 0. 0. 0. 0. 0. 0. 0.
8C551.0. 0. 0. 0. 0. 0. 0.
8E14. 0. 0. 0. 0. 0. 0. .5 4. 1. 0. 0. 0. 0. 0. 0. 0. 0. 0. 0. 0. 0. 0. 0. 0.
8E20. 0. 0. 0. 0. 0. 0. 0. 1. .010. 0. 0. 0. 0. 0. 0. .1 0. 0. 0. 0. 0. 0. 0.
8E30. 0. 0. 0. 0. 0. 0. 0. 0. 0. 0. 0. 0. 0. 0. 0. 0. 0. 0. 0. 0. 0. 0. 0. 0.
8E40. .010. 0. .01.010. 0. 0. 0. 0. 0. 0. 0. 0. 0. 0. 0. 0. 0. 0. 0. 0. 0. 0.
8E551.0. 0. 0. 0. 0. 0. 0.
8G110.0. 0. 0. 0. 0. 0. 2. 15.15..010. 0. 0. 0. 0. 0. 0. 0. 0. 0. 0. 0. 0. 0.
8G20. 0. 0. 0. 0. 0. 0. 0. .5 0. 0. 0. 0. 0. 0. 0. 0. .1 0. 0. 0. 0. 0. .1 0.
8G30. 0. 0. 0. 0. 0. 0. 0. 0. 0. 0. 0. 0. 0. 0. 0. 0. 0. 0. 0. 0. 0. 0. 0. 0.
8G40. .1 .1 0. .01.010. 0. 0. 0. 0. 0. 0. 0. 0. 0. 0. 0. 0. 0. 0. 0. 0. 0. 0.
8G553.0. 0. 0. 0. 0. 0. 0.
8I112.0. 0. 0. 0. 0. 0. 4. 30.2. 0. 0. .010. 0. 0. 0. 0. 0. 0. 0. 0. 0. 0. 0.
8I20. 0. 0. 0. 0. 0. 0. 0. .5 0. 0. 0. 0. .010. .010. .1 0. 0. 0. 0. 0. 10.0.
8I30. 0. 0. 0. 0. 0. 0. 0. 0. 0. 0. 0. 0. 0. 0. 0. 0. 0. 0. 0. 0. 0. 0. 0. 0.
8I40. .01.5 0. 0. 0. 0. 0. 0. 0. 0. 0. 0. 0. 0. 0. .010. 0. 0. 0. 0. 0. 0. 0.
8I553.0. 0. 0. 0. 0. 0. 0.
0A15. 0. 0. 0. 0. 0. 0. .5 2. 2. 0. 0. 0. 0. 0. 0. 0. 0. 0. .5 0. 0. 0. 0. 0.
0A20. 0. 0. 0. 0. 0. 0. 0. .5 0. 0. 0. 0. 0. 0. .010. .010. 0. 0. 0. 0. 0. 0.
0A30. 0. 0. 0. 0. 0. 0. 0. 0. 0. 0. 0. 0. 0. 0. 0. 0. 0. 0. 0. 0. 0. 0. 0. 0.
0A40. .010. 0. 0. 0. 0. 0. 0. 0. 0. 0. 0. 0. 0. 0. 0. 0. 0. 0. 0. 0. 0. 0. 0.
0A539.0. 0. 0. 0. 0. 0. 0.
0C16. 0. 0. 0. 0. 0. 0. .1 .5 3. 0. 0. 0. 0. 0. 0. 0. 0. 0. 0. 0. 0. 0. 0. 0.
0C20. 0. 0. 0. 0. 0. 0. 0. .5 .010. 0. 0. 0. 0. .010. .1 0. 0. 0. 0. 0. 0. 0.
0C30. 0. 0. 0. 0. 0. 0. 0. 0. 0. 0. 0. 0. 0. 0. 0. 0. 0. 0. 0. 0. 0. 0. 0. 0.
0C40. .010. 0. .010. 0. 0. 0. 0. 0. 0. 0. 0. 0. 0. 0. 0. 0. 0. 0. 0. 0. 0. 0.
0C539.0. 0. 0. 0. 0. 0. 0.
0E110.0. 0. 0. 0. 0. 0. .5 1. 3. 0. 0. 0. 0. 0. 0. 0. 0. 0. 0. 0. 0. 0. 0. 0.
0E20. 0. 0. 0. 0. 0. 0. 0. .1 0. 0. 0. 0. 0. 0. .010. .1 0. 0. 0. 0. 0. 0. 0.
0E30. 0. 0. 0. 0. 0. 0. 0. 0. 0. 0. 0. 0. 0. 0. 0. 0. 0. 0. 0. 0. 0. 0. 0. 0.
0E40. .010. 0. 0. 0. 0. 0. 0. 0. 0. 0. 0. 0. 0. 0. 0. 0. 0. 0. 0. 0. 0. 0. 0.
0E541.0. 0. 0. 0. 0. 0. 0.
0G13. 0. 0. 0. 0. 0. 0. .1 1. 3. 0. 0. 0. 0. 0. 0. 0. 0. 0. 0. 0. 0. 0. 0. 0.
0G20. 0. 0. 0. 0. 0. 0. 0. .1 0. 0. 0. 0. 0. 0. .010. .1 0. 0. 0. 0. 0. 0. 0.
0G30. 0. 0. 0. 0. 0. 0. .010. 0. 0. 0. 0. 0. 0. 0. 0. 0. 0. 0. 0. 0. 0. 0. 0.
0G40. .010. 0. 0. 0. 0. 0. 0. 0. 0. 0. 0. 0. 0. 0. 0. 0. 0. 0. 0. 0. 0. 0. 0.
0G541.0. 0. 0. 0. 0. 0. 0.
0I13. 0. 0. 0. 0. 0. 0. .1 .5 2. 0. 0. 0. 0. 0. 0. 0. 0. 0. 0. 0. 0. 0. 0. 0.
0I20. 0. 0. 0. 0. 0. 0. 0. .1 0. 0. 0. 0. 0. 0. .010. 0. 0. 0. 0. 0. 0. 0. 0.
0I30. 0. 0. 0. 0. 0. 0. 0. 0. 0. 0. 0. 0. 0. 0. 0. 0. 0. 0. 0. 0. 0. 0. 0. 0.
0I40. .010. 0. 0. 0. 0. 0. 0. 0. 0. 0. 0. 0. 0. 0. 0. 0. 0. 0. 0. 0. 0. 0. 0.
0I540.0. 0. 0. 0. 0. 0. 0.
2A18. 0. 0. 0. 0. 0. 0. .5 4. 2. 0. 0. 0. 0. 0. 0. 0. 0. 0. 0. 0. 0. 0. 0. 0.
2A20. 0. 0. 0. 0. 0. 0. 0. .1 0. 0. 0. 0. 0. 0. 0. 0. .1 0. 0. 0. 0. 0. 0. 0.
2A30. 0. 0. 0. 0. 0. 0. 0. 0. 0. 0. 0. 0. 0. 0. 0. 0. 0. 0. 0. 0. 0. 0. 0. 0.
2A40. .010. 0. 0. 0. 0. 0. 0. 0. 0. 0. 0. 0. 0. 0. 0. 0. 0. 0. 0. 0. 0. 0. 0.
2A540.0. 0. 0. 0. 0. 0. 0.
2C14. 0. 0. 0. 0. 0. 0. 1. 6. 2. 0. 0. 0. 0. 0. 0. 0. 0. 0. 0. 0. 0. 0. 0. 0.
2C20. 0. 0. 0. 0. 0. 0. 0. .5 .010. 0. 0. 0. 0. .010. 0. 0. 0. 0. 0. 0. 0. 0.
2C30. 0. 0. 0. 0. 0. 0. 0. 0. 0. 0. 0. 0. 0. 0. 0. 0. 0. 0. 0. 0. 0. 0. 0. 0.
2C40. .010. 0. 0. 0. 0. 0. 0. 0. 0. 0. 0. 0. 0. 0. 0. 0. 0. 0. 0. 0. 0. 0. 0.
2C540.0. 0. 0. 0. 0. 0. 0.
2E15. 0. 0. 0. 0. 0. 0. .5 5. 3. 0. 0. 0. 0. 0. 0. 0. 0. 0. 0. 0. 0. 0. 0. 0.
2E20. 0. 0. 0. 0. 0. 0. 0. .5 0. 0. 0. 0. 0. 0. .010. 0. 0. 0. 0. 0. 0. .1 0.
2E30. 0. 0. 0. 0. 0. 0. 0. 0. 0. 0. 0. 0. 0. 0. 0. 0. 0. 0. 0. 0. 0. 0. 0. 0.
2E40. .010. 0. 0. 0. 0. 0. 0. 0. 0. 0. 0. 0. 0. 0. 0. 0. 0. 0. 0. 0. 0. 0. 0.
2E541.0. 0. 0. 0. 0. 0. 0.
2G18. 0. 0. 0. 0. 0. 0. .5 1. 4. 0. 0. 0. 0. 0. 0. 0. 0. 0. 0. 0. 0. 0. 0. 0.
2G20. 0. 0. 0. 0. 0. 0. 0. 1. 0. 0. 0. 0. 0. 0. .1 0. 0. 0. 0. 0. 0. 0. 0. 0.
2G30. 0. 0. 0. 0. 0. 0. 0. 0. 0. 0. 0. 0. 0. 0. 0. 0. 0. 0. 0. 0. 0. 0. 0. 0.
2G40. .010. 0. 0. 0. 0. 0. 0. 0. 0. 0. 0. 0. 0. 0. 0. 0. 0. 0. 0. 0. 0. 0. 0.
2G541.0. 0. 0. 0. 0. 0. 0.
2I18. 0. 0. 0. 0. 0. 0. .5 3. 4. 0. 0. 0. 0. 0. 0. 0. 0. 0. 0. 0. 0. 0. 0. 0.
2I20. 0. 0. 0. 0. 0. 0. 0. 1. 0. 0. 0. 0. 0. 0. .010. .1 0. 0. 0. 0. 0. 0. 0.
2I30. 0. 0. 0. 0. 0. 0. 0. 0. 0. 0. 0. 0. 0. 0. 0. 0. 0. 0. 0. 0. 0. 0. 0. 0.
2I40. .010. 0. 0. 0. 0. 0. 0. 0. 0. 0. 0. 0. 0. 0. 0. 0. 0. 0. 0. 0. 0. 0. 0.
2I540.0. 0. 0. 0. 0. 0. 0.
4A18. 0. 0. 0. 0. 0. 0. 1. 12..1 0. 0. 0. 0. 0. 0. 0. .1 0. 2. 0. 0. 0. 0. 0.
4A20. 0. 0. 0. 0. 0. 0. 0. .1 0. 0. 0. 0. 0. 0. .1 0. .1 0. 0. 0. 0. 0. 0. 0.
4A30. 0. 0. 0. 0. 0. 0. 0. 0. 0. 0. 0. 0. 0. 0. 0. 0. 0. 0. 0. 0. 0. 0. 0. 0.
4A40. .010. 0. .010. 0. 0. 0. 0. 0. 0. 0. 0. 0. 0. 0. 0. 0. 0. 0. 0. 0. 0. 0.
4A541.0. 0. 0. 0. 0. 0. 0.
4C15. 0. 0. 0. 0. 0. 0. .5 6. 1. 0. 0. 0. 0. 0. 0. 0. 0. 0. 2. 0. 0. 0. 0. 0.
4C20. 0. 0. 0. 0. 0. 0. 0. .1 0. 0. 0. 0. 0. 0. .1 0. 0. 0. 0. 0. 0. 0. 0. 0.
4C30. 0. 0. .010. 0. 0. 0. 0. 0. 0. 0. 0. 0. 0. 0. 0. 0. 0. 0. 0. 0. 0. 0. 0.
4C40. .010. 0. 0. 0. 0. 0. 0. 0. 0. 0. 0. 0. 0. 0. 0. 0. 0. 0. 0. 0. 0. 0. 0.
4C540.0. 0. 0. 0. 0. 0. 0.
4E17. 0. 0. 0. 0. 0. 0. .5 12.1. 0. 0. 0. 0. 0. 0. 0. 0. 0. 0. 0. 0. 0. 0. 0.
4E20. 0. 0. 0. 0. 0. 0. 0. .1 .010. 0. 0. 0. 0. .1 0. 0. 0. 0. 0. 0. 0. 0. 0.
4E30. 0. 0. 0. 0. 0. 0. 0. 0. 0. 0. 0. 0. 0. 0. 0. 0. 0. 0. 0. 0. 0. 0. 0. 0.
4E40. .010. 0. .010. 0. 0. 0. 0. 0. 0. 0. 0. 0. 0. 0. 0. 0. 0. 0. 0. 0. 0. 0.
4E542.0. 0. 0. 0. 0. 0. 0.
4G15. 0. 0. 0. 0. 0. 0. 1. 4. 2. 0. 0. 0. 0. 0. 0. 0. 0. 0. 0. 0. 0. 0. 0. 0.
4G20. 0. 0. 0. 0. 0. 0. 0. .1 .010. 0. 0. 0. 0. .010. .1 0. 0. 0. 0. 0. 0. 0.
4G30. 0. 0. 0. 0. 0. 0. 0. 0. 0. 0. 0. 0. 0. 0. 0. 0. 0. 0. 0. 0. 0. 0. 0. 0.
4G40. .010. 0. .010. 0. 0. 0. 0. 0. 0. 0. 0. 0. 0. 0. 0. 0. 0. 0. 0. 0. 0. 0.
4G541.0. 0. 0. 0. 0. 0. 0.
4I14. 0. 0. 0. 0. 0. 0. .5 5. 2. 0. 0. 0. 0. 0. 0. 0. 0. 0. 0. 0. 0. 0. 0. 0.
4I20. 0. 0. 0. 0. 0. 0. 0. .1 0. 0. 0. 0. 0. 0. 0. 0. 0. 0. 0. 0. 0. 0. 0. 0.
4I30. 0. 0. 0. 0. 0. 0. 0. 0. 0. 0. 0. 0. 0. 0. 0. 0. 0. 0. 0. 0. 0. 0. 0. 0.
4I40. .010. 0. 0. 0. 0. 0. 0. 0. 0. 0. 0. 0. 0. 0. 0. 0. 0. 0. 0. 0. 0. 0. 0.
4I542.0. 0. 0. 0. 0. 0. 0.
6A17. 0. 0. 0. 0. 0. 0. .5 5. .1 0. 0. 0. 0. 0. 0. 0. 0. 0. 0. 0. 0. 0. 0. 0.
6A20. 0. 0. 0. 0. 0. 0. 0. .5 .010. 0. 0. 0. 0. 0. 0. .1 0. 0. 0. 0. 0. 0. 0.
6A30. 0. 0. 0. 0. 0. 0. 0. 0. 0. 0. 0. 0. 0. 0. 0. 0. 0. 0. 0. 0. 0. 0. 0. 0.
6A40. .010. 0. .010. 0. 0. 0. 0. 0. 0. 0. 0. 0. 0. 0. 0. 0. 0. 0. 0. 0. 0. 0.
6A542.0. 0. 0. 0. 0. 0. 0.
6C14. 0. 0. 0. 0. 0. 0. .5 8. 0. 0. 0. 0. 0. 0. 0. 0. .1 0. 1. 0. 0. 0. 0. 0.
6C20. 0. 0. 0. 0. 0. 0. 0. .5 0. 0. 0. 0. 0. 0. .010. .010. 0. 0. 0. 0. 0. 0.
6C30. 0. 0. 0. 0. 0. 0. 0. 0. 0. 0. 0. 0. 0. 0. 0. 0. 0. 0. 0. 0. 0. 0. 0. 0.
6C40. .010. 0. 0. 0. 0. 0. 0. 0. 0. 0. 0. 0. 0. 0. 0. 0. 0. 0. 0. 0. 0. 0. 0.
6C542.0. 0. 0. 0. 0. 0. 0.
6E16. 0. 0. 0. 0. 0. 0. 1. 3. 3. 0. 0. 0. 0. 0. 0. 0. 0. 0. 0. 0. 0. 0. 0. 0.
6E20. 0. 0. 0. 0. 0. 0. 0. 1. 0. 0. 0. 0. 0. 0. .010. .010. 0. 0. 0. 0. 0. 0.
6E30. 0. 0. .010. 0. 0. 0. 0. 0. 0. 0. 0. 0. 0. 0. 0. 0. 0. 0. 0. 0. 0. 0. 0.
6E40. .010. 0. 0. 0. 0. 0. 0. 0. 0. 0. 0. 0. 0. 0. 0. 0. 0. 0. 0. 0. 0. 0. 0.
6E51. 0. 0. 0. 0. 0. 0. 0.
6G12. 0. 0. 0. 0. 0. 0. 1. 4. 10.0. 0. 0. 0. 0. 0. 0. 0. 0. 0. 0. 0. 0. 0. 0.
6G20. 0. 0. 0. 0. 0. 0. 0. 1. .010. 0. 0. 0. 0. .010. .1 0. 0. 0. 0. 0. 0. 0.
6G30. 0. 0. 0. 0. 0. 0. 0. 0. 0. 0. 0. 0. 0. 0. 0. 0. 0. 0. 0. 0. 0. 0. 0. 0.
6G40. .010. 0. 0. 0. 0. 0. 0. 0. 0. 0. 0. 0. 0. 0. 0. 0. 0. 0. 0. 0. 0. 0. 0.
6G541.0. 0. 0. 0. 0. 0. 0.
6I10. 0. 0. 0. 0. 0. 0. 1. 8. 5. 0. 0. 0. 0. 0. 0. 0. 0. 0. 0. 0. 0. 0. 0. 0.
6I20. 0. 0. 0. 0. 0. 0. 0. .5 0. 0. 0. 0. 0. 0. .010. .1 0. 0. 0. 0. 0. .1 0.
6I30. 0. 0. 0. 0. 0. 0. 0. 0. 0. 0. 0. 0. 0. 0. 0. 0. 0. 0. 0. 0. 0. 0. 0. 0.
6I40. .01.010. 0. 0. 0. 0. 0. 0. 0. 0. 0. 0. 0. 0. .010. 0. 0. 0. 0. 0. 0. 0.
6I540.0. 0. 0. 0. 0. 0. 0.
8A14. 0. 0. 0. 0. 0. 0. .5 4. 4. 0. 0. 0. 0. 0. 0. 0. 0. 0. 0. 0. 0. 0. 0. 0.
8A20. 0. 0. 0. 0. 0. 0. 0. .5 0. 0. 0. 0. 0. 0. 0. 0. .1 0. 0. 0. 0. 0. 0. 0.
8A30. 0. 0. 0. 0. 0. 0. 0. 0. 0. 0. 0. 0. 0. 0. 0. 0. 0. 0. 0. 0. 0. 0. 0. 0.
8A40. .010. 0. 0. .010. 0. 0. 0. 0. 0. 0. 0. 0. 0. 0. 0. 0. 0. 0. 0. 0. 0. 0.
8A543.0. 0. 0. 0. 0. 0. 0.
8C12. 0. 0. 0. 0. 0. 0. 1. 8. 3. 0. 0. 0. 0. 0. 0. 0. 0. 0. 0. 0. 0. 0. 0. 0.
8C20. 0. 0. 0. 0. 0. 0. 0. 1. 0. 0. 0. 0. 0. 0. .1 0. .1 0. 0. 0. 0. 0. 0. 0.
8C30. 0. 0. 0. 0. 0. 0. 0. 0. 0. 0. 0. 0. 0. 0. 0. 0. 0. 0. 0. 0. 0. 0. 0. 0.
8C40. .010. 0. 0. 0. 0. 0. 0. 0. 0. 0. 0. 0. 0. 0. 0. 0. 0. 0. 0. 0. 0. 0. 0.
8C542.0. 0. 0. 0. 0. 0. 0.
8E14. 0. 0. 0. 0. 0. 0. 1. 4. 2. 0. 0. 0. 0. 0. 0. 0. .1 0. 0. 0. 0. 0. 0. 0.
8E20. 0. 0. 0. 0. 0. 0. 0. .1 0. 0. 0. 0. 0. 0. 0. 0. .1 0. 0. 0. 0. 0. 0. 0.
8E30. 0. 0. 0. 0. 0. 0. 0. 0. 0. 0. 0. 0. 0. 0. 0. 0. 0. 0. 0. 0. 0. 0. 0. 0.
8E40. .010. 0. 0. .010. 0. 0. 0. 0. 0. 0. 0. 0. 0. 0. 0. 0. 0. 0. 0. 0. 0. 0.
8E541.0. 0. 0. 0. 0. 0. 0.
8G18. 0. 0. 0. 0. 0. 0. 2. 20.6. .1 0. 0. 0. 0. 0. 0. 0. 0. 0. 0. 0. 0. 0. 0.
8G20. 0. 0. 0. 0. 0. 0. 0. .5 0. 0. 0. 0. 0. 0. .010. .1 0. 0. 0. 0. 0. 0. 0.
8G30. 0. 0. .010. 0. 0. 0. 0. 0. 0. 0. 0. 0. 0. 0. 0. 0. 0. 0. 0. 0. 0. 0. 0.
8G40. .01.010. .010. 0. 0. 0. 0. 0. 0. 0. 0. 0. 0. 0. 0. 0. 0. 0. 0. 0. 0. 0.
8G542.0. 0. 0. 0. 0. 0. 0.
8I112.0. 0. 0. 0. 0. 0. 1. 25.2. 0. 0. .010. 0. 0. 0. 0. 0. 0. 0. 0. 0. 0. 0.
8I20. 0. 0. 0. 0. 0. 0. 0. 1. 0. 0. 0. 0. 0. 0. .010. .1 0. 0. 0. 0. 0. 1. 0.
8I30. 0. 0. 0. 0. 0. 0. 0. 0. 0. 0. 0. 0. 0. 0. 0. 0. 0. 0. 0. 0. 0. 0. 0. 0.
8I40. .01.010. 0. 0. 0. 0. 0. 0. 0. 0. 0. 0. 0. 0. 0. 0. 0. 0. 0. 0. 0. 0. 0.
8I541.0. 0. 0. 0. 0. 0. 0.
