0A115.0. 0. 0. 0. 0. 0. .5 2. 1. 2. 0. 0. 0. 0. 0. 0. 0. 25.0. 0. 0. 0. 0. 0.
0A20. 0. 0. .5 0. 0. 0. 0. .5 0. 0. 0. 0. 0. .1 0. 0. 0. 0. 0. 0. 0. 0. 0. 0.
0A30. 0. .1 0. 0. 0. 0. 0. 0. 0. 0. 0. 0. 0. 0. 0. 0. 0. 0. 0. 0. 0. 0. 0. 0.
0A40. .01.1 .01.010. 0. 0. 0. .010. 0. 0. 0. 0. 0. 0. 0. 0. 0. 0. 0. 0. 0. 0.
0A559.0. 0. 0. 0. 0. 0. 0.
0C110.0. 0. 0. 0. 0. 0. 0. 3. 4. 4. 0. 0. 0. 0. 0. 0. 0. 0. 0. 0. 0. 0. 0. 0.
0C20. 0. 0. .1 .1 .01.1 0. 1. 0. .1 0. 0. 0. .1 .1 0. 0. 0. 0. 0. 0. 0. 0. 0.
0C30. 0. 0. 0. 0. 0. 0. 0. 0. 0. 0. 0. 0. 0. 0. 0. 0. 0. 0. 0. 0. 0. 0. 0. 0.
0C40. .1 .5 .1 .1 0. 0. 0. 0. .01.1 0. 0. 0. 0. 0. 0. 0. 0. 0. 0. 0. 0. 0. 0.
0C559.0. 0. 0. 0. 0. 0. 0.
0E112.0. 0. 0. 0. 0. 0. 0. 20.7. 3. 0. 0. 0. 0. 0. 0. 0. 0. 0. 0. 0. 0. 0. 0.
0E20. 0. 0. .5 .1 .1 .1 0. 0. .01.01.010. 0. .1 0. 0. 0. .1 0. 0. 0. 0. 0. 0.
0E30. 0. 0. 0. 0. 0. 0. 0. 0. 0. 0. 0. 0. 0. 0. 0. 0. 0. 0. 0. 0. 0. 0. 0. 0.
0E40. .1 1. .1 0. 0. 0. 0. 0. .1 1. 0. 0. 0. 0. 0. .010. 0. 0. 0. 0. 0. 0. 0.
0E558.0. 0. 0. 0. 0. 0. 0.
0G115.0. 0. 0. 0. 0. 0. .1 4. 0. 4. 0. 0. 0. 0. 0. 0. 0. 2. 0. 0. 0. 0. 0. 0.
0G20. 0. 0. 2. 0. 0. .1 0. 0. 0. .1 0. 0. 0. .1 .5 0. 0. 0. 0. 0. 0. 0. 0. .01
0G30. 0. 0. 0. 0. 0. 0. 0. 0. 0. 0. 0. 0. 0. 0. 0. 0. 0. 0. 0. 0. 0. 0. 0. 0.
0G40. .012. .1 0. 0. 0. 0. 0. .011. 0. 0. 0. 0. 0. .010. 0. 0. 0. 0. 0. 0. 0.
0G558.0. 0. 0. 0. 0. 0. 0.
0I14. 0. .5 0. 0. 0. 0. 2. 5. 10.4. 0. 0. 0. 0. 0. 0. 0. 0. 0. 0. 0. 0. 0. 0.
0I20. 0. 0. .5 .1 .010. .010. .1 .1 .1 0. 0. .5 .1 .5 0. 0. 0. 0. 0. 0. 0. 0.
0I30. 0. 0. 0. 0. 0. 0. 0. 0. 0. 0. 0. 0. 0. 0. 0. 0. 0. 0. 0. 0. 0. 0. 0. 0.
0I40. .1 .1 .5 .1 0. 0. 0. 0. .1 0. 0. 0. 0. 0. 0. .010. 0. 0. 0. 0. 0. 0. 0.
0I560.0. 0. 0. 0. 0. 0. 0.
2A110.0. 0. .1 0. 0. 0. 6. 3. 0. 3. 0. 0. 0. 0. 0. 0. 0. 25.1. 0. 0. 0. 0. 0.
2A20. 0. 0. 1. 0. 0. 0. 0. .5 0. 0. 0. 0. 0. 0. 0. 0. 0. 0. .5 .1 0. 0. 1. 0.
2A30. 0. .5 .1 0. 0. 0. 0. 0. 0. 0. 0. 0. 0. 0. 0. 0. 0. 0. 0. 0. 0. 0. 0. 0.
2A40. 0. .5 0. 0. 0. 0. 0. 0. 0. 0. 0. 0. 0. 0. 0. .010. 0. .1 0. 0. 0. 0. 0.
2A556.0. 0. 0. 0. 0. 0. 0.
2C18. 0. 0. 0. 0. 0. 0. 8. 4. 4. 3. 0. 0. 0. 0. 0. 0. 0. 0. 0. 0. 0. 0. 0. 0.
2C20. 0. 0. 1. .5 0. .1 .5 4. 0. 0. 0. 0. 0. .5 0. 0. 0. .1 0. 0. 0. 0. 0. 0.
2C30. 0. 0. 0. 0. 0. 0. 0. 0. .010. 0. 0. 0. 0. 0. 0. 0. 0. 0. 0. 0. 0. 0. 0.
2C40. .01.5 0. .1 0. 0. 0. 0. .01.010. 0. 0. 0. 0. .010. 0. 0. 0. 0. 0. 0. 0.
2C556.0. 0. 0. 0. 0. 0. 0.
2E16. 0. 0. 0. 0. 0. 0. .5 5. 10.4. 0. 0. 0. 0. 0. 0. 0. 0. 0. 0. 0. 0. 0. 0.
2E20. 0. 0. .5 .1 .1 .1 0. 0. .01.1 .1 0. 0. 1. 0. 0. 0. .1 0. 0. 0. 0. 0. 0.
2E30. 0. 0. 0. 0. 0. 0. 0. 0. 0. 0. 0. 0. 0. 0. 0. 0. 0. 0. 0. 0. 0. 0. 0. 0.
2E40. .1 1. .1 .010. 0. 0. 0. .1 .1 0. 0. 0. 0. 0. .010. 0. 0. 0. 0. 0. 0. 0.
2E557.0. 0. 0. 0. 0. 0. 0.
2G1.1 0. 0. 0. 0. 0. 0. 3. 15.4. 3. 0. 0. 0. 0. 0. 0. 0. 4. 0. 0. 0. 0. 0. 0.
2G20. 0. 0. .5 0. .01.1 0. 2. .010. .1 0. 0. .5 .1 0. 0. 0. 0. 0. 0. 0. 0. .01
2G30. 0. 0. 0. 0. 0. 0. 0. 0. 0. 0. 0. 0. 0. 0. 0. 0. 0. 0. 0. 0. 0. 0. 0. 0.
2G40. .011. .1 0. 0. 0. 0. 0. .01.5 0. 0. 0. 0. 0. .010. 0. 0. 0. 0. 0. 0. 0.
2G558.0. 0. 0. 0. 0. 0. 0.
2I110.0. 0. 0. 0. 0. 0. 12.15.5. 3. 0. 0. 0. 0. 0. 0. 0. 0. 0. 0. 0. 0. 0. 0.
2I20. 0. 0. .5 0. 0. 0. 0. .5 .010. .1 0. 0. .1 0. 2. 0. 0. 0. 0. 0. 0. .5 0.
2I30. 0. 0. 0. 0. 0. 0. 0. 0. 0. 0. 0. 0. 0. 0. 0. 0. 0. 0. 0. 0. 0. 0. 0. 0.
2I40. .011. .1 .1 0. 0. 0. 0. .01.1 0. 0. 0. 0. 0. .010. 0. 0. 0. 0. 0. 0. 0.
2I556.0. 0. 0. 0. 0. 0. 0.
4A16. 0. 0. 0. 0. 0. 0. 3. 4. 0. .5 0. 0. 0. 0. 0. 0. 0. 45.0. 0. 0. 0. 0. 0.
4A20. 0. 0. .1 0. 0. 0. 0. .5 0. 0. .1 0. 0. 0. 0. 0. 0. 0. 0. 0. 0. 0. .5 0.
4A30. 0. 0. .1 0. 0. 0. 0. 0. 0. 0. 0. 0. 0. 0. 0. 0. 0. 0. 0. 0. 0. 0. 0. 0.
4A40. .01.1 0. .010. 0. 0. 0. .01.1 0. 0. 0. 0. 0. .010. 0. 0. 0. 0. 0. 0. 0.
4A556.0. 0. 0. 0. 0. 0. 0.
4C112.1. 0. 0. 0. 0. 0. .5 8. 4. 3. 0. 0. 0. 0. 0. 0. 0. 0. 0. 0. 0. 0. 0. 0.
4C20. 0. 0. .5 .1 .1 0. 0. 3. 0. 0. 0. 0. 0. .010. 0. 0. 0. 0. 0. 0. 0. 0. 0.
4C30. 0. 0. 0. 0. 0. 0. 0. 0. 0. 0. 0. 0. 0. 0. 0. 0. 0. 0. 0. 0. 0. 0. 0. 0.
4C40. 0. .1 .1 0. 0. 0. .1 0. .01.5 0. 0. 0. 0. 0. 0. 0. 0. 0. 0. 0. 0. 0. 0.
4C557.0. 0. 0. 0. 0. 0. 0.
4E15. 0. 0. 0. 0. 0. 0. 2. 3. 4. 0. 0. 0. 0. 0. 0. 0. 0. 3. 0. 0. 0. 0. 0. 0.
4E20. 0. 0. .1 .1 .1 .1 0. 3. .010. .1 0. 0. .5 0. 0. .1 0. 0. 0. 0. 0. 0. .01
4E30. 0. 0. 0. 0. 0. 0. 0. 0. 0. 0. 0. 0. 0. 0. 0. 0. 0. 0. 0. 0. 0. 0. 0. 0.
4E40. .012. .1 0. 0. 0. 0. 0. .010. 0. 0. 0. 0. 0. 0. 0. 0. 0. 0. 0. 0. 0. 0.
4E557.0. 0. 0. 0. 0. 0. 0.
4G116.0. 0. 0. 0. 0. 0. 3. 3. 5. 3. 0. 0. 0. 0. 0. 0. 0. 10.0. 0. 0. 0. 0. 0.
4G20. 0. 0. .5 0. .010. 0. 2. .010. 0. 0. 0. 0. 0. 0. 0. 0. 0. 0. 0. 0. .1 .01
4G30. 0. 0. .1 0. 0. 0. 0. 0. 0. 0. 0. 0. 0. 0. 0. 0. 0. 0. 0. 0. 0. 0. 0. 0.
4G40. .1 1. .1 .010. 0. 0. 0. .01.1 0. 0. 0. 0. 0. .1 0. 0. 0. 0. 0. 0. 0. 0.
4G559.0. 0. 0. 0. 0. 0. 0.
4I19. 0. 0. 0. 0. 0. 0. 2. 9. 5. 4. 0. 0. 0. 0. 0. 0. 0. 3. .5 0. 0. 0. 0. 0.
4I20. 0. 0. .1 0. 0. .010. 3. 0. 0. .010. 0. .1 0. 0. 0. .1 0. 0. 0. 0. .1 0.
4I30. 0. 0. 0. 0. 0. 0. 0. 0. 0. 0. 0. 0. 0. 0. 0. 0. 0. 0. 0. 0. 0. 0. 0. 0.
4I40. .01.1 .1 0. 0. 0. 0. 0. .01.1 0. 0. 0. 0. 0. .010. 0. 0. 0. 0. 0. 0. 0.
4I559.0. 0. 0. 0. 0. 0. 0.
6A122.0. 0. 0. 0. 0. 0. 2. 4. 4. 3. 0. 0. 0. 0. 0. 0. 0. 0. 0. 0. 0. 0. 0. 0.
6A20. 0. 0. .5 0. .1 .1 .011. 0. 0. 0. 0. 0. .1 .01.010. .010. 0. 0. 0. 0. 0.
6A30. 0. 0. 0. 0. 0. 0. 0. 0. 0. 0. 0. 0. 0. 0. 0. 0. 0. 0. 0. 0. 0. 0. 0. 0.
6A40. .01.5 .1 0. 0. 0. 0. 0. .01.1 0. 0. 0. 0. 0. 0. 0. 0. 0. 0. 0. 0. 0. 0.
6A557.0. 0. 0. 0. 0. 0. 0.
6C110.0. 0. 0. 0. 0. 0. 0. 7. 3. 2. 0. 0. 0. 0. 0. 0. 0. 0. 0. 0. 0. 0. 0. 0.
6C20. 0. 0. 1. .1 .1 .1 0. 1. 0. .010. 0. 0. .1 0. 2. 0. .010. 0. 0. 0. 0. 0.
6C30. 0. 0. 0. 0. 0. 0. 0. 0. 0. 0. 0. 0. 0. 0. 0. 0. 0. 0. 0. 0. 0. 0. 0. 0.
6C40. .1 .1 .01.010. 0. 0. 0. .01.5 0. 0. 0. 0. 0. .010. 0. 0. 0. 0. 0. 0. 0.
6C557.0. 0. 0. 0. 0. 0. 0.
6E115.0. 0. 0. 0. 0. 0. .5 7. 7. 2. 0. 0. 0. 0. 0. 0. 0. 0. 0. 0. 0. 0. 0. 0.
6E20. 0. 0. .5 0. .01.010. 3. .010. 0. 0. 0. .010. .1 .1 .1 0. 0. 0. 0. 0. .01
6E3.010. 0. 0. 0. 0. 0. 0. 0. 0. 0. 0. 0. .010. 0. 0. 0. 0. 0. 0. 0. 0. 0. 0.
6E40. .1 .5 .1 0. 0. 0. 0. 0. .1 .5 0. 0. 0. 0. 0. .1 0. 0. 0. 0. 0. 0. 0. 0.
6E557.0. 0. 0. 0. 0. 0. 0.
6G120.0. 0. 0. 0. 0. 0. 2. 3. 6. 3. 0. 0. 0. 0. 0. 0. .5 0. 0. 0. 0. 0. 0. 0.
6G20. 0. 0. .1 .1 .01.1 .1 4. .01.010. 0. 0. 0. 0. 0. 0. 0. 0. 0. 0. 0. 0. 0.
6G30. 0. 0. 0. 0. 0. 0. 0. 0. 0. 0. 0. 0. 0. 0. 0. 0. 0. 0. 0. 0. 0. 0. 0. 0.
6G40. .1 .1 1. .010. 0. 0. 0. .01.5 0. 0. 0. 0. 0. .010. 0. 0. 0. 0. 0. 0. 0.
6G557.0. 0. 0. 0. 0. 0. 0.
6I14. 0. 0. 0. 0. 0. 0. 1. 5. 6. 5. 0. 0. 0. 0. 0. 0. 0. 0. 0. 0. 0. 0. 0. 0.
6I20. 0. 0. 1. .5 .1 .1 0. 1. .010. 0. 0. 0. 1. 0. 1. 0. .1 0. 0. 0. 0. 0. 0.
6I30. 0. 0. 0. 0. 0. 0. 0. 0. 0. 0. 0. 0. 0. 0. 0. 0. 0. 0. 0. 0. 0. 0. 0. 0.
6I40. .1 .1 .5 0. 0. 0. 0. 0. .1 .1 0. 0. 0. 0. 0. .010. 0. 0. 0. 0. 0. 0. 0.
6I558.0. 0. 0. 0. 0. 0. 0.
8A15. 0. 0. 0. 0. 0. 0. .5 4. 5. 3. 0. 0. 0. 0. 0. 0. 0. 0. 0. 0. 0. 0. 0. 0.
8A20. 0. 0. .1 .1 .5 .1 0. .5 0. 0. .010. 0. .5 .1 .5 0. .1 0. 0. 0. 0. 0. 0.
8A30. 0. 0. 0. 0. 0. 0. 0. 0. 0. 0. 0. 0. 0. 0. 0. 0. 0. 0. 0. 0. 0. 0. 0. 0.
8A40. .011. .1 0. 0. 0. 0. 0. .1 .1 0. 0. 0. 0. 0. .010. 0. 0. 0. 0. 0. 0. 0.
8A559.0. 0. 0. 0. 0. 0. 0.
8C17. 0. 0. .010. 0. 0. 0. 6. 8. 3. 0. 0. 0. 0. 0. 0. 0. 0. 0. 0. 1. 0. 0. 0.
8C20. 0. 0. .5 .1 .1 .5 0. 0. 0. .01.1 0. 0. .5 .011. .1 .1 0. 0. 0. 0. 0. 0.
8C30. 0. 0. 0. 0. 0. 0. 0. 0. 0. 0. 0. 0. 0. 0. 0. 0. 0. 0. 0. 0. 0. 0. 0. 0.
8C40. .1 .1 1. 0. 0. 0. 0. 0. .1 0. 0. 0. 0. 0. 0. .010. 0. 0. 0. 0. 0. 0. 0.
8C558.0. 0. 0. 0. 0. 0. 0.
8E124.0. 0. .010. 0. 0. .5 20.10.3. 0. 0. 0. 0. 0. 0. 0. 0. 0. 0. 0. 0. 0. 0.
8E20. 0. 0. 2. 0. .01.1 0. 2. .01.1 0. 0. 0. .1 .1 0. 0. 0. 0. 0. 0. 0. 0. .01
8E30. 0. 0. 0. 0. 0. 0. 0. 0. 0. 0. 0. 0. 0. 0. 0. 0. 0. 0. 0. 0. 0. 0. 0. 0.
8E40. .1 0. 1. 0. 0. 0. 0. 0. .01.1 0. 0. 0. 0. 0. .010. 0. 0. 0. 0. 0. 0. 0.
8E559.0. 0. 0. 0. 0. 0. 0.
8G110.0. 0. 0. 0. 0. 0. .5 8. 7. 2. 0. 0. 0. 0. 0. 0. 0. 0. 0. 0. 0. 0. 0. 0.
8G20. 0. 0. .1 .5 .1 .01.1 0. .1 0. .1 0. 0. .01.1 0. 0. .010. 0. 0. 0. 0. 0.
8G30. 0. 0. 0. 0. 0. 0. 0. 0. .1 0. 0. 0. 0. 0. 0. 0. 0. 0. 0. 0. 0. 0. 0. 0.
8G40. .1 0. 1. .010. 0. 0. 0. .1 0. 0. 0. 0. 0. 0. .010. 0. 0. 0. 0. 0. 0. 0.
8G562.0. 0. 0. 0. 0. 0. 0.
8I14. 0. 0. .1 0. 0. 0. .1 11.11.2. 0. 0. 0. 0. 0. 0. 0. 0. 0. 0. 0. 0. 0. 0.
8I20. 0. 0. .5 .1 .1 .1 0. 0. .01.01.1 0. 0. 0. 0. .5 0. .5 0. 0. 0. 0. 0. 0.
8I30. 0. 0. 0. 0. 0. 0. 0. 0. 0. 0. 0. 0. 0. 0. 0. 0. 0. 0. 0. 0. 0. 0. 0. 0.
8I40. .1 0. .5 .010. 0. 0. 0. .1 0. 0. 0. 0. 0. 0. .010. 0. 0. 0. 0. 0. 0. 0.
8I563.0. 0. 0. 0. 0. 0. 0.
