0A1  1  0  0  0  0  0  0 .1  3 .1  0  0  0  0  0  0  0 .1  0  5  0  0  0  0  0
0A2  0  0  0  0  0  0  0  0 .5  0  0  0  0  0  0 .1  0  0  0  0  0  0  0 .1  0
0A3  0  0  0  0  0  0  0  0  0  0  0  0  0  0  0  0  0  0  0  0  0  0  0  0  0
0A4  0  0  0  0  0  0  0  0  0  0  0  0  0  0  0  0  0  2  0  0  0  0  0  0  0
0A5 36  0  0  0  0  0  0  0  0  0  0  0  0 
0C1  3  0 12  0  0  0  0 .1  2  0 .1  0  0  0  0  0  0.01  0 10  0  0  0  0  0
0C2  0  0  0  0  0  0  0  0 .5  0  0  0  0  0  0  0  0  0  0  0  0  0  0  2  0
0C3  0  0  0  0  0  0  0  0  0  0  0  0  0  0  0  0  0  0  0  0  0  0  0  0  0
0C4  0  0.01  0  0  0  0  0  0  0  0  0  0  0  0  0  0  4  0  0  0  0  0  0  0
0C5 34  0  0  0  0  0  0  0  0  0  0  0  0 
0E1  0  0  4  0  0  0  0 .5  2 .5.01  0  0  0  0  0  0 .5  0 20  0  0  0  0  0
0E2  0  0  0  0  0  0  0  0  1  0  0  0  0  0  0  0  0  0  0  0  0  0  0  3  0
0E3  0  0  0  0  0  0  0  0  0  0  0  0  0  0  0  0  0  0  0  0  0  0  0  0  0
0E4  0  0  0  0  0  0  0  0  0  0  0  0  0  0  0  0  0  0  1  0  0  0  0  0  0
0E5 34  0  0  0  0  0  0  0  0  0  0  0  0 
0G1  3  0  2  0  0  0  0 .1  1  1.01  0  0  0  0  0  0  0  0  3  0  0  0  0 .1
0G2  0  0  0  0  0  0  0  0  1  0  0  0  0  0  0  0  0  0  0  0  0  0  0  5  0
0G3  0  0  0  0  0  0  0  0  0  0  0  0  0  0  0  0  0  0  0  0  0  0  0  0  0
0G4  0  0.01  0  0  0  0  0  0  0  0  0  0  0  0  0  0  0  0  0  0  0  0  0  0
0G5 34  0  0  0  0  0  0  0  0  0  0  0  0 
0I1  5  0 .5 .1.01  0  0 .1  4  0.01  0  0  0  0  0  0.01  0  4  0  0  0  0  0
0I2  0  0  0  0  0  0  0  0  3  0  0  0  0  0  0  0  0  0  0  0  0  0  0  2  0
0I3  0  0  0  0  0  0  0  0  0  0  0  0  0  0  0  0  0  0  0  0  0  0  0  0  0
0I4  0  0.01  0  0  0  0  0  0  0  0  0  0  0  0  0  0  0  0  0.01  0  0  0  0
0I5 35  0  0  0  0  0  0  0  0  0  0  0  0 
2I1  3  0  4  0  0  0  0.01  4  0 .1  0  0  0  0  0  0.01  0  7  0  0  0  0  0
2I2  0  0  0  0  0  0  0  0 .5  0  0  0  0  0  0  0  0  0  0  0  0  0  0  1  0
2I3  0  0  0.01  0  0  0  0  0  0  0  0  0  0  0  0  0  0  0  0  0  0  0  0  0
2I4  0  0.01  0  0  0  0  0  0  0  0.01  0  0  0  0  0  0  0  0  0  0  0 .1  0
2I5 34  0  0  0  0  0  0  0  0  0  0  0  0 
2G1  3  0  5  0  0  0  0 .1  3  0 .1  0  0  0  0  0  0 .1  0  3  0  0  0  0 .1
2G2  0  0  0  0  0  0  0  0  1  0  0  0  0  0  0  0  0  0  0  0  0  0  0  2  0
2G3  0  0  0  0  0  0  0  0  0  0  0  0  0  0  0  0  0  0  0  0  0  0  0  0  0
2G4  0  0.01  0  0  0  0  0  0  0  0  0  0  0  0  0  0  0  0  0  0  0  0  0  0
2G5 36  0  0  0  0  0  0  0  0  0  0  0  0 
2E1  2  0  2  0  0  0  0 .1  5 .5.01  0  0  0  0  0  0.01  0 15  0  0  0  0.01
2E2  0  0  0  0  0  0  0  0  2  0  0  0  0  0  0  0  0  0  0  0  0  0  0  1  0
2E3  0  0  0  0  0  0  0  0  0  0  0  0  0  0  0  0  0  0  0  0  0  0  0  0  0
2E4  0  0.01  0  0  0  0  0  0  0  0  0  0  0  0  0  0  0  0  0  0  0  0  0  0
2E5 34  0  0  0  0  0  0  0  0  0  0  0  0 
2C1  2  0 17  0  0  0  0.01  2  0.01  0  0  0  0  0  0 .1  0  4  0  0  0  0  0
2C2  0  0  0  0  0  0  0  0  1  0  0  0  0  0  0 .1  0  0  0  0  0  0  0  2  0
2C3  0  0  0  0  0  0  0  0  0  0  0  0  0  0  0  0  0  0  0  0  0  0  0  0  0
2C4  0  0.01  0  0  0  0  0  0  0  0  0  0  0  0  0  0  0  0  0  0  0  0  0  0
2C5 35  0  0  0  0  0  0  0  0  0  0  0  0 
2A1  8  0  0  0  0  0  0 .1  6  5.01  0  0  0  0  0  0 .1  0  6  0  0  0  0  1
2A2  0  0  0  0  0  0  0  0  3  0  0  0  0  0  0 .1  0  0  0  0  0  0  0 .1  0
2A3  0  0  0  0  0  0  0  0  0  0  0  0  0  0  0  0  0  0  0  0  0  0  0  0  0
2A4  0  0.01  0  0  0  0  0  0  0  0  0  0  0  0  0  0  0  0  0  0  0  0  0  0
2A5 36  0  0  0  0  0  0  0  0  0  0  0  0 
4A1  5  0 15  0  0  0  0.01  3 .5 .1  0  0  0  0  0  0.01  0  5  0  0  0  0  0
4A2  0  0  0  0  0  0  0  0  1  0  0  0  0  0  0.01  0  0  0  0  0  0  0  2  0
4A3  0  0  0  0  0  0  0  0  0  0  0  0  0  0  0  0  0  0  0  0  0  0  0  0  0
4A4  0  0.01  0  0  0  0  0  0  0  0  0  0  0  0  0  0  0  0  0  0  0  0  0  0
4A5 36  0  0  0  0  0  0  0  0  0  0  0  0 
4C1  5  0  5 .1  0  0  0 .1 10 .1.01  0  0  0  0  0  0 .1  0  2  0  0  0  0  0
4C2  0  0  0  0  0  0  0  0  1  0  0  0  0  0  0.01  0  0  0  0  0  0  0  1  0
4C3  0  0  0  0  0  0  0  0  0  0  0  0  0  0  0  0  0  0  0  0  0  0  0  0  0
4C4  0  0.01  0  0  0  0  0  0  0  0  0  0  0  0  0  0  0  0  0  0  0  0  0  0
4C5 36  0  0  0  0  0  0  0  0  0  0  0  0 
4E1  7  0 17 .1  0  0  0.01  2  0 .1  0  0  0  0  0  0  0  0  1  0  0  0  0 .1
4E2  0  0  0  0  0  0  0  0 .5  0  0  0  0  0  0  0  0  0  0  0  0  0  0 .5  0
4E3  0  0  0 .1  0  0  0  0  0  0  0  0  0  0  0  0  0  0  0  0  0  0  0  0  0
4E4  0  0.01  0  0  0  0  0  0  0  0  0  0  0  0  0  0  0  0  0  0  0  0  0  0
4E5 36  0  0  0  0  0  0  0  0  0  0  0  0 
4G1  1  0  1  0  0  0  0.01  6  0.01  0  0  0  0  0  0  0  0  3  0  0  0  0.01
4G2  0  0  0  0  0  0  0  0  2  0  0  0  0  0  0.01  0  0  0  0  0  0  0 .5  0
4G3  0  0  0  0  0  0  0  0  0  0  0  0  0  0  0  0  0  0  0  0  0  0  0  0  0
4G4  0  0.01  0  0  0  0  0  0  0  0  0  0  0  0  0  0  0  0  0  0  0  0  0  0
4G5 34  0  0  0  0  0  0  0  0  0  0  0  0 
4I1  3  0  4  0  0  0  0 .1 12  0 .1  0  0  0  0  0  0 .1  0 10  0  0  0  0  0
4I2  0  0  0  0  0  0  0  0  2  0  0  0  0  0  0.01  0  0  0  0  0  0  0  1  0
4I3  0  0  0  0  0  0  0  0  0  0  0  0  0  0  0  0  0  0  0  0  0  0  0  0  0
4I4  0  0.01  0  0  0  0  0  0  0  0  0  0  0  0  0  0  0  0  0  0  0  0 .5  0
4I5 34  0  0  0  0  0  0  0  0  0  0  0  0 
6I1  7  0 20  0  0  0  0.01  1  0 .1  0  0  0  0  0  0.01  0  1  0  0  0  0  0
6I2  0  0  0  0  0  0  0  0 .5  0  0  0  0  0  0  0  0  0  0  0  0  0  0  1  0
6I3  0  0  0  0  0  0  0  0  0  0  0  0  0  0  0  0  0  0  0  0  0  0  0  0  0
6I4  0  0.01  0  0  0  0  0  0  0  0  0  0  0  0  0  0  0  0  0  0  0  0  0  0
6I5 35  0  0  0  0  0  0  0  0  0  0  0  0 
6G1  6  0  5 .1  0  0  0 .1  4  0.01  0  0  0  0  0  0.01  0  3  0  0  0  0.01
6G2  0  0  0  0  0  0  0  0  3  0  0  0  0  0  0  0  0  0  0  0  0  0  0  1  0
6G3  0  0  0  0  0  0  0  0  0  0  0  0  0  0  0  0  0  0  0  0  0  0  0  0  0
6G4  0  0.01  0  0  0  0  0  0  0  0  0  0  0  0  0  0  0  0  0  0  0  0  0  0
6G5 34  0  0  0  0  0  0  0  0  0  0  0  0 
6E1  2  0  7 .5  0  0  0 .1 10  0.01  0  0  0  0  0  0 .5  0  5  0  0  0  0  0
6E2  0  0  0  0  0  0  0  0  1  0  0  0  0  0  0  0  0  0  0  0  0  0  0  1  0
6E3  0  0  0  0  0  0  0  0  0  0  0  0  0  0  0  0  0  0  0  0  0  0  0  0  0
6E4  0  0.01  0  0  0  0  0  0  0  0  0  0  0  0  0  0  0  0  0  0  0  0  0  0
6E5 34  0  0  0  0  0  0  0  0  0  0  0  0 
6C1  1  0  4  4  0  0  0 .5  8  0.01  0  0  0  0  0  0 .1  0 12  0  0  0  0  0
6C2  0  0  0  0  0  0  0  0 .1  0  0  0  0  0  0.01  0  0  0  0  0  0  0  1  0
6C3  0  0  0  0  0  0  0  0  0  0  0  0  0  0  0  0  0  0  0  0  0  0  0  0  0
6C4  0  0 .1  0  0  0  0  0  0  0  0  0  0  0  0  0  0  0  0  0  0  0  0  0  0
6C5 34  0  0  0  0  0  0  0  0  0  0  0  0 
6A1 .5  0 12  0  0  0  0.01  1  0.01  0  0  0  0  0  0 .5  0  8  0  0  0  0  0
6A2  0  0  0  0  0  0  0  0  0  0  0  0  0  0  0  0  0  0  0  0  0  0  0  2  0
6A3  0  0  0  0  0  0  0  0  0  0  0  0  0  0  0  0  0  0  0  0  0  0  0  0  0
6A4  0  0  0  0  0  0  0  0  0  0  0.01  0  0  0  0  0  0 .5  0  0  0  0  0  0
6A5 34  0  0  0  0  0  0  0  0  0  0  0  0 
8A1 .5  0  0  0  0  0  0 .1 10  0.01  0  0  0  0  0  0 .5  0 20  0  0  0  0  0
8A2  0  0  0  0  0  0  0  0  2  0  0  0  0  0  0.01  0  0  0  0  0  0  0  4  0
8A3  0  0  0  0  0  0  0  0  0  0  0  0  0  0  0  0  0  0  0  0  0  0  0  0  0
8A4  0  0  0  0  0  0  0  0  0  0  0  0  0  0  0  0  0  0 .5  0  0  0  0  0  0
8A5 35  0  0  0  0  1.01  0  0  0  0  0  0 
8C1  4  0 17  0  0  0  0 .1  8  1 .1  0  0  0  0  0  0.01  0  6  0  0  0  0  0
8C2  0  0  0  0  0  0  0  0.01  0  0  0  0  0  0 .1  0  0  0  0  0  0  0  2  0
8C3  0  0  0  0  0  0  0  0  0  0  0  0  0  0  0  0  0  0  0  0  0  0  0  0  0
8C4  0  0  0  0  0  0  0  0  0  0  0  0  0  0  0  0  0  0  1  0  0  0  0  0  0
8C5 34  0  0  0  0.01  0  0  0  0  0  0  0 
8E1 .5  0 15  0  0  0  0.01  2  0 .1  0  0  0  0  0  0 .1  0  3  0  0  0  0  0
8E2  0  0  0  0  0  0  0  0 .5  0  0  0  0  0  0  0  0  0  0  0  0  0  0  1  0
8E3  0  0  0  0  0  0  0  0  0  0  0  0  0  0  0  0  0  0  0  0  0  0  0  0  0
8E4  0  0  0  0  0  0  0  0  0  0  0  0  0  0  0  0  0  0  0  0  0  0  0  0  0
8E5 34  0  0  0  0  0  0  0  0  0  0  0  0 
8G1  3  0 10  0  0  0  0.01  6  0.01  0  0  0  0  0  0 .1  0  4  0  0  0  0  0
8G2  0  0  0  0  0  0  0  0  1  0  0  0  0  0  0  0  0  0  0  0  0  0  0  2  0
8G3  0  0  0  0  0  0  0  0  0  0  0  0  0  0  0  0  0  0  0  0  0  0  0  0  0
8G4  0  0  0  0  0  0  0  0  0  0  0  0  0  0  0  0  0  0  0  0  0  0  0  0  0
8G5 35  0  0  0  0  0  0  0  0  0  0  0  0 
8I1  2  0  0  0  0  0  0 .5 20  3.01  0  0  0  0  0  0 .1  0  4  0  0  0  0 .5
8I2  0  0  0  0  0  0  0  0  1  0  0  0  0  0  0 .1  0  0  0  0  0  0  0  1  0
8I3  0  0  0  0  0  0  0  0  0  0  0  0  0  0  0  0  0  0  0  0  0  0  0  0  0
8I4  0  0.01  0  0  0  0  0  0  0  0  0  0  0  0  0  0  0  0  0  0  0  0  1  0
8I5 36  0  0  0  0  0  0  0  0  0  0  0  0 
0A1  2  0  0  0  0  0  0  4  6  0  0  0  0  0  0  0  0 .5  0  5  0  0  0  0  0
0A2  0 .1  0 .1  0  0  0  0  1  0  0  0  0  0  0 .5  0  0  0  0  0  0  0  7  0
0A3  0 .1  0  0  0  0  2  0  0  0  0  0  0  0  0  0  0  0  0  0  0  0  0  0  0
0A4  0  0  0  0  0  0  0  0  0  0  0 .1  0  0  0  0  0  2  0  0  0  0  0  0  0
0A5 58  0  0  0  0  0  0  0  0  0  0  0  0
0C1  4  0 12  0  0  0  0  2  2  0  1  0  0  0  0  0  0 .5  0 20  0  0  0  0  0
0C2  0  0  0 .1  0  0  0  0 .5  0  0  0  0  0  0 .1 .1  0  0  0 .1  0  0 10  0
0C3  0 .1  0  0  0  0 .5  0  0  0  0  0  0  0  0  0  0  0  0  0  0  0  0  0  0
0C4  0  0  0  0  0  0  0  0  0  0  0 .1  0  0  0  0  0  4  0  0  0  0  0  0  0
0C5 55  0  0  0  0  0  0  0  0  0  0  0  0
0E1  0  0  4  0  0  0  0  1  4  0 .5  0  0  0  0  0  0  2  0 25  0  0  0  0  0
0E2  0  0  0  1  0  0  0  0  2  0  0  0  0  0  0 .1 .1  0  0  0 .5  0  0 15  0
0E3  0 .1  0  0  0  0 .5  0  0  0  0  0  0  0  0  0  0  0  0  0  0  0  0  0  0
0E4  0  0  0  0  0  0  0  0  0  0  0.01  0  0  0  0  0  0  0  0  0  0  0 .5  0
0E5 56  0  0  0  0  0  0  0  0  0  0  0  0
0G1  6  0  3  0  0  0  0  1  2 .5  0  0  0  0  0  0  0 .1  0  4  0  0  0  0  2
0G2  0 .1  0 .5  0  0  0.01  4  0  0  0  0  0  0  0 .1  0  0  0 .5  0  0 17  0
0G3  0 .1  0  0  0  0 .5  0  0  0  0  0  0  0  0  0  0  0  0  0  0  0  0  0  0
0G4  0  0 .1  0  0  0  0  0  0  0  0 .1  0  0  0  0  0  0  0  0  0  0  0  0  0
0G5 55  0  0  0  0  0  0  0  0  0  0  0  0
0I1  7  0 .5  1  0  0  0  1  5  0  0  0  0  0  0  0  0  0  0  8  0  0  0 .5  0
0I2  0  0  0 .5  0  0  0.01  4  0  0  0  0  0  0 .1 .1  0  0  0 .1  0  0  4  0
0I3  0  0  0  0  0  0  3  0  0  0  0  0  0  0  0  0  0  0  0  0  0  0  0  0  0
0I4  0  0 .1  0  0  0  0  0  0  0  0 .1  0  0  0  0  0  0  0  0  0  0  0  0  0
0I5 58  0  0  0  0  0  0  0  0  0  0  0  0
2I1  9  0  4  0  0  0  0 .5 10  0  2  0  0  0  0  0  0 .5  0 12  0  0  0  0  0
2I2  0  0  0  1  0  0  0  0 .5  0  0  0  0  0  0 .1 .1  0  0  0 .5  0  0  3  0
2I3  0  0  0.01  0  0  0  0  0  0  0  0  0  0  0  0  0  0  0  0  0  0  0  0  0
2I4  0  0 .1  0  0  0  0  0  0  0  0 .5  0  0  0  0  0  0  0  0  0  0  0 .1  0
2I5 58  0  0  0  0  0  0  0  0  0  0  0  0
2G1  3  0 10  0  0  0  0 .5  7  0  1  0  0  0  0  0  0  1  0  6  0  0  0  0 .5
2G2  0 .1  0 .1  0  0  0  0  1  0  0  0  0  0  0 .1 .1  0  0  0  0  0  0  5  0
2G3  0  0  0  0  0  0  0  0  0  0  0  0  0  0  0  0  0  0  0  0  0  0  0  0  0
2G4  0  0 .1  0  0  0  0  0  0  0  0  0  0  0  0  0  0  0  0  0  0  0  0  0  0
2G5 62  0  0  0  0  0  0  0  0  0  0  0  0
2E1  2  0  4  0  0  0  1 12  1  1  0  0  0  0  0  0 .5  0 20  0  0  0  0  0  0
2E2  0  0  0 .5  0  0  0  0  2  0  0  0  0  0  0 .1 .1  0 .1  0 .5  0  0 15  0
2E3  0 .1  0  0  0  0  0  0  0  0  0  0  0  0  0  0  0  0  0  0  0  0  0  0  0
2E4  0.01 .1  0  0  0  0  0  0  0  0.01  0  0  0  0  0  0  0  0  0  0  0  0  0
2E5 56  0  0  0  0  0  0  0  0  0  0  0  0
2C1  5  0 15  0  0  0  0  2  5  0  1  0  0  0  0  0  0  0  0 10  0  0  0  0  0
2C2  0 .1  0 .5  0  0  0  0  2  0  0  0  0  0  0 .1 .5  0  0  0 .5  0  0 10  0
2C3  0 .1  0  0  0  0  1  0  0  0  0  0  0  0  0  0  0  0  0  0  0  0  0  0  0
2C4  0  0 .1  0  0  0  0  0  0  0  0.01  0  0  0  0  0  0  0  0  0  0  0  0  0
2C5 59  0  0  0  0  0  0  0  0  0  0  0  0
2A1 10  0  0  0  0  0  0  2  6 14  2  0  0  0  0  0  0 .5  0 10  0  0  0  0  3
2A2  0  0  0  1  0  0 .1  0  3  0  0  0  0  0  0 .1 .1  0 .1  0 .5  0  0  3  0
2A3  0  0  0  0  0  0  0  0  0  0  0  0  0  0  0  0  0  0  0  0  0  0  0  0  0
2A4  0  0 .5  0  0  0  0  0  0  0  0 .1  0  0  0  0  0  0  0  0  0  0  0  0  0
2A5 60  0  0  0  0  0  0  0  0  0  0  0  0
4A1 10  0 15  0  0  0  0  1  5 .5  3  0  0  0  0  0  0 .1  0  8  0  0  0  0 .5
4A2  0  0  0 .5  0  0  0  0  1  0  0  0  0  0  0 .1 .1  0  0  0 .1  0  0  8  0
4A3  0  0  0  0  0  0  0  0  0  0  0  0  0  0  0  0  0  0  0  0  0  0  0  0  0
4A4  0  0 .1  0  0  0  0  0  0  0  0 .1  0  0  0  0  0  0  0  0  0  0  0  0  0
4A5 57  0  0  0  0  0  0  0  0  0  0  0  0
4C1 12  0  7 .1  0  0  0  2 20  0 .5  0  0  0  0  0  0 .5  0  2  0  0  0  0  0
4C2  0 .1  0  2  0  0  0  0  4  0  0  0  0  0  0 .1 .1  0.01  0 .1  0  0  7  0
4C3  0  0  0  0  0  0 .1  0  0  0  0  0  0  0  0  0  0  0  0  0  0  0  0  0  0
4C4  0  0.01  0  0  0  0  0  0  0  0 .1  0  0  0  0  0  0  0  0  0  0  0  0  0
4C5 60  0  0  0  0  0  0  0  0  0  0  0  0
4E1 10  0 17 .5  0  0  0 .5  3  0  2  0  0  0  0  0  0 .5  0  1  0  0  0  0  1
4E2  0  0  0 .5  0  0  0  0  2  0  0  0  0  0  0  0 .1  0  0 .5  0  0  0  1  0
4E3  0  0  0  0  0  0  0  0  0  0  0  0  0  0  0  0  0  0  0  0  0  0  0  0  0
4E4  0  0 .5  0  0  0  0  0  0  0  0  0  0  0  0  0  0  0  0  0  0  0  0  0  0
4E5 60  0  0  0  0  0  0  0  0  0  0  0  0
4G1  1  0  1 .1  0  0  0  1 12 .1  3  0  0  0  0  0  0  0  0  8  0  0  0  0 .5
4G2  0  0  0  3  0  0  0  0  5  0  0  0  0  0  0  0 .5  0  0  0  0  0  0  2  0
4G3  0  0  0.01  0  0 .5  0  0  0  0  0  0  0  0  0  0  0  0  0  0  0  0  0  0
4G4  0  0 .1  0  0  0  0  0  0  0  0  0  0  0  0  0  0  0  0  0  0  0  0  0.01
4G5 58  0  0  0  0  0  0  0  0  0  0  0  0
4I1  3  0  4 .5  0  0  0  1  8  0  3  0  0  0  0  0  0  1  0 15  0  0  0  0  0
4I2  0  0  0 .5  0  0  0  0  4  0  0  0  0  0  0  0 .1  0  0  0  1  0  0  4  0
4I3  0  0 .1  0  0  0  2  0  0  0  0  0  0  0  0  0  0  0  0  0  0  0  0  0  0
4I4  0  0 .5  0  0  0  0  0  0  0  0 .1  0  0  0  0  0  0  0  0  0  0  0 .5  0
4I5 62  0  0  0  0  0  0  0  0  0  0  0  0
6I1  5  0 18  0  0  0  0 .5  2  0  3  0  0  0  0  0  0  0  0 .5  0  0  0 .1  0
6I2  0  0  0 .1  0  0  0  0 .5  0  0  0  0  0  0  0  0 .5  0  0  0 .5  0  4  0
6I3  0  0  0  0  0  0  0  0  0  0  0  0  0  0  0  0  0  0  0  0  0  0  0  0  0
6I4  0  0 .1  0  0  0  0  0  0  0  0  0  0  0  0  0  0  0  0  0  0  0  0  0.01
6I5 63  0  0  0  0  0  0  0  0  0  0  0  0
6G1 12  0  3 .5  0  0  0  2 12  0  2  0  0  0  0  0  0  0  0  5  0  0  0  0  0
6G2  0  0  0  3  0  0  0  0  5  0  0  0  0  0  0  0 .5  0  0  0  0  0  0  4  0
6G3  0  0  0  0  0  0  1  0  0  0  0  0  0  0  0  0  0  0  0  0  0  0  0  0  0
6G4  0  0 .5  0  0  0  0  0  0  0  0.01  0  0  0  0  0  0  0  0  0  0  0  0.01
6G5 62  0  0  0  0  0  0  0  0  0  0  0  0
6E1  4  0  7  1  0  0  0 .5 10  0  3  0  0  0  0  0  0  2  0 10  0  0  0  0  0
6E2  0  0  0  4  0  0  0  0  4  0  0  0  0  0  0  0 .5  0  0 .5  0  0  0  7  0
6E3  0  0  0  0  0  0  0  0  0  0  0  0  0  0  0  0  0  0  0  0  0  0  0  0  0
6E4  0  0 .1  0  0  0  0  0  0  0  0  0  0  0  0  0  0  0  0  0  0  0  0  0  0
6E5 62  0  0  0  0  0  0  0  0  0  0  0  0
6C1  2  0  4  4  0  0  0  2  7  0 .5  0  0  0  0  0  0 .5  0 12  0  0  0  0  0
6C2  0  0  0  4  0  0  0  0  1  0  0  0  0  0  0  0 .1  0  0  0 .1  0  0 20  0
6C3  0 .1  0  0  0  0  2  0  0  0  0  0  0  0  0  0  0  0  0  0  0  0  0  0  0
6C4  0  0.01  0  0  0  0  0  0  0  0.01  0  0  0  0  0  0  0  0  0  0  0  0  0
6C5 60  0  0  0  0  0  0  0  0  0  0  0  0
6A1  0  0 15  0  0  0  0 .1  2  0  2  0  0  0  0  0  0  2  0  8  0  0  0  0  0
6A2  0  0  0 .1  0  0  0  0 .1  0  0  0  0  0  0.01 .1  0  0  0 .1  0  0  5  0
6A3  0 .5  0  0  0  0  2  0  0  0  0  0  0  0  0  0  0  0  0  0  0  0  0  0  0
6A4  0  0  0  0  0  0  0  0  0  0  0 .5  0  0  0  0  0  0 .5 .5  0  0  0  0 .5
6A5 61  0  0  0  0  0  0  0  0  0  0  0  0
8A1  1  0 .1 .1  0  0  0  1 12  0  1  0  0  0  0  0  0  2  0 12  0  0  0  0  0
8A2  0  0  0  1  0  0  0.01  3  0  0  0  0  0  0  3  0  0 .1  0 .5  0  0 20  0
8A3  0  1  0  0  0  0  5  0  0  0  0  0  0  0  0  0  0  0  0  0  0  0  0  0  0
8A4  0  0  0  0  0  0  0  0  0  0  0 .5  0  0  0  0  0  0 .5  0  0  0  0  0  0
8A5 58  0  0  0  0  0  0  0  0  0  0  0  0
8C1  3  0 17  0  0  0  0  3  7  1  1  0  0  0  0  0  0 .5  0  7  0  0  0  0  0
8C2  0  0  0 .5  0  0  0  0 .5  0  0  0  0  0  0 .1  0  0.01  0 .1  0  0 12  0
8C3  0  0  0  0  0  0  0  0  0  0  0  0  0  0  0  0  0  0  0  0  0  0  0  0  0
8C4  0.01  0  0  0  0  0  0  0  0  0.01  0  0  0  0  0 .5  0  0  0  0  0  0  0
8C5 58  0  0  0  0  0  0  0  0  0  0  0  0
8E1  0  0 20  0  0  0  0  0  2  0  1  0  0  0  0  0  0  0  0  4  0  0  0  0  0
8E2  0  0  0 .5  0  0  0  0 .1  0  0  0  0  0  0  0 .1  0  0 .1  0  0  0  5  0
8E3  0 .1  0  0  0  0  0  0  0  0  0  0  0  0  0  0  0  0  0  0  0  0  0  0  0
8E4  0  0  0  0  0  0  0  0  0  0  0.01  0  0  0  0  0  0  0  0  0  0  0  0.01
8E5 61  0  0  0  0  0  0  0  0  0  0  0  0
8G1 10  0 10  0  0  0  0  1 12  0  4  0  0  0  0  0  0 .5  0  4  0  0  0 .1 .5
8G2  0  0  0 .5  0  0  0  0  1  0  0  0  0  0  0 .1 .5  0  0  0 .5  0  0  7  0
8G3  0  0  0  0  0  0 .5  0  0  0  0  0  0  0  0  0  0  0  0  0  0  0  0  0  0
8G4  0  0  1  0  0  0  0  0  0  0  0.01  0  0  0  0  0  0  0  0  0  0  0  0.01
8G5 60  0  0  0  0  0  0  0  0  0  0  0  0
8I1  8  0 .5  0  0  0  0 .5 20 .1  2  0  0  0  0  0  0 .5  0  5  0  0  0  0 .5
8I2  0  0  0 .1  0  0  0  0  3  0  0  0  0  0  0 .5 .1  0  0  0 .1  0  0  3  0
8I3  0  0  0  0 .5  0 .1  0  0  0  0  0  0  0  0  0  0  0  0  0  0  0  0  0  0
8I4  0  0 .1  0  0  0  0  0  0  0  0 .1  0  0  0  0  0  0  0  0  0  0  0  2  0
8I5 64  0  0  0  0  0  0  0  0  0  0  0  0
