0A112.0. 0. 0. 0. 0. 0. .1 0. .5 0. 0. 0. 0. 0. 0. 0. 0. 0. 0. 0. 0. 0. 0. 0.
0A20. 0. 0. 0. 0. 0. 0. 0. 0. 0. .1 .010. 0. .1 0. 0. 0. 0. 0. 0. .010. 0. 0.
0A30. 0. 0. 0. 0. 0. 0. 0. 0. 0. 0. 0. 0. 0. 0. 0. 0. 0. 0. 0. 0. 0. 0. 0. 0.
0A40. .010. 0. 0. 0. 0. 0. 0. 0. 0. 0. 0. 0. 0. 0. 0. 0. 0. 0. 0. 0. 0. 0. 0.
0A540.0. 0. 0. 0. 0. 0. 0.
0C120.0. 0. 0. 0. 0. 0. 0. 0. 5. 0. 0. 0. 0. 0. 0. 0. 0. 0. 0. 0. 0. 0. 0. 0.
0C20. 0. 0. 0. 0. 0. 0. 0. 0. 0. .010. 0. 0. .010. 0. .1 0. 0. 0. 0. 0. 0. 0.
0C30. 0. 0. 0. 0. 0. 0. 0. 0. 0. 0. 0. 0. 0. 0. 0. 0. 0. 0. 0. 0. 0. 0. 0. 0.
0C40. .010. 0. 0. 0. 0. 0. 0. 0. 0. 0. 0. 0. 0. 0. 0. 0. 0. 0. 0. 0. 0. 0. 0.
0C539.0. 0. 0. 0. 0. 0. 0.
0E115.0. 0. 0. 0. 0. 0. 0. 0. 10.0. 0. 0. 0. 0. 0. 0. 0. 0. 0. 0. 0. 0. 0. 0.
0E20. 0. 0. 0. 0. 0. 0. 0. 0. 0. .1 0. 0. 0. 0. 0. 0. 0. 0. 0. 0. 0. 0. 0. 0.
0E30. 0. 0. 0. 0. 0. 0. 0. 0. 0. 0. 0. 0. 0. 0. 0. 0. 0. 0. 0. 0. 0. 0. 0. 0.
0E40. .010. 0. 0. 0. 0. 0. 0. 0. 0. 0. 0. 0. 0. 0. 0. 0. 0. 0. 0. 0. 0. 0. 0.
0E540.0. 0. 0. 0. 0. 0. 0.
0G17. 0. 0. 0. 0. 0. 0. .010. 5. .010. 0. 0. 0. 0. 0. 0. 0. 0. 0. 0. 0. 0. 0.
0G20. 0. 0. 0. 0. 0. 0. 0. .1 0. .1 0. 0. 0. 0. 0. 0. 0. 0. 0. 0. 0. 0. 0. 0.
0G30. 0. 0. 0. 0. 0. 0. 0. 0. 0. 0. 0. 0. 0. 0. 0. 0. 0. 0. 0. 0. 0. 0. 0. 0.
0G40. .010. 0. 0. 0. 0. 0. 0. 0. 0. 0. 0. 0. 0. 0. 0. 0. 0. 0. 0. 0. 0. 0. 0.
0G541.0. 0. 0. 0. 0. 0. 0.
0I115.0. 0. 0. 0. 0. 0. 0. 0. 5. 0. 0. 0. 0. 0. 0. 0. 0. 0. 0. 0. 0. 0. 0. 0.
0I20. 0. 0. 0. .010. 0. 0. 0. 0. 0. 0. 0. 0. 0. 0. 0. 0. 0. 0. 0. 0. 0. 0. 0.
0I30. 0. 0. 0. 0. 0. 0. 0. 0. 0. 0. 0. 0. 0. 0. 0. 0. 0. 0. 0. 0. 0. 0. 0. 0.
0I40. .010. 0. 0. 0. 0. 0. 0. 0. 0. 0. 0. 0. 0. 0. 0. 0. 0. 0. 0. 0. 0. 0. 0.
0I540.0. 0. 0. 0. 0. 0. 0.
2A112.0. 0. 0. 0. 0. 0. .1 0. 1. 0. 0. 0. 0. 0. 0. 0. 0. 0. 0. 0. 0. 0. 0. 0.
2A20. 0. 0. 0. 0. 0. 0. 0. 0. 0. .010. 0. 0. .010. 0. .010. 0. 0. .010. 0. 0.
2A30. 0. 0. 0. 0. 0. 0. 0. 0. 0. 0. 0. 0. 0. 0. 0. 0. 0. 0. 0. 0. 0. 0. 0. 0.
2A40. .010. 0. 0. 0. 0. 0. 0. 0. 0. 0. 0. 0. 0. 0. 0. 0. 0. 0. 0. 0. 0. 0. 0.
2A540.0. 0. 0. 0. 0. 0. 0.
2C123.0. 0. 0. 0. 0. 0. 0. 0. 8. 0. 0. 0. 0. 0. 0. 0. 0. 0. 0. 0. 0. 0. 0. 0.
2C20. 0. 0. 0. 0. 0. 0. 0. 0. 0. .010. 0. 0. 0. 0. 0. .010. 0. 0. 0. 0. 0. 0.
2C30. 0. 0. 0. 0. 0. 0. 0. 0. 0. 0. 0. 0. 0. 0. 0. 0. 0. 0. 0. 0. 0. 0. 0. 0.
2C40. .010. 0. 0. 0. 0. 0. 0. 0. 0. 0. 0. 0. 0. 0. 0. 0. 0. 0. 0. 0. 0. 0. 0.
2C539.0. 0. 0. 0. 0. 0. 0.
2E120.0. 0. 0. 0. 0. 0. 0. 0. 2. 0. 0. 0. 0. 0. 0. 0. 0. 0. 0. 0. 0. 0. 0. 0.
2E20. 0. 0. 0. 0. 0. 0. 0. 0. 0. 0. 0. 0. 0. 0. 0. 0. 0. 0. 0. 0. 0. 0. 0. 0.
2E30. 0. 0. 0. 0. 0. 0. 0. 0. 0. 0. 0. 0. 0. 0. 0. 0. 0. 0. 0. 0. 0. 0. 0. 0.
2E40. .010. 0. 0. 0. 0. 0. 0. 0. 0. 0. 0. 0. 0. 0. 0. 0. 0. 0. 0. 0. 0. 0. 0.
2E539.0. 0. 0. 0. 0. 0. 0.
2G125.0. 0. 0. 0. 0. 0. .010. .5 0. 0. 0. .010. 0. 0. 0. 0. 0. 0. 0. 0. 0. 0.
2G20. 0. 0. 0. 0. 0. 0. 0. .1 0. .010. 0. 0. 0. 0. 0. .010. 0. 0. 0. 0. 0. 0.
2G30. 0. 0. 0. 0. 0. 0. 0. 0. 0. 0. 0. 0. 0. 0. 0. 0. 0. 0. 0. 0. 0. 0. 0. 0.
2G40. .010. 0. 0. 0. 0. 0. 0. 0. 0. 0. 0. 0. 0. 0. 0. 0. 0. 0. 0. 0. 0. 0. 0.
2G539.0. 0. 0. 0. 0. 0. 0.
2I120.0. 0. 0. 0. 0. 0. 0. 0. .5 0. 0. 0. 0. 0. 0. 0. 0. 0. 0. 0. 0. 0. 0. 0.
2I20. 0. 0. 0. 0. 0. 0. 0. 0. 0. .010. 0. 0. 0. 0. 0. .010. 0. 0. 0. 0. 0. 0.
2I30. 0. 0. 0. 0. 0. 0. 0. 0. 0. 0. 0. 0. 0. 0. 0. 0. 0. 0. 0. 0. 0. 0. 0. 0.
2I40. .010. 0. 0. 0. 0. 0. 0. 0. 0. 0. 0. 0. 0. 0. 0. 0. 0. 0. 0. 0. 0. 0. 0.
2I540.0. 0. 0. 0. 0. 0. 0.
4A16. 0. 0. 0. 0. 0. 0. .010. 4. 0. 0. 0. 0. 0. 0. 0. 0. 0. 0. 0. 0. 0. 0. 0.
4A20. 0. 0. 0. 0. 0. 0. 0. 0. 0. .010. 0. 0. 0. 0. 0. 0. 0. 0. 0. .010. 0. 0.
4A30. 0. 0. 0. 0. 0. 0. 0. 0. 0. 0. 0. 0. 0. 0. 0. 0. 0. 0. 0. 0. 0. 0. 0. 0.
4A40. .010. 0. 0. 0. 0. 0. 0. 0. 0. 0. 0. 0. 0. 0. 0. 0. 0. 0. 0. 0. 0. 0. 0.
4A541.0. 0. 0. 0. 0. 0. 0.
4C117.0. 0. 0. 0. 0. 0. 0. 0. 3. 0. 0. 0. 0. 0. 0. 0. 0. 0. 0. 0. 0. 0. 0. 0.
4C20. 0. 0. 0. 0. 0. 0. 0. 0. 0. .010. 0. 0. 0. 0. 0. 0. 0. 0. 0. 0. 0. 0. 0.
4C30. 0. 0. 0. 0. 0. 0. 0. 0. 0. 0. 0. 0. 0. 0. 0. 0. 0. 0. 0. 0. 0. 0. 0. 0.
4C40. .010. 0. 0. 0. 0. 0. 0. 0. 0. 0. 0. 0. 0. 0. 0. 0. 0. 0. 0. 0. 0. 0. 0.
4C540.0. 0. 0. 0. 0. 0. 0.
4E115.0. 0. 0. 0. 0. 0. 0. 0. 3. 0. 0. 0. 0. 0. 0. 0. 0. 0. 0. 0. 0. 0. 0. 0.
4E20. 0. 0. 0. 0. 0. 0. 0. 0. .01.010. 0. 0. 0. 0. 0. 0. 0. 0. 0. 0. 0. 0. 0.
4E30. 0. 0. 0. 0. 0. 0. 0. 0. 0. 0. 0. 0. 0. 0. 0. 0. 0. 0. 0. 0. 0. 0. 0. 0.
4E40. .010. 0. 0. 0. 0. 0. 0. 0. 0. 0. 0. 0. 0. 0. 0. 0. 0. 0. 0. 0. 0. 0. 0.
4E540.0. 0. 0. 0. 0. 0. 0.
4G120.0. 0. 0. 0. 0. 0. 0. 0. 2. 0. 0. 0. 0. 0. 0. 0. 0. 0. 0. 0. 0. 0. 0. 0.
4G20. 0. 0. 0. 0. 0. 0. 0. 0. 0. 0. 0. 0. 0. 0. 0. 0. 0. 0. 0. 0. 0. 0. 0. 0.
4G30. 0. 0. 0. 0. 0. 0. 0. 0. 0. 0. 0. 0. 0. 0. 0. 0. 0. 0. 0. 0. 0. 0. 0. 0.
4G40. 0. 0. 0. 0. 0. 0. 0. 0. 0. 0. 0. 0. 0. 0. 0. 0. 0. 0. 0. 0. 0. 0. 0. 0.
4G541.0. 0. 0. 0. 0. 0. 0.
4I110.0. 0. 0. 0. 0. 0. 0. 0. 5. 0. 0. 0. 0. 0. 0. 0. 0. 0. 0. 0. 0. 0. 0. 0.
4I20. 0. 0. 0. 0. 0. 0. 0. 0. .01.010. 0. 0. 0. 0. 0. 0. 0. 0. 0. 0. 0. 0. 0.
4I30. 0. 0. 0. 0. 0. 0. 0. 0. 0. 0. 0. 0. 0. 0. 0. 0. 0. 0. 0. 0. 0. 0. 0. 0.
4I40. .010. 0. 0. 0. 0. 0. 0. 0. 0. 0. 0. 0. 0. 0. 0. 0. 0. 0. 0. 0. 0. 0. 0.
4I541.0. 0. 0. 0. 0. 0. 0.
6A117.0. 0. 0. 0. 0. 0. 0. 0. 4. 0. 0. 0. 0. 0. 0. 0. 0. 0. 0. 0. 0. 0. 0. 0.
6A20. 0. 0. 0. .010. 0. 0. 0. 0. 0. 0. 0. 0. 0. 0. 0. 0. 0. 0. 0. 0. 0. 0. 0.
6A30. 0. 0. 0. 0. 0. 0. 0. 0. 0. 0. 0. 0. 0. 0. 0. 0. 0. 0. 0. 0. 0. 0. 0. 0.
6A40. 0. 0. 0. .010. 0. 0. 0. 0. 0. 0. 0. 0. 0. 0. 0. 0. 0. 0. 0. 0. 0. 0. 0.
6A541.0. 0. 0. 0. 0. 0. 0.
6C13. 0. 0. 0. 0. 0. 0. 0. 0. 2. 0. 0. 0. 0. 0. 0. 0. 0. 0. 0. 0. 0. 0. 0. 0.
6C20. 0. 0. 0. 0. 0. 0. 0. 0. 0. .010. 0. 0. 0. 0. 0. 0. 0. 0. 0. .010. 0. 0.
6C30. 0. 0. 0. 0. 0. 0. 0. 0. 0. 0. 0. 0. 0. 0. 0. 0. 0. 0. 0. 0. 0. 0. 0. 0.
6C40. .010. 0. 0. 0. 0. 0. 0. 0. 0. 0. 0. 0. 0. 0. 0. 0. 0. 0. 0. 0. 0. 0. 0.
6C545.0. 0. 0. 0. 0. 0. 0.
6E115.0. 0. 0. 0. 0. 0. 0. 0. .1 0. 0. 0. 0. 0. 0. 0. 0. 0. 0. 0. 0. 0. 0. 0.
6E20. 0. 0. 0. 0. 0. 0. 0. 0. 0. .010. 0. 0. 0. 0. 0. 0. 0. 0. 0. 0. 0. 0. 0.
6E30. 0. 0. 0. 0. 0. 0. 0. 0. 0. 0. 0. 0. 0. 0. 0. 0. 0. 0. 0. 0. 0. 0. 0. 0.
6E40. .010. 0. 0. 0. 0. 0. 0. 0. 0. 0. 0. 0. 0. 0. 0. 0. 0. 0. 0. 0. 0. 0. 0.
6E542.0. 0. 0. 0. 0. 0. 0.
6G115.0. 0. 0. 0. 0. 0. 0. 0. 4. 0. 0. 0. 0. 0. 0. 0. 0. 0. 0. 0. 0. 0. 0. 0.
6G20. 0. 0. 0. 0. 0. 0. 0. 0. 0. .010. 0. 0. 0. 0. 0. 0. 0. 0. 0. 0. 0. 0. 0.
6G30. 0. 0. 0. 0. 0. 0. 0. 0. 0. 0. 0. 0. 0. 0. 0. 0. 0. 0. 0. 0. 0. 0. 0. 0.
6G40. .010. 0. 0. 0. 0. 0. 0. 0. 0. 0. 0. 0. 0. 0. 0. 0. 0. 0. 0. 0. 0. 0. 0.
6G542.0. 0. 0. 0. 0. 0. 0.
6I14. 0. 0. 0. 0. 0. 0. 0. 0. 1. 0. 0. 0. 0. 0. 0. .1 0. 0. 0. 0. 0. 0. 0. 0.
6I20. 0. 0. 0. 0. 0. 0. 0. 0. 0. .010. 0. 0. 0. 0. 0. 0. 0. 0. 0. 0. 0. 0. 0.
6I30. 0. 0. 0. 0. 0. 0. 0. 0. 0. 0. 0. 0. 0. 0. 0. 0. 0. 0. 0. 0. 0. 0. 0. 0.
6I40. .010. 0. 0. 0. 0. 0. 0. 0. 0. 0. 0. .010. 0. 0. 0. 0. 0. 0. 0. 0. 0. 0.
6I541.0. 0. 0. 0. 0. 0. 0.
8A16. 0. 0. .010. 0. 0. 0. 0. 4. 0. 0. 0. 0. 0. 0. 0. 0. 0. 0. 0. 0. 0. 0. 0.
8A20. 0. 0. 0. .010. 0. 0. 0. 0. 0. 0. 0. 0. 0. 0. 0. 0. 0. 0. 0. .010. 0. 0.
8A30. 0. 0. 0. 0. 0. 0. 0. 0. 0. 0. 0. 0. 0. 0. 0. 0. 0. 0. 0. 0. 0. 0. 0. 0.
8A40. .010. 0. 0. 0. 0. 0. 0. 0. 0. 0. 0. 0. 0. 0. 0. 0. 0. 0. 0. 0. 0. 0. 0.
8A541.0. 0. 0. 0. 0. 0. 0.
8C120.0. 0. 0. 0. 0. 0. 0. 0. 3. 0. 0. 0. 0. 0. 0. 0. 0. 0. 0. 0. 0. 0. 0. 0.
8C20. 0. 0. 0. 0. 0. 0. 0. 0. 0. .010. 0. 0. 0. 0. 0. 0. 0. 0. 0. 0. 0. 0. 0.
8C30. 0. 0. 0. 0. 0. 0. 0. 0. 0. 0. 0. 0. 0. 0. 0. 0. 0. 0. 0. 0. 0. 0. 0. 0.
8C40. .010. 0. .010. 0. 0. 0. 0. 0. 0. 0. 0. 0. 0. 0. 0. 0. 0. 0. 0. 0. 0. 0.
8C541.0. 0. 0. 0. 0. 0. 0.
8E115.0. 0. 0. 0. 0. 0. 0. 0. 3. 0. 0. 0. 0. 0. 0. 0. 0. 0. 0. 0. 0. 0. 0. 0.
8E20. 0. 0. 0. 0. 0. 0. 0. 0. 0. .1 0. 0. 0. 0. 0. 0. 0. 0. 0. 0. 0. 0. 0. 0.
8E30. 0. 0. 0. 0. 0. 0. 0. 0. 0. 0. 0. 0. 0. 0. 0. 0. 0. 0. 0. 0. 0. 0. 0. 0.
8E40. .010. 0. 0. 0. .010. 0. 0. 0. 0. 0. 0. 0. 0. 0. 0. 0. 0. 0. 0. 0. 0. 0.
8E540.0. 0. 0. 0. 0. 0. 0.
8G14. 0. 0. 0. 0. 0. 0. 0. 0. 2. 0. 0. 0. 0. 0. 0. 0. 0. 0. 0. 0. 0. 0. 0. 0.
8G20. 0. 0. 0. 0. 0. 0. 0. 0. 0. .1 0. 0. 0. 0. 0. 0. 0. 0. 0. 0. 0. 0. 0. 0.
8G30. 0. 0. 0. 0. 0. 0. 0. 0. 0. 0. 0. 0. 0. 0. 0. 0. 0. 0. 0. 0. 0. 0. 0. 0.
8G40. .010. 0. 0. 0. .010. 0. 0. 0. 0. 0. 0. 0. 0. 0. 0. 0. 0. 0. 0. 0. 0. 0.
8G542.0. 0. 0. 0. 0. 0. 0.
8I117.0. 0. 0. 0. 0. 0. 0. 0. 2. 0. 0. 0. 0. 0. 0. .010. 0. 0. 0. 0. 0. 0. 0.
8I20. 0. 0. 0. 0. 0. 0. 0. 0. 0. .1 0. 0. 0. 0. 0. 0. 0. 0. 0. 0. 0. 0. 0. 0.
8I30. 0. 0. 0. 0. 0. 0. 0. 0. 0. 0. 0. 0. 0. 0. 0. 0. 0. 0. 0. 0. 0. 0. 0. 0.
8I40. 0. 0. 0. 0. 0. 0. 0. 0. 0. 0. 0. 0. 0. 0. 0. 0. 0. 0. 0. 0. 0. 0. 0. 0.
8I542.0. 0. 0. 0. 0. 0. 0.
0A117.0. 0. 0. 0. 0. 0. .1 0. 1. 0. 0. 0. 0. 0. 0. 0. 0. 0. 0. 0. 0. 0. 0. 0.
0A20. 0. 0. 0. 0. 0. 0. 0. 0. .01.1 0. 0. 0. .1 0. 0. 0. 0. 0. 0. .010. 0. 0.
0A30. 0. 0. 0. 0. 0. 0. 0. 0. 0. 0. 0. 0. 0. 0. 0. 0. 0. 0. 0. 0. 0. 0. 0. 0.
0A40. .010. 0. 0. 0. 0. 0. 0. 0. 0. 0. 0. 0. 0. 0. 0. 0. 0. 0. 0. 0. 0. 0. 0.
0A538.0. 0. 0. 0. 0. 0. 0.
0C120.0. 0. 0. 0. 0. 0. .010. 5. 0. 0. 0. 0. 0. 0. 0. 0. 0. 0. 0. 0. 0. 0. 0.
0C20. 0. 0. 0. 0. 0. 0. 0. 0. .01.1 0. 0. 0. .010. 0. .1 0. 0. 0. 0. 0. 0. 0.
0C30. 0. 0. 0. 0. 0. 0. 0. 0. 0. 0. 0. 0. 0. 0. 0. 0. 0. 0. 0. 0. 0. 0. 0. 0.
0C40. .010. 0. 0. 0. 0. 0. 0. 0. 0. 0. 0. 0. 0. 0. 0. 0. 0. 0. 0. 0. 0. 0. 0.
0C537.0. 0. 0. 0. 0. 0. 0.
0E117.0. 0. 0. 0. 0. 0. 0. 0. 15.0. 0. 0. 0. 0. 0. 0. 0. 0. 0. 0. 0. 0. 0. 0.
0E20. 0. 0. 0. 0. 0. 0. 0. 0. 0. 0. 0. 0. 0. 0. 0. 0. .1 0. 0. 0. 0. 0. 0. 0.
0E30. 0. 0. 0. 0. 0. 0. 0. 0. 0. 0. 0. 0. 0. 0. 0. 0. 0. 0. 0. 0. 0. 0. 0. 0.
0E40. .010. 0. .010. 0. 0. 0. 0. 0. 0. 0. 0. 0. 0. 0. 0. 0. 0. 0. 0. 0. 0. 0.
0E537.0. 0. 0. 0. 0. 0. 0.
0G18. 0. 0. 0. 0. 0. 0. .010. 8. 0. 0. 0. 0. 0. 0. 0. 0. 0. 0. 0. 0. 0. 0. 0.
0G20. 0. 0. 0. .010. 0. 0. .010. .1 0. 0. 0. 0. .010. 0. 0. 0. 0. .010. 0. 0.
0G30. 0. 0. 0. 0. 0. 0. 0. 0. 0. 0. 0. 0. 0. 0. 0. 0. 0. 0. 0. 0. 0. 0. 0. 0.
0G40. .010. 0. .010. 0. 0. 0. 0. 0. 0. 0. 0. 0. 0. 0. 0. 0. 0. 0. 0. 0. 0. 0.
0G538.0. 0. 0. 0. 0. 0. 0.
0I117.0. 0. 0. 0. 0. 0. 0. 0. 6. 0. 0. 0. 0. 0. 0. 0. 0. 0. 0. 0. 0. 0. 0. 0.
0I20. 0. 0. 0. .010. 0. 0. 0. 0. 0. 0. 0. 0. 0. 0. 0. 0. 0. 0. 0. 0. 0. 0. 0.
0I30. 0. 0. 0. 0. 0. 0. 0. 0. 0. 0. 0. 0. 0. 0. 0. 0. 0. 0. 0. 0. 0. 0. 0. 0.
0I40. .010. 0. 0. 0. 0. 0. 0. 0. 0. 0. 0. 0. 0. 0. 0. 0. 0. 0. 0. 0. 0. 0. 0.
0I538.0. 0. 0. 0. 0. 0. 0.
2A112.0. 0. 0. 0. 0. 0. .1 0. 1. 0. 0. 0. 0. 0. 0. 0. 0. 0. 0. 0. 0. 0. 0. 0.
2A20. 0. 0. 0. 0. 0. 0. 0. 0. .01.1 0. 0. 0. .1 0. 0. .010. 0. 0. 0. 0. 0. 0.
2A30. 0. 0. 0. 0. 0. 0. 0. 0. 0. 0. 0. 0. 0. 0. 0. 0. 0. 0. 0. 0. 0. 0. 0. 0.
2A40. .010. 0. 0. 0. 0. 0. 0. 0. 0. 0. 0. 0. 0. 0. 0. 0. 0. 0. 0. 0. 0. 0. 0.
2A536.0. 0. 0. 0. 0. 0. 0.
2C125.0. 0. 0. 0. 0. 0. 0. 0. 6. 0. 0. 0. 0. 0. 0. 0. 0. 0. 0. 0. 0. 0. 0. 0.
2C20. 0. 0. 0. 0. 0. 0. 0. 0. 0. .1 0. 0. 0. .010. 0. .010. 0. 0. 0. 0. 0. 0.
2C30. 0. 0. 0. 0. 0. 0. 0. 0. 0. 0. 0. 0. 0. 0. 0. 0. 0. 0. 0. 0. 0. 0. 0. 0.
2C40. .010. 0. .010. 0. 0. 0. 0. 0. 0. 0. 0. 0. 0. 0. 0. 0. 0. 0. 0. 0. 0. 0.
2C537.0. 0. 0. 0. 0. 0. 0.
2E120.0. 0. 0. 0. 0. 0. 0. 0. 3. 0. 0. 0. 0. 0. 0. 0. 0. 0. 0. 0. 0. 0. 0. 0.
2E20. 0. 0. 0. 0. 0. 0. 0. 0. 0. 0. 0. 0. 0. 0. 0. 0. 0. 0. 0. 0. 0. 0. 0. 0.
2E30. 0. 0. 0. 0. 0. 0. 0. 0. 0. 0. 0. 0. 0. 0. 0. 0. 0. 0. 0. 0. 0. 0. 0. 0.
2E40. .010. 0. 0. 0. 0. 0. 0. 0. 0. 0. 0. 0. 0. 0. 0. 0. 0. 0. 0. 0. 0. 0. 0.
2E536.0. 0. 0. 0. 0. 0. 0.
2G120.0. 0. 0. 0. 0. 0. 0. 0. 2. 0. 0. 0. .010. 0. 0. 0. 0. 0. 0. 0. 0. 0. 0.
2G20. 0. 0. 0. 0. 0. 0. 0. 0. 0. .1 0. 0. 0. 0. 0. 0. 0. 0. 0. 0. .010. 0. 0.
2G30. 0. 0. 0. 0. 0. 0. 0. 0. 0. 0. 0. 0. 0. 0. 0. 0. 0. 0. 0. 0. 0. 0. 0. 0.
2G40. .010. 0. 0. 0. 0. 0. 0. 0. 0. 0. 0. 0. 0. 0. 0. 0. 0. 0. 0. 0. 0. 0. 0.
2G538.0. 0. 0. 0. 0. 0. 0.
2I117.0. 0. 0. 0. 0. 0. 0. 0. .5 0. 0. 0. 0. 0. 0. 0. 0. 0. 0. 0. 0. 0. 0. 0.
2I20. 0. 0. 0. 0. 0. 0. 0. 0. 0. .010. 0. 0. 0. 0. 0. .1 0. 0. 0. 0. 0. 0. 0.
2I30. 0. 0. 0. 0. 0. 0. 0. 0. 0. 0. 0. 0. 0. 0. 0. 0. 0. 0. 0. 0. 0. 0. 0. 0.
2I40. .010. 0. 0. 0. 0. 0. 0. 0. 0. 0. 0. 0. 0. 0. 0. 0. 0. 0. 0. 0. 0. 0. 0.
2I538.0. 0. 0. 0. 0. 0. 0.
4A16. 0. 0. 0. 0. 0. 0. 0. 0. 4. 0. 0. 0. 0. 0. 0. 0. 0. 0. 0. 0. 0. 0. 0. 0.
4A20. 0. 0. 0. .010. 0. 0. 0. .01.1 0. 0. 0. 0. 0. 0. 0. 0. 0. 0. .010. 0. 0.
4A30. 0. 0. 0. 0. 0. 0. 0. 0. 0. 0. 0. 0. 0. 0. 0. 0. 0. 0. 0. 0. 0. 0. 0. 0.
4A40. .010. 0. 0. 0. 0. 0. 0. 0. 0. 0. 0. 0. 0. 0. 0. 0. 0. 0. 0. 0. 0. 0. 0.
4A539.0. 0. 0. 0. 0. 0. 0.
4C117.0. 0. 0. 0. 0. 0. 0. 0. 2. 0. 0. 0. 0. 0. 0. 0. 0. 0. 0. 0. 0. 0. 0. 0.
4C20. 0. 0. 0. 0. 0. 0. 0. 0. 0. 0. 0. 0. 0. 0. 0. 0. 0. 0. 0. 0. .010. 0. 0.
4C30. 0. 0. 0. 0. 0. 0. 0. 0. 0. 0. 0. 0. 0. 0. 0. 0. 0. 0. 0. 0. 0. 0. 0. 0.
4C40. .010. 0. 0. 0. 0. 0. 0. 0. 0. 0. 0. 0. 0. 0. 0. 0. 0. 0. 0. 0. 0. 0. 0.
4C538.0. 0. 0. 0. 0. 0. 0.
4E115.0. 0. 0. 0. 0. 0. 0. 0. 4. 0. 0. 0. 0. 0. 0. 0. 0. 0. 0. 0. 0. 0. 0. 0.
4E20. 0. 0. 0. 0. 0. 0. 0. 0. .010. 0. 0. 0. 0. 0. 0. 0. 0. 0. 0. 0. 0. 0. 0.
4E30. 0. 0. 0. 0. 0. 0. 0. 0. 0. 0. 0. 0. 0. 0. 0. 0. 0. 0. 0. 0. 0. 0. 0. 0.
4E40. .010. 0. .010. 0. 0. 0. 0. 0. 0. 0. 0. 0. 0. 0. 0. 0. 0. 0. 0. 0. 0. 0.
4E538.0. 0. 0. 0. 0. 0. 0.
4G120.0. 0. 0. 0. 0. 0. 0. 0. 2. 0. 0. 0. 0. 0. 0. 0. 0. 0. 0. 0. 0. 0. 0. 0.
4G20. 0. 0. 0. 0. 0. 0. 0. 0. 0. 0. 0. 0. 0. 0. 0. 0. 0. 0. 0. 0. 0. 0. 0. 0.
4G30. 0. 0. 0. 0. 0. 0. 0. 0. 0. 0. 0. 0. 0. 0. 0. 0. 0. 0. 0. 0. 0. 0. 0. 0.
4G40. 0. 0. 0. 0. 0. 0. 0. 0. 0. 0. 0. 0. 0. 0. 0. 0. 0. 0. 0. 0. 0. 0. 0. 0.
4G538.0. 0. 0. 0. 0. 0. 0.
4I115.0. 0. 0. 0. 0. 0. 0. 0. 6. 0. 0. 0. 0. 0. 0. 0. 0. 0. 0. 0. 0. 0. 0. 0.
4I20. 0. 0. 0. 0. 0. 0. 0. 0. .01.1 0. 0. 0. 0. 0. 0. 0. 0. 0. 0. 0. 0. 0. 0.
4I30. 0. 0. 0. 0. 0. 0. 0. 0. 0. 0. 0. 0. 0. 0. 0. 0. 0. 0. 0. 0. 0. 0. 0. 0.
4I40. .1 0. 0. 0. 0. 0. 0. 0. 0. 0. 0. 0. 0. 0. 0. 0. 0. 0. 0. 0. 0. 0. 0. 0.
4I540.0. 0. 0. 0. 0. 0. 0.
6A120.0. 0. 0. 0. 0. 0. 0. 0. 3. 0. 0. 0. 0. 0. 0. 0. 0. 0. 0. 0. 0. 0. 0. 0.
6A20. 0. 0. 0. .010. 0. 0. 0. .01.010. 0. 0. 0. 0. 0. 0. 0. 0. 0. 0. 0. 0. 0.
6A30. 0. 0. 0. 0. 0. 0. 0. 0. 0. 0. 0. 0. 0. 0. 0. 0. 0. 0. 0. 0. 0. 0. 0. 0.
6A40. 0. 0. 0. 0. 0. 0. 0. 0. 0. 0. 0. 0. 0. 0. 0. 0. 0. 0. 0. 0. 0. 0. 0. 0.
6A540.0. 0. 0. 0. 0. 0. 0.
6C15. 0. 0. 0. 0. 0. 0. 0. 0. 2. 0. 0. 0. 0. 0. 0. 0. 0. 0. 0. 0. 0. 0. 0. 0.
6C20. 0. 0. 0. 0. 0. 0. 0. 0. 0. .010. 0. 0. .010. 0. 0. 0. 0. 0. .010. 0. 0.
6C30. 0. 0. 0. 0. 0. 0. 0. 0. 0. 0. 0. 0. 0. 0. 0. 0. 0. 0. 0. 0. 0. 0. 0. 0.
6C40. .010. 0. .010. 0. 0. 0. 0. 0. 0. 0. 0. 0. 0. 0. 0. 0. 0. 0. 0. 0. 0. 0.
6C541.0. 0. 0. 0. 0. 0. 0.
6E117.0. 0. 0. 0. 0. 0. 0. 0. .1 0. 0. 0. 0. 0. 0. 0. 0. 0. 0. 0. 0. 0. 0. 0.
6E20. 0. 0. 0. 0. 0. 0. 0. 0. .01.010. 0. 0. 0. 0. 0. 0. 0. 0. 0. 0. 0. 0. 0.
6E30. 0. 0. 0. 0. 0. 0. 0. 0. 0. 0. 0. 0. 0. 0. 0. 0. 0. 0. 0. 0. 0. 0. 0. 0.
6E40. .010. 0. 0. 0. 0. 0. 0. 0. 0. 0. 0. 0. 0. 0. 0. 0. 0. 0. 0. 0. 0. 0. 0.
6E540.0. 0. 0. 0. 0. 0. 0.
6G115.0. 0. 0. 0. 0. 0. 0. 0. 4. 0. 0. 0. 0. 0. 0. 0. 0. 0. 0. 0. 0. 0. 0. 0.
6G20. 0. 0. 0. 0. 0. 0. 0. 0. 0. .010. 0. 0. 0. 0. 0. 0. 0. 0. 0. 0. 0. 0. 0.
6G30. 0. 0. 0. 0. 0. 0. 0. 0. 0. 0. 0. 0. 0. 0. 0. 0. 0. 0. 0. 0. 0. 0. 0. 0.
6G40. .010. 0. 0. 0. 0. 0. 0. 0. 0. 0. 0. 0. 0. 0. 0. 0. 0. 0. 0. 0. 0. 0. 0.
6G540.0. 0. 0. 0. 0. 0. 0.
6I14. 0. 0. 0. 0. 0. 0. 0. 0. 1. 0. 0. 0. 0. 0. 0. .1 0. 0. 0. 0. 0. 0. 0. 0.
6I20. 0. 0. 0. 0. 0. 0. 0. 0. .01.1 0. 0. 0. 0. 0. 0. .010. 0. 0. 0. 0. 0. 0.
6I30. 0. 0. 0. 0. 0. 0. 0. 0. 0. 0. 0. 0. 0. 0. 0. 0. 0. 0. 0. 0. 0. 0. 0. 0.
6I40. .010. 0. 0. 0. 0. 0. 0. 0. 0. 0. 0. 0. 0. 0. 0. 0. 0. 0. 0. 0. 0. 0. 0.
6I540.0. 0. 0. 0. 0. 0. 0.
8A112.0. 0. .010. 0. 0. 0. 0. 5. 0. 0. 0. 0. 0. 0. 0. 0. 0. 0. 0. 0. 0. 0. 0.
8A20. 0. 0. 0. .010. 0. 0. 0. 0. 0. 0. 0. 0. 0. 0. 0. 0. 0. 0. 0. 0. 0. 0. 0.
8A30. 0. 0. 0. 0. 0. 0. 0. 0. 0. 0. 0. 0. 0. 0. 0. 0. 0. 0. 0. 0. 0. 0. 0. 0.
8A40. .010. 0. .010. 0. 0. 0. 0. 0. 0. 0. 0. 0. 0. 0. 0. 0. 0. 0. 0. 0. 0. 0.
8A538.0. 0. 0. 0. 0. 0. 0.
8C120.0. 0. 0. 0. 0. 0. 0. 0. 2. 0. 0. 0. 0. 0. 0. 0. 0. 0. 0. 0. 0. 0. 0. 0.
8C20. 0. 0. 0. 0. 0. 0. 0. 0. 0. 0. 0. 0. 0. 0. 0. 0. 0. 0. 0. 0. 0. 0. 0. 0.
8C30. 0. 0. 0. 0. 0. 0. 0. 0. 0. 0. 0. 0. 0. 0. 0. 0. 0. 0. 0. 0. 0. 0. 0. 0.
8C40. .010. 0. 0. 0. 0. 0. 0. 0. 0. 0. 0. 0. 0. 0. 0. 0. 0. 0. 0. 0. 0. 0. 0.
8C538.0. 0. 0. 0. 0. 0. 0.
8E115.0. 0. 0. 0. 0. 0. 0. 0. 3. 0. 0. 0. 0. 0. 0. 0. 0. 0. 0. 0. 0. 0. 0. 0.
8E20. 0. 0. 0. 0. 0. 0. 0. 0. 0. .1 0. 0. 0. 0. 0. 0. .010. 0. 0. 0. 0. 0. 0.
8E30. 0. 0. 0. 0. 0. 0. 0. 0. 0. 0. 0. 0. 0. 0. 0. 0. 0. 0. 0. 0. 0. 0. 0. 0.
8E40. .010. 0. .010. .010. 0. 0. 0. 0. 0. 0. 0. 0. 0. 0. 0. 0. 0. 0. 0. 0. 0.
8E540.0. 0. 0. 0. 0. 0. 0.
8G13. 0. 0. 0. 0. 0. 0. 0. 0. 2. 0. 0. 0. 0. 0. 0. 0. 0. 0. 0. 0. 0. 0. 0. 0.
8G20. 0. 0. 0. 0. 0. 0. 0. 0. 0. .1 0. 0. 0. 0. 0. 0. 0. 0. 0. 0. .010. 0. 0.
8G30. 0. 0. 0. 0. 0. 0. 0. 0. 0. 0. 0. 0. 0. 0. 0. 0. 0. 0. 0. 0. 0. 0. 0. 0.
8G40. .010. 0. .010. .010. 0. 0. 0. 0. 0. 0. 0. 0. 0. 0. 0. 0. 0. 0. 0. 0. 0.
8G540.0. 0. 0. 0. 0. 0. 0.
8I117.0. 0. 0. 0. 0. 0. 0. 0. 2. 0. 0. 0. 0. 0. 0. .010. 0. 0. 0. 0. 0. 0. 0.
8I20. 0. 0. 0. 0. 0. 0. 0. 0. .01.1 0. 0. 0. 0. 0. 0. 0. 0. 0. 0. .010. 0. 0.
8I30. 0. 0. 0. 0. 0. 0. 0. 0. 0. 0. 0. 0. 0. 0. 0. 0. 0. 0. 0. 0. 0. 0. 0. 0.
8I40. 0. 0. 0. 0. 0. 0. 0. 0. 0. 0. 0. 0. 0. 0. 0. 0. 0. 0. 0. 0. 0. 0. 0. 0.
8I540.0. 0. 0. 0. 0. 0. 0.
0A115.0. 0. 0. 0. 0. 0. .5 0. 2. 0. 0. 0. 0. 0. 0. 0. 0. 0. 0. 0. 0. 0. 0. 0.
0A20. 0. 0. 1. 0. .010. 0. 0. .01.5 .1 0. 0. .1 0. 0. 0. 0. 0. 0. .1 0. 0. 0.
0A30. 0. 0. 0. 0. 0. 0. 0. .010. 0. 0. 0. 0. 0. 0. 0. 0. 0. 0. 0. 0. 0. 0. 0.
0A40. .010. 0. .010. 0. 0. 0. 0. 0. 0. 0. 0. 0. 0. 0. 0. 0. 0. 0. 0. 0. 0. 0.
0A550.0. 0. 0. 0. 0. 0. 0.
0C117.0. 0. 0. 0. 0. 0. 0. 0. 5. 0. 0. 0. 0. 0. 0. .010. 0. 0. 0. 0. 0. 0. 0.
0C20. 0. 0. .010. .010. 0. 0. .01.1 0. 0. 0. .1 0. 0. .1 0. 0. 0. .010. 0. 0.
0C30. 0. 0. 0. 0. 0. 0. 0. 0. 0. 0. 0. 0. 0. 0. 0. 0. 0. 0. 0. 0. 0. 0. 0. 0.
0C40. .1 0. 0. 0. 0. 0. 0. 0. 0. 0. 0. 0. 0. 0. 0. 0. 0. 0. 0. 0. 0. 0. 0. 0.
0C548.0. 0. 0. 0. 0. 0. 0.
0E112.0. 0. 0. 0. 0. 0. 0. 0. 10.0. 0. 0. 0. 0. 0. 0. 0. 0. 0. 0. 0. 0. 0. 0.
0E20. 0. 0. 0. 0. 0. 0. 0. 0. .01.010. 0. 0. 0. 0. 0. 0. 0. 0. 0. 0. 0. 0. 0.
0E30. 0. 0. 0. 0. 0. 0. 0. 0. 0. 0. 0. 0. 0. 0. 0. 0. 0. 0. 0. 0. 0. 0. 0. 0.
0E40. .010. 0. .010. 0. 0. 0. 0. 0. 0. 0. 0. 0. 0. 0. 0. 0. 0. 0. 0. 0. 0. 0.
0E548.0. 0. 0. 0. 0. 0. 0.
0G15. 0. 0. 0. 0. 0. 0. .1 0. 8. 0. 0. 0. 0. 0. 0. 0. 0. 0. 0. 0. 0. 0. 0. 0.
0G20. 0. 0. .1 .1 0. 0. 0. .1 .01.1 0. 0. 0. 0. .010. .010. 0. 0. .010. 0. 0.
0G30. 0. 0. 0. 0. 0. 0. 0. 0. 0. 0. 0. 0. 0. 0. 0. 0. 0. 0. 0. 0. 0. 0. 0. 0.
0G40. .010. 0. .010. 0. 0. 0. 0. 0. 0. 0. 0. 0. 0. 0. 0. 0. 0. 0. 0. 0. 0. 0.
0G550.0. 0. 0. 0. 0. 0. 0.
0I115.0. 0. 0. 0. 0. 0. 0. 0. 6. 0. 0. 0. 0. 0. 0. 0. 0. 0. 0. 0. 0. 0. 0. 0.
0I20. 0. 0. .1 .010. 0. 0. 0. .01.1 0. 0. 0. 0. 0. 0. 0. 0. 0. 0. .010. 0. 0.
0I30. 0. 0. 0. 0. 0. 0. 0. 0. 0. 0. 0. 0. 0. 0. 0. 0. 0. 0. 0. 0. 0. 0. 0. 0.
0I40. .010. 0. 0. 0. 0. 0. 0. 0. 0. 0. 0. 0. 0. 0. 0. 0. 0. 0. 0. 0. 0. 0. 0.
0I549.0. 0. 0. 0. 0. 0. 0.
2A110.0. 0. 0. 0. 0. 0. .1 0. 3. 0. 0. 0. 0. 0. 0. 0. 0. 0. 0. 0. 0. 0. 0. 0.
2A20. 0. 0. .1 0. 0. 0. 0. 0. .01.1 0. 0. 0. .1 0. 0. 0. 0. 0. 0. .1 0. 0. 0.
2A30. 0. 0. 0. 0. 0. 0. 0. 0. 0. 0. 0. 0. .010. 0. 0. 0. 0. 0. 0. 0. 0. 0. 0.
2A40. .010. 0. .010. .010. 0. 0. 0. 0. 0. 0. 0. 0. 0. 0. 0. 0. 0. 0. 0. 0. 0.
2A551.0. 0. 0. 0. 0. 0. 0.
2C125.0. 0. 0. 0. 0. 0. 0. 0. 10.0. 0. 0. 0. 0. 0. 0. 0. 0. 0. 0. 0. 0. 0. 0.
2C20. 0. 0. 0. 0. .010. 0. 0. 0. .1 0. 0. 0. .010. 0. .1 0. 0. 0. .010. 0. 0.
2C30. 0. 0. 0. 0. 0. 0. 0. 0. 0. 0. 0. 0. 0. 0. 0. 0. 0. 0. 0. 0. 0. 0. 0. 0.
2C40. .010. 0. .010. 0. 0. 0. 0. 0. 0. 0. 0. 0. 0. 0. 0. 0. 0. 0. 0. 0. 0. 0.
2C548.0. 0. 0. 0. 0. 0. 0.
2E120.0. 0. 0. 0. 0. 0. 0. 0. 5. 0. 0. 0. 0. 0. 0. 0. 0. 0. 0. 0. 0. 0. 0. 0.
2E20. 0. 0. 0. 0. 0. 0. 0. 0. .010. 0. 0. 0. 0. 0. 0. 0. 0. 0. 0. .010. 0. 0.
2E30. 0. 0. 0. 0. 0. 0. 0. 0. 0. 0. 0. 0. 0. 0. 0. 0. 0. 0. 0. 0. 0. 0. 0. 0.
2E40. .010. 0. .010. 0. 0. 0. 0. 0. 0. 0. 0. 0. 0. 0. 0. 0. 0. 0. 0. 0. 0. 0.
2E548.0. 0. 0. 0. 0. 0. 0.
2G117.0. 0. 0. 0. 0. 0. 0. 0. 1. 0. 0. 0. .1 0. 0. 0. 0. 0. 0. 0. 0. 0. 0. 0.
2G20. 0. 0. .1 0. 0. 0. 0. .5 .01.1 0. 0. 0. 0. 0. 0. .010. 0. 0. .1 0. 0. 0.
2G30. 0. 0. 0. 0. 0. 0. 0. 0. 0. 0. 0. 0. 0. 0. 0. 0. 0. 0. 0. 0. 0. 0. 0. 0.
2G40. .010. 0. .010. 0. 0. 0. 0. 0. 0. 0. 0. 0. 0. 0. 0. 0. 0. 0. 0. 0. 0. 0.
2G549.0. 0. 0. 0. 0. 0. 0.
2I120.0. 0. 0. 0. 0. 0. 0. 0. .5 0. 0. 0. 0. 0. 0. 0. 0. 0. 0. 0. 0. 0. 0. 0.
2I20. 0. 0. .01.010. 0. 0. 0. 0. .010. 0. 0. 0. 0. 0. .1 0. 0. 0. 0. 0. 0. 0.
2I30. 0. 0. 0. 0. 0. 0. 0. 0. 0. 0. 0. 0. 0. 0. 0. 0. 0. 0. 0. 0. 0. 0. 0. 0.
2I40. .010. 0. .010. .010. 0. 0. 0. 0. 0. 0. 0. 0. 0. 0. 0. 0. 0. 0. 0. 0. 0.
2I549.0. 0. 0. 0. 0. 0. 0.
4A15. 0. 0. 0. 0. 0. 0. 0. 0. 6. 0. 0. 0. 0. 0. 0. .010. 0. 0. 0. 0. 0. 0. 0.
4A20. 0. 0. .1 0. 0. 0. 0. 0. .01.5 0. 0. 0. 0. 0. 0. 0. 0. 0. 0. .1 0. 0. 0.
4A30. 0. 0. 0. 0. 0. 0. 0. 0. 0. .010. 0. 0. 0. 0. 0. 0. 0. 0. 0. 0. 0. 0. 0.
4A40. .1 0. .01.010. 0. 0. 0. 0. 0. 0. 0. 0. 0. 0. 0. 0. 0. 0. 0. 0. 0. 0. 0.
4A552.0. 0. 0. 0. 0. 0. 0.
4C112.0. 0. 0. 0. 0. 0. 0. 0. 4. 0. 0. 0. 0. 0. 0. 0. 0. 0. 0. 0. 0. 0. 0. 0.
4C20. 0. 0. .010. 0. 0. 0. 0. .01.010. 0. 0. 0. 0. 0. 0. 0. 0. 0. 0. 0. 0. 0.
4C30. 0. 0. 0. 0. 0. 0. 0. 0. 0. 0. 0. 0. 0. 0. 0. 0. 0. 0. 0. 0. 0. 0. 0. 0.
4C40. .010. 0. .010. 0. 0. 0. 0. 0. 0. 0. 0. 0. 0. 0. 0. 0. 0. 0. 0. 0. 0. 0.
4C551.0. 0. 0. 0. 0. 0. 0.
4E110.0. 0. 0. 0. 0. 0. 0. 0. 0. 0. 0. 0. 0. 0. 0. 0. 0. 0. 0. 0. 0. 0. 0. 0.
4E20. 0. 0. 0. 0. 0. 0. 0. 0. .01.010. 0. 0. 0. 0. 0. 0. 0. 0. 0. .010. 0. 0.
4E30. 0. 0. 0. 0. 0. 0. 0. 0. 0. 0. 0. 0. 0. 0. 0. 0. 0. 0. 0. 0. 0. 0. 0. 0.
4E40. .010. 0. .010. 0. 0. 0. 0. 0. 0. 0. 0. 0. 0. 0. 0. 0. 0. 0. 0. 0. 0. 0.
4E551.0. 0. 0. 0. 0. 0. 0.
4G120.0. 0. 0. 0. 0. 0. 0. 0. 3. 0. 0. 0. 0. 0. 0. 0. 0. 0. 0. 0. 0. 0. 0. 0.
4G20. 0. 0. 0. 0. 0. 0. 0. 0. 0. 0. 0. 0. 0. 0. 0. 0. 0. 0. 0. 0. 0. 0. 0. 0.
4G30. 0. 0. 0. 0. 0. 0. 0. 0. 0. 0. 0. 0. 0. 0. 0. 0. 0. 0. 0. 0. 0. 0. 0. 0.
4G40. .010. 0. .010. 0. 0. 0. 0. 0. 0. 0. 0. 0. 0. 0. 0. 0. 0. 0. 0. 0. 0. 0.
4G550.0. 0. 0. 0. 0. 0. 0.
4I112.0. 0. 0. 0. 0. 0. 0. 0. 6. 0. 0. 0. 0. 0. 0. 0. 0. 0. 0. 0. 0. 0. 0. 0.
4I20. 0. 0. .5 0. 0. 0. 0. 0. .01.1 .010. 0. 0. 0. 0. 0. 0. 0. 0. .010. 0. 0.
4I30. 0. 0. 0. 0. 0. 0. 0. 0. 0. 0. 0. 0. 0. 0. 0. 0. 0. 0. 0. 0. 0. 0. 0. 0.
4I40. .1 0. 0. .010. .010. 0. 0. 0. 0. 0. 0. 0. 0. 0. 0. 0. 0. 0. 0. 0. 0. 0.
4I551.0. 0. 0. 0. 0. 0. 0.
6A120.0. 0. 0. 0. 0. 0. 0. 0. 4. 0. 0. 0. 0. 0. 0. 0. 0. 0. 0. 0. 0. 0. 0. 0.
6A20. 0. 0. .01.010. 0. 0. 0. .01.010. 0. 0. 0. 0. 0. 0. 0. 0. 0. 0. 0. 0. 0.
6A30. 0. 0. 0. 0. 0. 0. 0. 0. 0. 0. 0. 0. 0. 0. 0. 0. 0. 0. 0. 0. 0. 0. 0. 0.
6A40. 0. 0. 0. .010. 0. 0. 0. 0. 0. 0. 0. 0. 0. 0. 0. 0. 0. 0. 0. 0. 0. 0. 0.
6A553.0. 0. 0. 0. 0. 0. 0.
6C18. 0. 0. 0. 0. 0. 0. 0. 0. 2. 0. 0. 0. 0. 0. 0. 0. 0. 0. 0. 0. 0. 0. 0. 0.
6C20. 0. 0. .01.01.010. 0. 0. 0. 0. 0. 0. 0. .1 0. 0. 0. 0. 0. 0. .1 0. 0. 0.
6C30. 0. 0. 0. 0. 0. 0. 0. 0. 0. 0. 0. 0. 0. 0. 0. 0. 0. 0. 0. 0. 0. 0. 0. 0.
6C40. .010. 0. .010. 0. 0. 0. 0. 0. 0. 0. 0. 0. 0. 0. 0. 0. 0. 0. 0. 0. 0. 0.
6C554.0. 0. 0. 0. 0. 0. 0.
6E115.0. 0. 0. 0. 0. 0. 0. 0. .1 0. 0. 0. 0. 0. 0. 0. 0. 0. 0. 0. 0. 0. 0. 0.
6E20. 0. 0. .010. 0. 0. 0. 0. .01.1 0. 0. 0. 0. 0. 0. 0. 0. 0. 0. 0. 0. 0. 0.
6E30. 0. 0. 0. 0. 0. 0. 0. 0. 0. 0. 0. 0. 0. 0. 0. 0. 0. 0. 0. 0. 0. 0. 0. 0.
6E40. .010. 0. .010. 0. 0. 0. 0. 0. 0. 0. 0. 0. 0. 0. 0. 0. 0. 0. 0. 0. 0. 0.
6E552.0. 0. 0. 0. 0. 0. 0.
6G115.0. 0. 0. 0. 0. 0. 0. 0. 5. 0. 0. 0. 0. 0. 0. 0. 0. 0. 0. 0. 0. 0. 0. 0.
6G20. 0. 0. .010. 0. 0. 0. 0. 0. .010. 0. 0. 0. 0. 0. 0. 0. 0. 0. .010. 0. 0.
6G30. 0. 0. 0. 0. 0. 0. 0. 0. 0. 0. 0. 0. 0. 0. 0. 0. 0. 0. 0. 0. 0. 0. 0. 0.
6G40. .010. 0. 0. 0. 0. 0. 0. 0. 0. 0. 0. 0. 0. 0. 0. 0. 0. 0. 0. 0. 0. 0. 0.
6G551.0. 0. 0. 0. 0. 0. 0.
6I15. 0. 0. 0. 0. 0. 0. 0. 0. 2. 0. 0. 0. 0. 0. 0. .1 0. 0. 0. 0. 0. 0. 0. 0.
6I20. 0. 0. 0. 0. 0. 0. 0. 0. 0. .1 0. 0. 0. 0. 0. 0. 0. 0. 0. 0. 0. 0. 0. 0.
6I30. 0. 0. 0. 0. 0. 0. 0. 0. 0. 0. 0. 0. 0. 0. 0. 0. 0. 0. 0. 0. 0. 0. 0. 0.
6I40. .010. 0. .010. .010. 0. 0. 0. 0. 0. 0. 0. 0. 0. 0. 0. 0. 0. 0. 0. 0. 0.
6I552.0. 0. 0. 0. 0. 0. 0.
8A110.0. 0. .010. 0. 0. 0. 0. 4. 0. 0. 0. 0. 0. 0. 0. 0. 0. 0. 0. 0. 0. 0. 0.
8A20. 0. 0. .1 .010. 0. 0. 0. 0. .010. 0. 0. 0. 0. 0. 0. 0. 0. 0. 0. 0. 0. 0.
8A30. 0. 0. 0. 0. 0. 0. 0. 0. 0. 0. 0. 0. 0. 0. 0. 0. 0. 0. 0. 0. 0. 0. 0. 0.
8A40. .1 0. 0. .010. 0. 0. 0. 0. 0. 0. 0. 0. 0. 0. 0. 0. 0. 0. 0. 0. 0. 0. 0.
8A553.0. 0. 0. 0. 0. 0. 0.
8C120.0. 0. 0. 0. 0. 0. 0. 0. 3. 0. 0. 0. 0. 0. 0. 0. 0. 0. 0. 0. 0. 0. 0. 0.
8C20. 0. 0. .010. 0. 0. 0. 0. 0. .1 0. 0. 0. 0. 0. 0. 0. 0. 0. 0. .010. 0. 0.
8C30. 0. 0. 0. 0. 0. 0. 0. 0. 0. 0. 0. 0. 0. 0. 0. 0. 0. 0. 0. 0. 0. 0. 0. 0.
8C40. 0. 0. 0. .010. .010. 0. 0. 0. 0. 0. 0. 0. 0. 0. 0. 0. 0. 0. 0. 0. 0. 0.
8C553.0. 0. 0. 0. 0. 0. 0.
8E115.0. 0. 0. 0. 0. 0. 0. 0. 4. 0. 0. 0. 0. 0. 0. 0. 0. 0. 0. 0. 0. 0. 0. 0.
8E20. 0. 0. .1 0. .010. 0. 0. .01.1 0. 0. 0. 0. 0. 0. 0. 0. 0. 0. 0. 0. 0. 0.
8E30. 0. 0. 0. 0. 0. 0. 0. 0. 0. 0. 0. 0. 0. 0. 0. 0. 0. 0. 0. 0. 0. 0. 0. 0.
8E40. .010. 0. .010. .1 0. 0. 0. 0. 0. 0. 0. 0. 0. 0. 0. 0. 0. 0. 0. 0. 0. 0.
8E552.0. 0. 0. 0. 0. 0. 0.
8G15. 0. 0. 0. 0. 0. 0. 0. 0. 2. 0. 0. 0. 0. 0. 0. 0. 0. 0. 0. 0. 0. 0. 0. 0.
8G20. 0. 0. .1 .010. 0. 0. 0. 0. .1 0. 0. 0. 0. 0. 0. 0. 0. 0. 0. .010. 0. 0.
8G30. 0. 0. 0. 0. 0. 0. 0. 0. 0. 0. 0. 0. 0. 0. 0. 0. 0. 0. 0. 0. 0. 0. 0. 0.
8G40. .010. 0. 0. 0. .010. 0. 0. 0. 0. 0. 0. 0. 0. 0. 0. 0. 0. 0. 0. 0. 0. 0.
8G553.0. 0. 0. 0. 0. 0. 0.
8I115.0. 0. 0. 0. 0. 0. 0. 0. 3. 0. 0. 0. 0. 0. 0. .010. 0. 0. 0. 0. 0. 0. 0.
8I20. 0. 0. .01.010. 0. 0. 0. .01.1 0. 0. 0. 0. 0. 0. 0. 0. 0. 0. .010. 0. 0.
8I30. 0. 0. 0. 0. 0. 0. 0. 0. 0. 0. 0. 0. 0. 0. 0. 0. 0. 0. 0. 0. 0. 0. 0. 0.
8I40. 0. 0. 0. .010. 0. 0. 0. 0. 0. 0. 0. 0. 0. 0. 0. 0. 0. 0. 0. 0. 0. 0. 0.
8I554.0. 0. 0. 0. 0. 0. 0.
0A110.0. 0. 0. 0. 0. 0. 1. 0. 2. 0. 0. 0. .010. 0. 0. 0. 0. 0. 0. 0. 0. 0. 0.
0A20. 0. 0. 1. 0. .1 0. 0. 0. 0. .5 .1 0. 0. .1 0. 0. 0. 0. 0. 0. .1 0. 0. 0.
0A30. 0. 0. 0. 0. 0. 0. 0. .010. 0. 0. 0. 0. 0. 0. 0. 0. 0. 0. 0. 0. 0. 0. 0.
0A40. .1 0. 0. .010. .010. 0. 0. 0. 0. 0. 0. 0. 0. 0. 0. 0. 0. 0. 0. 0. 0. 0.
0A557.0. 0. 0. 0. 0. 0. 0.
0C115.0. 0. 0. 0. 0. 0. 0. 0. 8. 0. 0. 0. 0. 0. 0. 0. 0. 0. 0. 0. 0. 0. 0. 0.
0C20. 0. 0. .1 0. .010. 0. 0. 0. .1 0. 0. 0. .5 0. 0. .010. 0. 0. 0. 0. 0. 0.
0C30. 0. 0. 0. 0. 0. 0. 0. 0. 0. 0. 0. 0. 0. 0. 0. 0. 0. 0. 0. 0. 0. 0. 0. 0.
0C40. .1 0. 0. .010. 0. 0. 0. 0. 0. 0. 0. 0. 0. 0. 0. 0. 0. 0. 0. 0. 0. 0. 0.
0C558.0. 0. 0. 0. 0. 0. 0.
0E112.0. 0. 0. 0. 0. 0. 0. 0. 12.0. 0. 0. 0. 0. 0. 0. 0. 0. 0. 0. 0. 0. 0. 0.
0E20. 0. 0. .01.010. 0. 0. 0. 0. .010. 0. 0. 0. 0. 0. 0. 0. 0. 0. 0. 0. 0. 0.
0E30. 0. 0. 0. 0. 0. 0. 0. 0. 0. 0. 0. 0. 0. 0. 0. 0. 0. 0. 0. 0. 0. 0. 0. 0.
0E40. .010. 0. .010. 0. 0. 0. 0. 0. 0. 0. 0. 0. 0. 0. 0. 0. 0. 0. 0. 0. 0. 0.
0E556.0. 0. 0. 0. 0. 0. 0.
0G16. 0. 0. 0. 0. 0. 0. 0. 0. 5. 0. 0. 0. .1 0. 0. 0. 0. 0. 0. 0. 0. 0. 0. 0.
0G20. 0. 0. .5 .5 0. 0. 0. .1 0. .1 0. 0. 0. 0. .010. 0. 0. 0. 0. .010. 0. 0.
0G30. 0. 0. 0. 0. 0. 0. 0. 0. 0. 0. 0. 0. 0. 0. 0. 0. 0. 0. 0. 0. 0. 0. 0. 0.
0G40. .1 0. 0. .1 0. 0. 0. 0. 0. 0. 0. 0. 0. 0. 0. 0. 0. 0. 0. 0. 0. 0. 0. 0.
0G559.0. 0. 0. 0. 0. 0. 0.
0I112.0. 0. 0. 0. 0. 0. 0. 0. 5. 0. 0. 0. 0. 0. 0. 0. 0. 0. 0. 0. 0. 0. 0. 0.
0I20. 0. 0. .1 .1 0. 0. 0. 0. .01.010. 0. 0. 0. 0. 0. 0. 0. 0. 0. .010. 0. 0.
0I30. 0. 0. 0. 0. 0. 0. 0. 0. 0. 0. 0. 0. 0. 0. 0. 0. 0. 0. 0. 0. 0. 0. 0. 0.
0I40. .010. 0. 0. 0. 0. 0. 0. 0. 0. 0. 0. 0. 0. 0. 0. 0. 0. 0. 0. 0. 0. 0. 0.
0I558.0. 0. 0. 0. 0. 0. 0.
2A110.0. 0. 0. 0. 0. 0. .5 0. 2. 0. 0. 0. 0. 0. 0. 0. 0. 0. 0. 0. 0. 0. 0. 0.
2A20. 0. 0. 1. 0. 0. 0. 0. 0. .01.1 0. 0. 0. .5 0. 0. .010. 0. 0. .1 0. 0. 0.
2A30. 0. 0. 0. 0. 0. 0. 0. 0. 0. 0. 0. 0. 0. 0. 0. 0. 0. 0. 0. 0. 0. 0. 0. 0.
2A40. .1 0. 0. .010. 0. 0. 0. 0. 0. 0. 0. .010. 0. 0. 0. 0. 0. 0. 0. 0. 0. 0.
2A557.0. 0. 0. 0. 0. 0. 0.
2C120.0. 0. 0. 0. 0. 0. 0. 0. 7. 0. 0. 0. 0. 0. 0. 0. 0. 0. 0. 0. 0. 0. 0. 0.
2C20. 0. 0. .010. .010. 0. 0. 0. .1 0. 0. 0. .010. 0. .1 0. 0. 0. .010. 0. 0.
2C30. 0. 0. 0. 0. 0. 0. 0. 0. 0. 0. 0. 0. 0. 0. 0. 0. 0. 0. 0. 0. 0. 0. 0. 0.
2C40. .010. 0. 0. 0. 0. 0. 0. 0. 0. 0. 0. 0. 0. 0. 0. 0. 0. 0. 0. 0. 0. 0. 0.
2C555.0. 0. 0. 0. 0. 0. 0.
2E117.0. 0. 0. 0. 0. 0. 0. 0. 4. 0. 0. 0. 0. 0. 0. 0. 0. 0. 0. 0. 0. 0. 0. 0.
2E20. 0. 0. .010. 0. 0. 0. 0. .01.010. 0. 0. 0. 0. 0. 0. 0. 0. 0. 0. 0. 0. 0.
2E30. 0. 0. 0. 0. 0. 0. 0. 0. 0. 0. 0. 0. 0. 0. 0. 0. 0. 0. 0. 0. 0. 0. 0. 0.
2E40. .1 0. 0. .010. 0. 0. 0. 0. 0. 0. 0. 0. 0. 0. 0. 0. 0. 0. 0. 0. 0. 0. 0.
2E556.0. 0. 0. 0. 0. 0. 0.
2G115.0. 0. 0. 0. 0. 0. 0. 0. 2. 0. 0. 0. .1 0. 0. 0. 0. 0. 0. 0. 0. 0. 0. 0.
2G20. 0. 0. .5 0. 0. 0. 0. 1. .01.1 0. .010. 0. 0. 0. .010. 0. 0. .1 0. 0. 0.
2G30. 0. 0. 0. 0. 0. 0. 0. 0. 0. 0. 0. 0. 0. 0. 0. 0. 0. 0. 0. 0. 0. 0. 0. 0.
2G40. .1 0. 0. 0. 0. 0. 0. 0. 0. 0. 0. 0. 0. 0. 0. 0. 0. 0. 0. 0. 0. 0. 0. 0.
2G556.0. 0. 0. 0. 0. 0. 0.
2I117.0. 0. 0. 0. 0. 0. 0. 0. .5 0. 0. 0. 0. 0. 0. 0. 0. 0. 0. 0. 0. 0. 0. 0.
2I20. 0. 0. .010. 0. 0. 0. 0. .01.1 0. .010. 0. 0. 0. .1 0. 0. 0. 0. 0. 0. 0.
2I30. 0. 0. 0. 0. 0. 0. 0. 0. 0. 0. 0. 0. 0. 0. 0. 0. 0. 0. 0. 0. 0. 0. 0. 0.
2I40. 0. 0. 0. .010. 0. 0. 0. 0. 0. 0. 0. 0. 0. 0. 0. 0. 0. 0. 0. 0. 0. 0. 0.
2I557.0. 0. 0. 0. 0. 0. 0.
4A18. 0. 0. 0. 0. 0. 0. 0. 0. 4. 0. 0. 0. 0. 0. 0. .010. 0. 0. 0. 0. 0. 0. 0.
4A20. 0. 0. .1 .01.010. 0. 0. .01.1 0. 0. 0. 0. 0. 0. 0. 0. 0. 0. .1 0. 0. 0.
4A30. 0. 0. 0. 0. 0. 0. 0. 0. 0. 0. 0. 0. 0. 0. 0. 0. 0. 0. 0. 0. 0. 0. 0. 0.
4A40. .010. .01.010. 0. 0. 0. 0. 0. 0. 0. 0. 0. 0. 0. 0. 0. 0. 0. 0. 0. 0. 0.
4A559.0. 0. 0. 0. 0. 0. 0.
4C112.0. 0. 0. 0. 0. 0. 0. 0. 4. 0. 0. 0. 0. 0. 0. 0. 0. 0. 0. 0. 0. 0. 0. 0.
4C20. 0. 0. .1 0. 0. 0. 0. 0. .01.010. 0. 0. 0. 0. 0. 0. 0. 0. 0. .010. 0. 0.
4C30. 0. 0. 0. 0. 0. 0. 0. 0. 0. 0. 0. 0. 0. 0. 0. 0. 0. 0. 0. 0. 0. 0. 0. 0.
4C40. 0. 0. 0. .010. 0. 0. 0. 0. 0. 0. 0. .010. 0. 0. 0. 0. 0. 0. 0. 0. 0. 0.
4C556.0. 0. 0. 0. 0. 0. 0.
4E110.0. 0. 0. 0. 0. 0. 0. 0. 5. 0. 0. 0. 0. 0. 0. 0. 0. 0. 0. 0. 0. 0. 0. 0.
4E20. 0. 0. 0. 0. 0. 0. 0. 0. .01.1 0. 0. 0. 0. 0. 0. 0. 0. 0. 0. 0. 0. 0. 0.
4E30. 0. 0. 0. 0. 0. 0. 0. 0. 0. 0. 0. 0. 0. 0. 0. 0. 0. 0. 0. 0. 0. 0. 0. 0.
4E40. 0. 0. 0. .010. 0. 0. 0. 0. 0. 0. 0. 0. 0. 0. 0. 0. 0. 0. 0. 0. 0. 0. 0.
4E556.0. 0. 0. 0. 0. 0. 0.
4G117.0. 0. 0. 0. 0. 0. 0. 0. 1. 0. 0. 0. 0. 0. 0. 0. 0. 0. 0. 0. 0. 0. 0. 0.
4G20. 0. 0. 0. 0. 0. 0. 0. 0. 0. 0. 0. 0. 0. 0. 0. 0. 0. 0. 0. 0. 0. 0. 0. 0.
4G30. 0. 0. 0. 0. 0. 0. 0. 0. 0. 0. 0. 0. 0. 0. 0. 0. 0. 0. 0. 0. 0. 0. 0. 0.
4G40. 0. 0. 0. .1 0. 0. 0. 0. 0. 0. 0. 0. 0. 0. 0. 0. 0. 0. 0. 0. 0. 0. 0. 0.
4G556.0. 0. 0. 0. 0. 0. 0.
4I110.0. 0. 0. 0. 0. 0. 0. 0. 6. 0. 0. 0. .010. 0. 0. 0. 0. 0. 0. 0. 0. 0. 0.
4I20. 0. 0. 1. .1 0. 0. 0. 0. .1 .1 .1 0. 0. 0. 0. 0. 0. 0. 0. 0. .010. 0. 0.
4I30. 0. 0. 0. 0. 0. 0. 0. 0. 0. 0. 0. 0. 0. 0. 0. 0. 0. 0. 0. 0. 0. 0. 0. 0.
4I40. .1 0. 0. .010. 0. 0. 0. 0. 0. 0. 0. .1 0. 0. 0. 0. 0. 0. 0. 0. 0. 0. 0.
4I557.0. 0. 0. 0. 0. 0. 0.
6A120.0. 0. 0. 0. 0. 0. 0. 0. 4. 0. 0. 0. 0. 0. 0. 0. 0. 0. 0. 0. 0. 0. 0. 0.
6A20. 0. 0. .1 .01.010. 0. 0. .01.1 0. 0. 0. 0. 0. 0. 0. 0. 0. 0. 0. 0. 0. 0.
6A30. 0. 0. 0. 0. 0. 0. 0. 0. 0. 0. 0. 0. 0. 0. 0. 0. 0. 0. 0. 0. 0. 0. 0. 0.
6A40. 0. 0. 0. .010. 0. 0. 0. 0. 0. 0. 0. 0. 0. 0. 0. 0. 0. 0. 0. 0. 0. 0. 0.
6A570.0. 0. 0. 0. 0. 0. 0.
6C15. 0. 0. 0. 0. 0. 0. 0. 0. 2. 0. 0. 0. 0. 0. 0. 0. 0. 0. 0. 0. 0. 0. 0. 0.
6C20. 0. 0. .1 .010. 0. 0. 0. .01.1 0. 0. 0. .1 0. 0. 0. 0. 0. 0. .1 0. 0. 0.
6C30. 0. 0. 0. 0. 0. 0. 0. 0. 0. .010. 0. 0. 0. 0. 0. 0. 0. 0. 0. 0. 0. 0. 0.
6C40. .010. 0. .010. 0. 0. 0. 0. 0. 0. 0. 0. 0. 0. 0. 0. 0. 0. 0. 0. 0. 0. 0.
6C560.0. 0. 0. 0. 0. 0. 0.
6E117.0. 0. 0. 0. 0. 0. 0. 0. .1 0. 0. 0. 0. 0. 0. 0. 0. 0. 0. 0. 0. 0. 0. 0.
6E20. 0. 0. .1 0. 0. 0. 0. 0. .01.1 0. 0. 0. 0. 0. 0. 0. 0. 0. 0. .010. 0. 0.
6E30. 0. 0. 0. 0. 0. 0. 0. 0. 0. 0. 0. 0. 0. 0. 0. 0. 0. 0. 0. 0. 0. 0. 0. 0.
6E40. .010. 0. .010. 0. 0. 0. 0. 0. 0. 0. 0. 0. 0. 0. 0. 0. 0. 0. 0. 0. 0. 0.
6E556.0. 0. 0. 0. 0. 0. 0.
6G112.0. 0. 0. 0. 0. 0. 0. 0. 5. 0. 0. 0. 0. 0. 0. 0. 0. 0. 0. 0. 0. 0. 0. 0.
6G20. 0. 0. .1 0. 0. 0. 0. 0. .01.1 0. 0. 0. 0. 0. 0. 0. 0. 0. 0. .010. 0. 0.
6G30. 0. 0. 0. 0. 0. 0. 0. 0. 0. 0. 0. 0. 0. 0. 0. 0. 0. 0. 0. 0. 0. 0. 0. 0.
6G40. .010. 0. .010. 0. 0. 0. 0. 0. 0. 0. 0. 0. 0. 0. 0. 0. 0. 0. 0. 0. 0. 0.
6G558.0. 0. 0. 0. 0. 0. 0.
6I14. 0. 0. 0. 0. 0. 0. 0. 0. 2. 0. 0. 0. 0. 0. 0. .1 0. 0. 0. 0. 0. 0. 0. 0.
6I20. 0. 0. 0. 0. 0. 0. 0. 0. 0. .1 0. 0. 0. 0. 0. 0. .010. 0. 0. 0. 0. 0. 0.
6I30. 0. 0. 0. 0. 0. 0. 0. 0. 0. 0. 0. 0. 0. 0. 0. 0. 0. 0. 0. 0. 0. 0. 0. 0.
6I40. .010. 0. .010. 0. 0. 0. 0. 0. 0. 0. .010. 0. 0. 0. 0. 0. 0. 0. 0. 0. 0.
6I558.0. 0. 0. 0. 0. 0. 0.
8A110.0. 0. .5 0. 0. 0. 0. 0. 5. 0. 0. 0. 0. 0. 0. 0. 0. 0. 0. 0. 0. 0. 0. 0.
8A20. 0. 0. .5 .1 .010. 0. 0. .01.1 0. 0. 0. 0. 0. 0. 0. 0. 0. 0. .010. 0. 0.
8A30. 0. 0. 0. 0. 0. 0. 0. 0. 0. 0. 0. 0. 0. 0. 0. 0. 0. 0. 0. 0. 0. 0. 0. 0.
8A40. .1 0. 0. .010. 0. 0. 0. 0. 0. 0. 0. 0. 0. 0. 0. 0. 0. 0. 0. 0. 0. 0. 0.
8A557.0. 0. 0. 0. 0. 0. 0.
8C120.0. 0. 0. 0. 0. 0. 0. 0. 3. 0. .1 0. 0. 0. 0. 0. 0. 0. 0. 0. 0. 0. 0. 0.
8C20. 0. 0. .1 0. .1 0. 0. 0. .01.1 0. 0. 0. 0. 0. 0. 0. 0. 0. 0. .010. 0. 0.
8C30. 0. 0. 0. 0. 0. 0. 0. 0. 0. .010. 0. 0. 0. 0. 0. 0. 0. 0. 0. 0. 0. 0. 0.
8C40. .010. .01.010. 0. 0. 0. 0. 0. 0. 0. .010. 0. 0. 0. 0. 0. 0. 0. 0. 0. 0.
8C556.0. 0. 0. 0. 0. 0. 0.
8E115.0. 0. 0. 0. 0. 0. 0. 0. 4. 0. 0. 0. 0. 0. 0. 0. 0. 0. 0. 0. 0. 0. 0. 0.
8E20. 0. 0. .5 0. .1 0. 0. 0. .01.5 0. .010. 0. 0. 0. .1 0. 0. 0. 0. 0. 0. 0.
8E30. 0. 0. 0. 0. 0. 0. 0. 0. 0. 0. 0. 0. 0. 0. 0. 0. 0. 0. 0. 0. 0. 0. 0. 0.
8E40. .010. 0. 0. 0. .1 0. 0. 0. 0. 0. 0. 0. 0. 0. 0. 0. 0. 0. 0. 0. 0. 0. 0.
8E555.0. 0. 0. 0. 0. 0. 0.
8G16. 0. 0. 0. 0. 0. 0. 0. 0. 2. 0. 0. 0. 0. 0. 0. 0. 0. 0. 0. 0. 0. 0. 0. 0.
8G20. 0. 0. .5 .1 0. 0. 0. 0. 0. .1 0. 0. 0. 0. 0. 0. 0. 0. 0. 0. .010. 0. 0.
8G30. 0. 0. 0. 0. 0. 0. 0. 0. 0. 0. 0. 0. 0. 0. 0. 0. 0. 0. 0. 0. 0. 0. 0. 0.
8G40. .1 0. 0. .010. .1 0. 0. 0. 0. 0. 0. .010. 0. 0. 0. 0. 0. 0. 0. 0. 0. 0.
8G558.0. 0. 0. 0. 0. 0. 0.
8I112.0. 0. 0. 0. 0. 0. 0. 0. 2. 0. 0. 0. 0. 0. 0. .010. 0. 0. 0. 0. 0. 0. 0.
8I20. 0. 0. .1 0. 0. 0. 0. 0. .01.1 0. 0. 0. 0. 0. 0. 0. 0. 0. 0. .010. 0. 0.
8I30. 0. 0. 0. 0. 0. 0. 0. 0. 0. .010. 0. 0. 0. 0. 0. 0. 0. 0. 0. 0. 0. 0. 0.
8I40. 0. 0. 0. 0. 0. 0. 0. 0. 0. 0. 0. 0. 0. 0. 0. 0. 0. 0. 0. 0. 0. 0. 0. 0.
8I558.0. 0. 0. 0. 0. 0. 0.
0A110.0. 0. 0. 0. 0. 0. 1. 0. 2. 0. 0. 0. 0. 0. 0. 0. 0. 0. 0. 0. 0. 0. 0. 0.
0A20. 0. 0. 2. 0. .1 0. 0. 0. .01.5 .1 0. 0. .5 0. 0. 0. 0. 0. 0. .1 0. 0. 0.
0A30. 0. 0. 0. 0. 0. 0. 0. .1 0. 0. 0. 0. .010. 0. 0. 0. 0. 0. 0. 0. 0. 0. 0.
0A40. .1 0. 0. .010. 0. 0. 0. 0. 0. 0. 0. .010. 0. 0. 0. 0. 0. 0. 0. 0. 0. 0.
0A558.0. 0. 0. 0. 0. 0. 0.
0C115.0. 0. 0. 0. 0. 0. 0. 0. 4. 0. 0. 0. 0. 0. 0. 0. 0. 0. 0. 0. 0. 0. 0. 0.
0C20. 0. 0. .1 0. .1 0. 0. 0. .01.1 0. 0. 0. .5 0. 0. .1 0. 0. 0. .1 0. 0. 0.
0C30. 0. 0. 0. 0. 0. 0. 0. 0. 0. 0. 0. 0. 0. 0. 0. 0. 0. 0. 0. 0. 0. 0. 0. 0.
0C40. .1 0. 0. .010. 0. 0. 0. 0. 0. 0. 0. 0. 0. 0. 0. 0. 0. 0. 0. 0. 0. 0. 0.
0C556.0. 0. 0. 0. 0. 0. 0.
0E18. 0. 0. 0. 0. 0. 0. 0. 0. 10.0. 0. 0. 0. 0. 0. 0. 0. 0. 0. 0. 0. 0. 0. 0.
0E20. 0. 0. .01.010. 0. 0. 0. .01.010. 0. 0. 0. 0. 0. 0. 0. 0. 0. 0. 0. 0. 0.
0E30. 0. 0. 0. 0. 0. 0. 0. 0. 0. 0. 0. 0. 0. 0. 0. 0. 0. 0. 0. 0. 0. 0. 0. 0.
0E40. .1 0. 0. .010. 0. 0. 0. 0. 0. 0. 0. 0. 0. 0. 0. 0. 0. 0. 0. 0. 0. 0. 0.
0E556.0. 0. 0. 0. 0. 0. 0.
0G15. 0. 0. 0. 0. 0. 0. .1 0. 5. 0. 0. 0. .1 0. 0. 0. 0. 0. 0. 0. 0. 0. 0. 0.
0G20. 0. 0. .5 .5 0. 0. 0. .1 .01.1 0. 0. 0. 0. .1 0. 0. 0. 0. 0. .010. 0. 0.
0G30. 0. 0. 0. 0. 0. 0. 0. 0. 0. 0. 0. 0. 0. 0. 0. 0. 0. 0. 0. 0. 0. 0. 0. 0.
0G40. .1 0. 0. .1 0. 0. 0. 0. 0. 0. 0. 0. 0. 0. 0. 0. 0. 0. 0. 0. 0. 0. 0. 0.
0G558.0. 0. 0. 0. 0. 0. 0.
0I112.0. 0. 0. 0. 0. 0. 0. 0. 5. 0. 0. 0. 0. 0. 0. 0. 0. 0. 0. 0. 0. 0. 0. 0.
0I20. 0. 0. .1 .1 0. 0. 0. 0. .01.1 0. .010. 0. 0. 0. 0. 0. 0. 0. .010. 0. 0.
0I30. 0. 0. 0. 0. 0. 0. 0. 0. 0. 0. 0. 0. 0. 0. 0. 0. 0. 0. 0. 0. 0. 0. 0. 0.
0I40. .010. 0. .010. 0. 0. 0. 0. 0. 0. 0. 0. 0. 0. 0. 0. 0. 0. 0. 0. 0. 0. 0.
0I558.0. 0. 0. 0. 0. 0. 0.
2A18. 0. 0. 0. 0. 0. 0. .5 0. 2. 0. 0. 0. 0. 0. 0. 0. 0. 0. 0. 0. 0. 0. 0. 0.
2A20. 0. 0. 1. 0. 0. 0. 0. 0. .01.5 0. 0. 0. .5 0. 0. .1 0. 0. 0. .1 0. 0. 0.
2A30. 0. 0. 0. 0. 0. 0. 0. .010. 0. 0. 0. .1 0. 0. 0. 0. 0. 0. 0. 0. 0. 0. 0.
2A40. .1 0. 0. .010. 0. 0. 0. 0. 0. 0. 0. 0. 0. 0. 0. 0. 0. 0. 0. 0. 0. 0. 0.
2A559.0. 0. 0. 0. 0. 0. 0.
2C120.0. 0. 0. 0. 0. 0. 0. 0. 8. 0. 0. 0. 0. 0. 0. 0. 0. 0. 0. 0. 0. 0. 0. 0.
2C20. 0. 0. .010. 0. 0. 0. 0. .01.1 0. 0. 0. .010. 0. .1 0. 0. 0. .010. 0. 0.
2C30. 0. 0. 0. 0. 0. 0. 0. 0. 0. 0. 0. 0. 0. 0. 0. 0. 0. 0. 0. 0. 0. 0. 0. 0.
2C40. .010. 0. .010. 0. 0. 0. 0. 0. 0. 0. 0. 0. 0. 0. 0. 0. 0. 0. 0. 0. 0. 0.
2C557.0. 0. 0. 0. 0. 0. 0.
2E120.0. 0. 0. 0. 0. 0. 0. 0. 4. 0. 0. 0. 0. 0. 0. 0. 0. 0. 0. 0. 0. 0. 0. 0.
2E20. 0. 0. .010. 0. 0. 0. 0. .01.010. .1 0. 0. 0. 0. .010. 0. 0. .010. 0. 0.
2E30. 0. 0. 0. 0. 0. 0. 0. 0. 0. 0. 0. 0. 0. 0. 0. 0. 0. 0. 0. 0. 0. 0. 0. 0.
2E40. .1 0. 0. .010. 0. 0. 0. 0. 0. 0. 0. 0. 0. 0. 0. 0. 0. 0. 0. 0. 0. 0. 0.
2E556.0. 0. 0. 0. 0. 0. 0.
2G115.0. 0. 0. 0. 0. 0. 0. 0. 2. 0. 0. 0. .5 0. 0. 0. 0. 0. 0. 0. 0. 0. 0. 0.
2G20. 0. 0. .5 0. 0. 0. 0. 1. .01.1 0. .1 0. 0. .010. 0. 0. 0. 0. .1 0. 0. 0.
2G30. 0. 0. 0. 0. 0. 0. 0. 0. 0. 0. 0. .010. 0. 0. 0. 0. 0. 0. 0. 0. 0. 0. 0.
2G40. .1 0. 0. .010. 0. 0. 0. 0. 0. 0. 0. 0. 0. 0. 0. 0. 0. 0. 0. 0. 0. 0. 0.
2G557.0. 0. 0. 0. 0. 0. 0.
2I117.0. 0. 0. 0. 0. 0. 0. 0. .5 0. 0. 0. 0. 0. 0. 0. 0. 0. 0. 0. 0. 0. 0. 0.
2I20. 0. 0. .01.010. 0. 0. 0. .01.1 0. .1 0. 0. 0. 0. .1 0. 0. 0. .010. 0. 0.
2I30. 0. 0. 0. 0. 0. 0. 0. 0. 0. 0. 0. 0. 0. 0. 0. 0. 0. 0. 0. 0. 0. 0. 0. 0.
2I40. 0. 0. 0. .010. 0. 0. 0. 0. 0. 0. 0. 0. 0. 0. 0. 0. 0. 0. 0. 0. 0. 0. 0.
2I558.0. 0. 0. 0. 0. 0. 0.
4A15. 0. 0. 0. 0. 0. 0. 0. 0. 4. 0. 0. 0. 0. 0. 0. .010. 0. 0. 0. 0. 0. 0. 0.
4A20. 0. 0. .1 .01.010. 0. 0. .01.1 0. 0. 0. 0. 0. 0. 0. 0. 0. 0. .1 0. 0. 0.
4A30. 0. 0. 0. 0. 0. 0. 0. 0. 0. .010. 0. 0. 0. 0. 0. 0. 0. 0. 0. 0. 0. 0. 0.
4A40. .1 0. 0. .010. 0. 0. 0. 0. 0. 0. 0. 0. 0. 0. 0. 0. 0. 0. 0. 0. 0. 0. 0.
4A562.0. 0. 0. 0. 0. 0. 0.
4C12. 0. 0. 0. 0. 0. 0. 0. 0. 3. 0. 0. 0. 0. 0. 0. 0. 0. 0. 0. 0. 0. 0. 0. 0.
4C20. 0. 0. .1 0. 0. 0. 0. 0. .01.1 0. 0. 0. 0. 0. 0. 0. 0. 0. 0. .010. 0. 0.
4C30. 0. 0. 0. 0. 0. 0. 0. 0. 0. 0. 0. 0. 0. 0. 0. 0. 0. 0. 0. 0. 0. 0. 0. 0.
4C40. 0. 0. 0. .010. 0. 0. 0. 0. 0. 0. 0. .010. 0. 0. 0. 0. 0. 0. 0. 0. 0. 0.
4C559.0. 0. 0. 0. 0. 0. 0.
4E115.0. 0. 0. 0. 0. 0. 0. 0. 4. 0. 0. 0. 0. 0. 0. 0. 0. 0. 0. 0. 0. 0. 0. 0.
4E20. 0. 0. 0. 0. 0. 0. 0. 0. .1 .1 0. .1 0. 0. 0. 0. 0. 0. 0. 0. 0. 0. 0. 0.
4E30. 0. 0. 0. 0. 0. 0. 0. 0. 0. .010. 0. 0. 0. 0. 0. 0. 0. 0. 0. 0. 0. 0. 0.
4E40. .010. 0. .1 0. 0. 0. 0. 0. 0. 0. 0. 0. 0. 0. 0. 0. 0. 0. 0. 0. 0. 0. 0.
4E559.0. 0. 0. 0. 0. 0. 0.
4G117.0. 0. 0. 0. 0. 0. 0. 0. 3. 0. 0. 0. 0. 0. 0. 0. 0. 0. 0. 0. 0. 0. 0. 0.
4G20. 0. 0. 0. 0. 0. 0. 0. 0. 0. 0. 0. 0. 0. 0. 0. 0. 0. 0. 0. 0. 0. 0. 0. 0.
4G30. 0. 0. 0. 0. 0. 0. 0. .010. 0. 0. 0. 0. 0. 0. 0. 0. 0. 0. 0. 0. 0. 0. 0.
4G40. 0. 0. 0. .1 0. 0. 0. 0. 0. 0. 0. 0. 0. 0. 0. 0. 0. 0. 0. 0. 0. 0. 0. 0.
4G561.0. 0. 0. 0. 0. 0. 0.
4I110.0. 0. 0. 0. 0. 0. 0. 0. 6. 0. 0. 0. .1 0. 0. 0. 0. 0. 0. 0. 0. 0. 0. 0.
4I20. 0. 0. 1. .1 0. 0. 0. 0. .01.5 .1 0. 0. 0. 0. 0. 0. 0. 0. 0. .1 0. 0. 0.
4I30. 0. 0. 0. 0. 0. 0. 0. .010. .010. 0. 0. 0. 0. 0. 0. 0. 0. 0. 0. 0. 0. 0.
4I40. .1 0. 0. .010. 0. 0. 0. 0. 0. 0. 0. .010. 0. 0. 0. 0. 0. 0. 0. 0. 0. 0.
4I560.0. 0. 0. 0. 0. 0. 0.
6A120.0. 0. 0. 0. 0. 0. 0. 0. 3. 0. 0. 0. 0. 0. 0. 0. 0. 0. 0. 0. 0. 0. 0. 0.
6A20. 0. 0. .01.010. 0. 0. 0. .01.1 0. 0. 0. 0. 0. 0. 0. 0. 0. 0. 0. 0. 0. 0.
6A30. 0. 0. 0. 0. 0. 0. 0. 0. 0. 0. 0. 0. 0. 0. 0. 0. 0. 0. 0. 0. 0. 0. 0. 0.
6A40. 0. 0. 0. .010. 0. 0. 0. 0. 0. 0. 0. 0. 0. 0. 0. 0. 0. 0. 0. 0. 0. 0. 0.
6A562.0. 0. 0. 0. 0. 0. 0.
6C15. 0. 0. 0. 0. 0. 0. 0. 0. 2. 0. 0. 0. 0. 0. 0. .010. 0. 0. 0. 0. 0. 0. 0.
6C20. 0. 0. .1 .1 0. 0. 0. 0. .01.1 0. 0. 0. .1 0. 0. 0. 0. 0. 0. .1 0. 0. 0.
6C30. 0. 0. 0. 0. 0. 0. 0. 0. 0. 0. 0. 0. 0. 0. 0. 0. 0. 0. 0. 0. 0. 0. 0. 0.
6C40. .1 0. 0. .1 0. 0. 0. 0. 0. 0. 0. 0. 0. 0. 0. 0. 0. 0. 0. 0. 0. 0. 0. 0.
6C565.0. 0. 0. 0. 0. 0. 0.
6E115.0. 0. 0. 0. 0. 0. 0. 0. .1 0. 0. 0. 0. 0. 0. 0. 0. 0. 0. 0. 0. 0. 0. 0.
6E20. 0. 0. .1 0. 0. 0. 0. 0. .01.1 0. 0. 0. 0. 0. 0. 0. 0. 0. 0. .010. 0. 0.
6E30. 0. 0. 0. 0. 0. 0. 0. 0. 0. 0. 0. 0. 0. 0. 0. 0. 0. 0. 0. 0. 0. 0. 0. 0.
6E40. .010. 0. .1 0. 0. 0. 0. 0. 0. 0. 0. 0. 0. 0. 0. 0. 0. 0. 0. 0. 0. 0. 0.
6E563.0. 0. 0. 0. 0. 0. 0.
6G112.0. 0. 0. 0. 0. 0. 0. 0. 5. 0. 0. 0. 0. 0. 0. 0. 0. 0. 0. 0. 0. 0. 0. 0.
6G20. 0. 0. .1 0. 0. 0. 0. 0. 0. .1 0. 0. 0. 0. 0. 0. 0. 0. 0. 0. .010. 0. 0.
6G30. 0. 0. 0. 0. 0. 0. 0. 0. 0. 0. 0. 0. 0. 0. 0. 0. 0. 0. 0. 0. 0. 0. 0. 0.
6G40. .010. 0. 0. 0. 0. 0. 0. 0. 0. 0. 0. 0. 0. 0. 0. 0. 0. 0. 0. 0. 0. 0. 0.
6G563.0. 0. 0. 0. 0. 0. 0.
6I14. 0. 0. 0. 0. 0. 0. 0. 0. 2. 0. 0. 0. 0. 0. 0. .1 0. 0. 0. 0. 0. 0. 0. 0.
6I20. 0. 0. 0. 0. 0. 0. 0. 0. 0. .1 0. 0. 0. 0. 0. 0. 0. 0. 0. 0. 0. 0. 0. 0.
6I30. 0. 0. 0. 0. 0. 0. 0. 0. 0. 0. 0. 0. 0. 0. 0. 0. 0. 0. 0. 0. 0. 0. 0. 0.
6I40. .010. 0. .010. 0. 0. 0. 0. 0. 0. 0. .010. 0. 0. 0. 0. 0. 0. 0. 0. 0. 0.
6I563.0. 0. 0. 0. 0. 0. 0.
8A18. 0. 0. .5 0. 0. 0. 0. 0. 3. 0. 0. 0. 0. 0. 0. 0. 0. 0. 0. 0. 0. 0. 0. 0.
8A20. 0. 0. .5 .1 .1 0. 0. 0. .01.1 0. 0. 0. 0. 0. 0. 0. 0. 0. 0. .010. 0. 0.
8A30. 0. 0. 0. 0. 0. 0. 0. 0. 0. 0. 0. 0. 0. 0. 0. 0. 0. 0. 0. 0. 0. 0. 0. 0.
8A40. .1 0. 0. .010. 0. 0. 0. 0. 0. 0. 0. 0. 0. 0. 0. 0. 0. 0. 0. 0. 0. 0. 0.
8A561.0. 0. 0. 0. 0. 0. 0.
8C112.0. 0. 0. 0. 0. 0. 0. 0. 2. 0. .1 0. 0. 0. 0. 0. 0. 0. 0. 0. 0. 0. 0. 0.
8C20. 0. 0. .1 0. .1 0. 0. 0. .01.1 0. 0. 0. 0. 0. 0. 0. 0. 0. 0. .010. 0. 0.
8C30. 0. 0. 0. 0. 0. 0. 0. 0. 0. 0. 0. 0. 0. 0. 0. 0. 0. 0. 0. 0. 0. 0. 0. 0.
8C40. .010. 0. .010. 0. 0. 0. 0. 0. 0. 0. .010. 0. 0. 0. 0. 0. 0. 0. 0. 0. 0.
8C562.0. 0. 0. 0. 0. 0. 0.
8E115.0. 0. 0. 0. 0. 0. 0. 0. 3. 0. 0. 0. 0. 0. 0. 0. 0. 0. 0. 0. 0. 0. 0. 0.
8E20. 0. 0. .5 0. .1 0. 0. 0. .01.5 0. .1 0. 0. 0. 0. 0. 0. 0. 0. .010. 0. 0.
8E30. 0. 0. 0. 0. 0. 0. 0. 0. 0. 0. 0. 0. 0. 0. 0. 0. 0. 0. 0. 0. 0. 0. 0. 0.
8E40. .1 0. 0. .010. 0. 0. 0. 0. 0. 0. 0. 0. 0. 0. 0. 0. 0. 0. 0. 0. 0. 0. 0.
8E560.0. 0. 0. 0. 0. 0. 0.
8G14. 0. 0. 0. 0. 0. 0. 0. 0. 2. 0. 0. 0. 0. 0. 0. 0. 0. 0. 0. 0. 0. 0. 0. 0.
8G20. 0. 0. .1 .1 0. 0. 0. 0. 0. .1 0. 0. 0. 0. 0. 0. 0. 0. 0. 0. .1 0. 0. 0.
8G30. 0. 0. 0. 0. 0. 0. 0. 0. 0. 0. 0. 0. 0. 0. 0. 0. 0. 0. 0. 0. 0. 0. 0. 0.
8G40. .010. 0. .010. .010. 0. 0. 0. 0. 0. 0. 0. 0. 0. 0. 0. 0. 0. 0. 0. 0. 0.
8G565.0. 0. 0. 0. 0. 0. 0.
8I112.0. 0. 0. 0. 0. 0. 0. 0. 2. 0. 0. 0. 0. 0. 0. .010. 0. 0. 0. 0. 0. 0. 0.
8I20. 0. 0. .010. 0. 0. 0. 0. .01.1 0. 0. 0. 0. 0. 0. 0. 0. 0. 0. .010. 0. 0.
8I30. 0. 0. 0. 0. 0. 0. 0. 0. 0. 0. 0. 0. 0. 0. 0. 0. 0. 0. 0. 0. 0. 0. 0. 0.
8I40. 0. 0. 0. .010. 0. 0. 0. 0. 0. 0. 0. 0. 0. 0. 0. 0. 0. 0. 0. 0. 0. 0. 0.
8I563.0. 0. 0. 0. 0. 0. 0.
0A112.0. 0. 0. 0. 0. 0. 3. 0. 3. 0. 0. 0. 0. 0. 0. 0. 0. 0. 0. 0. 0. 0. 0. 0.
0A20. 0. 0. 2. 0. .1 0. 0. 0. 0. .5 .1 0. 0. .5 0. 0. 0. 0. 0. 0. .1 0. 0. 0.
0A30. 0. 0. 0. 0. 0. 0. 0. .010. 0. 0. 0. 0. 0. 0. 0. 0. 0. 0. 0. 0. 0. 0. 0.
0A40. .1 0. 0. .010. 0. 0. 0. 0. 0. 0. 0. .010. 0. 0. 0. 0. 0. 0. 0. 0. 0. 0.
0A557.0. 0. 0. 0. 0. 0. 0.
0C112.0. 0. 0. 0. 0. 0. 0. 0. 5. 0. 0. 0. 0. 0. 0. 0. 0. 0. 0. 0. 0. 0. 0. 0.
0C20. 0. 0. .1 0. .010. 0. 0. .01.1 0. .010. .5 0. 0. 0. 0. 0. 0. 0. 0. 0. 0.
0C30. 0. 0. 0. 0. 0. 0. 0. 0. 0. 0. 0. 0. 0. 0. 0. 0. 0. 0. 0. 0. 0. 0. 0. 0.
0C40. .1 0. 0. .010. 0. 0. 0. 0. 0. 0. 0. 0. 0. 0. 0. 0. 0. 0. 0. 0. 0. 0. 0.
0C556.0. 0. 0. 0. 0. 0. 0.
0E110.0. 0. 0. 0. 0. 0. 0. 0. 8. 0. 0. 0. 0. 0. 0. 0. 0. 0. 0. 0. 0. 0. 0. 0.
0E20. 0. 0. 0. .010. 0. 0. 0. 0. .010. 0. 0. 0. 0. 0. 0. 0. 0. 0. 0. 0. 0. 0.
0E30. 0. 0. 0. 0. 0. 0. 0. 0. 0. 0. 0. 0. 0. 0. 0. 0. 0. 0. 0. 0. 0. 0. 0. 0.
0E40. .1 0. 0. .1 0. 0. 0. 0. 0. 0. 0. 0. 0. 0. 0. 0. 0. 0. 0. 0. 0. 0. 0. 0.
0E556.0. 0. 0. 0. 0. 0. 0.
0G15. 0. 0. 0. 0. 0. 0. 0. 0. 8. 0. 0. 0. .1 0. 0. 0. 0. 0. 0. 0. 0. 0. 0. 0.
0G20. 0. 0. .5 .5 0. 0. 0. .5 .01.5 0. 0. 0. 0. .010. 0. 0. 0. 0. .1 0. 0. 0.
0G30. 0. 0. 0. 0. 0. 0. 0. 0. 0. 0. 0. 0. 0. 0. 0. 0. 0. 0. 0. 0. 0. 0. 0. 0.
0G40. .1 .1 0. .010. 0. 0. 0. 0. 0. 0. 0. 0. 0. 0. 0. 0. 0. 0. 0. 0. 0. 0. 0.
0G558.0. 0. 0. 0. 0. 0. 0.
0I112.0. 0. 0. 0. 0. 0. 0. 0. 6. 0. 0. 0. 0. 0. 0. 0. 0. 0. 0. 0. 0. 0. 0. 0.
0I20. 0. 0. .1 .1 0. 0. 0. 0. .01.1 0. .1 0. 0. 0. 0. 0. 0. 0. 0. .1 0. 0. 0.
0I30. 0. 0. 0. 0. 0. 0. 0. 0. 0. 0. 0. 0. 0. 0. 0. 0. 0. 0. 0. 0. 0. 0. 0. 0.
0I40. .010. 0. .010. 0. 0. 0. 0. 0. 0. 0. 0. 0. 0. 0. 0. 0. 0. 0. 0. 0. 0. 0.
0I558.0. 0. 0. 0. 0. 0. 0.
2A110.0. 0. 0. 0. 0. 0. 1. 0. 2. 0. 0. 0. 0. 0. 0. 0. 0. 0. 0. 0. 0. 0. 0. 0.
2A20. 0. 0. 1. 0. 0. 0. 0. 0. .01.5 0. 0. 0. .5 0. 0. .010. 0. 0. .1 0. 0. 0.
2A30. 0. 0. 0. 0. 0. 0. 0. 0. 0. 0. 0. 0. 0. 0. 0. 0. 0. 0. 0. 0. 0. 0. 0. 0.
2A40. .1 0. 0. .010. 0. 0. 0. 0. 0. 0. 0. .010. 0. 0. 0. 0. 0. 0. 0. 0. 0. 0.
2A558.0. 0. 0. 0. 0. 0. 0.
2C117.0. 0. 0. 0. 0. 0. 0. 0. 8. 0. 0. 0. 0. 0. 0. 0. 0. 0. 0. 0. 0. 0. 0. 0.
2C20. 0. 0. .010. 0. 0. 0. 0. 0. .1 0. 0. 0. .010. 0. .1 0. 0. 0. .010. 0. 0.
2C30. 0. 0. 0. 0. 0. 0. 0. 0. 0. 0. 0. 0. 0. 0. 0. 0. 0. 0. 0. 0. 0. 0. 0. 0.
2C40. .1 0. 0. 0. 0. 0. 0. 0. 0. 0. 0. 0. 0. 0. 0. 0. 0. 0. 0. 0. 0. 0. 0. 0.
2C556.0. 0. 0. 0. 0. 0. 0.
2E115.0. 0. 0. 0. 0. 0. 0. 0. 3. 0. 0. 0. 0. 0. 0. 0. 0. 0. 0. 0. 0. 0. 0. 0.
2E20. 0. 0. .010. 0. 0. 0. 0. .01.010. .010. 0. 0. 0. .010. 0. 0. 0. 0. 0. 0.
2E30. 0. 0. 0. 0. 0. 0. 0. 0. 0. 0. 0. 0. 0. 0. 0. 0. 0. 0. 0. 0. 0. 0. 0. 0.
2E40. .1 0. 0. .010. 0. 0. 0. 0. 0. 0. 0. 0. 0. 0. 0. 0. 0. 0. 0. 0. 0. 0. 0.
2E556.0. 0. 0. 0. 0. 0. 0.
2G117.0. 0. 0. 0. 0. 0. 0. 0. 2. 0. 0. 0. .5 0. 0. 0. 0. 0. 0. 0. 0. 0. 0. 0.
2G20. 0. 0. .010. 0. 0. 0. .5 .01.5 0. .1 0. .010. 0. .010. 0. 0. .010. 0. 0.
2G30. 0. 0. 0. 0. 0. 0. 0. 0. 0. 0. 0. 0. 0. 0. 0. 0. 0. 0. 0. 0. 0. 0. 0. 0.
2G40. .01.010. .010. 0. 0. 0. 0. 0. 0. 0. 0. 0. 0. 0. 0. 0. 0. 0. 0. 0. 0. 0.
2G557.0. 0. 0. 0. 0. 0. 0.
2I115.0. 0. 0. 0. 0. 0. 0. 0. 1. 0. 0. 0. 0. 0. 0. 0. 0. 0. 0. 0. 0. 0. 0. 0.
2I20. 0. 0. .01.010. 0. 0. 0. 0. .1 0. .1 0. 0. 0. 0. .1 0. 0. 0. .010. 0. 0.
2I30. 0. 0. 0. 0. 0. 0. 0. 0. 0. 0. 0. 0. 0. 0. 0. 0. 0. 0. 0. 0. 0. 0. 0. 0.
2I40. 0. 0. 0. .1 0. 0. 0. 0. 0. 0. 0. 0. .010. 0. 0. 0. 0. 0. 0. 0. 0. 0. 0.
2I557.0. 0. 0. 0. 0. 0. 0.
4A15. 0. 0. 0. 0. 0. 0. 0. 0. 4. 0. 0. 0. 0. 0. 0. .010. 0. 0. 0. 0. 0. 0. 0.
4A20. 0. 0. .1 .1 .010. 0. 0. 0. .1 0. 0. 0. 0. 0. 0. 0. 0. 0. 0. 0. 0. 0. 0.
4A30. 0. 0. 0. 0. 0. 0. 0. 0. 0. 0. 0. 0. 0. 0. 0. 0. 0. 0. 0. 0. 0. 0. 0. 0.
4A40. .1 0. .01.010. 0. 0. 0. 0. 0. 0. 0. 0. 0. 0. 0. 0. 0. 0. 0. 0. 0. 0. 0.
4A558.0. 0. 0. 0. 0. 0. 0.
4C112.0. 0. 0. 0. 0. 0. 0. 0. 4. 0. 0. 0. 0. 0. 0. 0. 0. 0. 0. 0. 0. 0. 0. 0.
4C20. 0. 0. .1 0. 0. 0. 0. 0. 0. .1 0. 0. 0. 0. 0. 0. 0. 0. 0. 0. 0. 0. 0. 0.
4C30. 0. 0. 0. 0. 0. 0. 0. 0. 0. 0. 0. 0. 0. 0. 0. 0. 0. 0. 0. 0. 0. 0. 0. 0.
4C40. .010. 0. .1 0. 0. 0. 0. 0. 0. 0. 0. 0. 0. 0. 0. 0. 0. 0. 0. 0. 0. 0. 0.
4C558.0. 0. 0. 0. 0. 0. 0.
4E110.0. 0. 0. 0. 0. 0. 0. 0. 5. 0. 0. 0. 0. 0. 0. 0. 0. 0. 0. 0. 0. 0. 0. 0.
4E20. 0. 0. 0. 0. 0. 0. 0. 0. .01.1 0. .1 0. 0. 0. 0. 0. 0. 0. 0. 0. 0. 0. 0.
4E30. 0. 0. 0. 0. 0. 0. 0. 0. 0. 0. 0. 0. 0. 0. 0. 0. 0. 0. 0. 0. 0. 0. 0. 0.
4E40. 0. 0. 0. .1 0. 0. 0. 0. 0. 0. 0. 0. 0. 0. 0. 0. 0. 0. 0. 0. 0. 0. 0. 0.
4E558.0. 0. 0. 0. 0. 0. 0.
4G117.0. 0. 0. 0. 0. 0. 0. 0. 3. 0. 0. 0. 0. 0. 0. 0. 0. 0. 0. 0. 0. 0. 0. 0.
4G20. 0. 0. 0. 0. 0. 0. 0. 0. 0. 0. 0. 0. 0. 0. 0. 0. 0. 0. 0. 0. 0. 0. 0. 0.
4G30. 0. 0. 0. 0. 0. 0. 0. 0. 0. 0. 0. 0. 0. 0. 0. 0. 0. 0. 0. 0. 0. 0. 0. 0.
4G40. 0. 0. 0. .1 0. 0. 0. 0. 0. 0. 0. 0. 0. 0. 0. 0. 0. 0. 0. 0. 0. 0. 0. 0.
4G557.0. 0. 0. 0. 0. 0. 0.
4I18. 0. 0. 0. 0. 0. 0. 0. 0. 5. 0. 0. 0. 0. 0. 0. 0. 0. 0. 0. 0. 0. 0. 0. 0.
4I20. 0. 0. 2. .1 0. 0. 0. 0. .01.5 .1 0. 0. 0. 0. 0. 0. 0. 0. 0. .010. 0. 0.
4I30. 0. 0. 0. 0. 0. 0. 0. .010. 0. 0. 0. 0. 0. 0. 0. 0. 0. 0. 0. 0. 0. 0. 0.
4I40. .1 0. 0. .010. 0. 0. 0. 0. 0. 0. 0. .010. 0. 0. 0. 0. 0. 0. 0. 0. 0. 0.
4I558.0. 0. 0. 0. 0. 0. 0.
6A117.0. 0. 0. 0. 0. 0. 0. 0. 4. 0. 0. 0. 0. 0. 0. 0. 0. 0. 0. 0. 0. 0. 0. 0.
6A20. 0. 0. 2. .01.010. 0. 0. .01.1 0. 0. 0. 0. 0. 0. 0. 0. 0. 0. .010. 0. 0.
6A30. 0. 0. 0. 0. 0. 0. 0. 0. 0. 0. 0. 0. 0. 0. 0. 0. 0. 0. 0. 0. 0. 0. 0. 0.
6A40. 0. 0. 0. .010. 0. 0. 0. 0. 0. 0. 0. 0. 0. 0. 0. 0. 0. 0. 0. 0. 0. 0. 0.
6A558.0. 0. 0. 0. 0. 0. 0.
6C14. 0. 0. 0. 0. 0. 0. 0. 0. 2. 0. 0. 0. 0. 0. 0. 0. 0. 0. 0. 0. 0. 0. 0. 0.
6C20. 0. 0. .1 .1 0. 0. 0. 0. .01.1 0. 0. 0. .1 0. 0. 0. 0. 0. 0. .1 0. 0. 0.
6C30. 0. 0. 0. 0. 0. 0. 0. 0. 0. 0. 0. 0. 0. 0. 0. 0. 0. 0. 0. 0. 0. 0. 0. 0.
6C40. .1 0. 0. .1 0. 0. 0. 0. 0. 0. 0. 0. 0. 0. 0. 0. 0. 0. 0. 0. 0. 0. 0. 0.
6C559.0. 0. 0. 0. 0. 0. 0.
6E112.0. 0. 0. 0. 0. 0. 0. 0. .1 0. 0. 0. 0. 0. 0. 0. 0. 0. 0. 0. 0. 0. 0. 0.
6E20. 0. 0. .1 0. 0. 0. 0. 0. .01.1 0. 0. 0. 0. 0. 0. 0. 0. 0. 0. .010. 0. 0.
6E30. 0. 0. 0. 0. 0. 0. 0. 0. 0. 0. 0. 0. 0. 0. 0. 0. 0. 0. 0. 0. 0. 0. 0. 0.
6E40. .010. 0. .1 0. 0. 0. 0. 0. 0. 0. 0. 0. 0. 0. 0. 0. 0. 0. 0. 0. 0. 0. 0.
6E558.0. 0. 0. 0. 0. 0. 0.
6G18. 0. 0. 0. 0. 0. 0. 0. 0. 5. 0. 0. 0. 0. 0. 0. 0. 0. 0. 0. 0. 0. 0. 0. 0.
6G20. 0. 0. .1 0. 0. 0. 0. 0. .01.1 0. 0. 0. 0. 0. 0. 0. 0. 0. 0. .010. 0. 0.
6G30. 0. 0. 0. 0. 0. 0. 0. 0. 0. 0. 0. 0. 0. 0. 0. 0. 0. 0. 0. 0. 0. 0. 0. 0.
6G40. .010. 0. .010. 0. 0. 0. 0. 0. 0. 0. 0. 0. 0. 0. 0. 0. 0. 0. 0. 0. 0. 0.
6G558.0. 0. 0. 0. 0. 0. 0.
6I14. 0. 0. 0. 0. 0. 0. 0. 0. 2. 0. 0. 0. 0. 0. 0. .1 0. 0. 0. 0. 0. 0. 0. 0.
6I20. 0. 0. 0. 0. 0. 0. 0. 0. .01.5 0. 0. 0. 0. 0. 0. 0. 0. 0. 0. 0. 0. 0. 0.
6I30. 0. 0. 0. 0. 0. 0. 0. 0. 0. 0. 0. 0. 0. 0. 0. 0. 0. 0. 0. 0. 0. 0. 0. 0.
6I40. .1 0. 0. .010. 0. 0. 0. 0. 0. 0. 0. .010. 0. 0. 0. 0. 0. 0. 0. 0. 0. 0.
6I560.0. 0. 0. 0. 0. 0. 0.
8A110.0. 0. .5 0. 0. 0. 0. 0. 4. 0. 0. 0. 0. 0. 0. 0. 0. 0. 0. 0. 0. 0. 0. 0.
8A20. 0. 0. .5 .1 .1 0. 0. 0. .010. 0. 0. 0. 0. 0. 0. 0. 0. 0. 0. 0. 0. 0. 0.
8A30. 0. 0. 0. 0. 0. 0. 0. 0. 0. 0. 0. 0. 0. 0. 0. 0. 0. 0. 0. 0. 0. 0. 0. 0.
8A40. .1 0. 0. .010. 0. 0. 0. 0. 0. 0. 0. 0. 0. 0. 0. 0. 0. 0. 0. 0. 0. 0. 0.
8A558.0. 0. 0. 0. 0. 0. 0.
8C110.0. 0. 0. 0. 0. 0. 0. 0. 3. 0. .1 0. 0. 0. 0. 0. 0. 0. 0. 0. 0. 0. 0. 0.
8C20. 0. 0. .1 0. .1 0. 0. 0. 0. .5 0. 0. 0. 0. 0. 0. 0. 0. 0. 0. .010. 0. 0.
8C30. 0. 0. 0. 0. 0. 0. 0. 0. 0. 0. 0. 0. 0. 0. 0. 0. 0. 0. 0. 0. 0. 0. 0. 0.
8C40. .010. 0. .010. 0. 0. 0. 0. 0. 0. 0. 0. 0. 0. 0. 0. 0. 0. 0. 0. 0. 0. 0.
8C558.0. 0. 0. 0. 0. 0. 0.
8E110.0. 0. 0. 0. 0. 0. 0. 0. 2. 0. 0. 0. 0. 0. 0. 0. 0. 0. 0. 0. 0. 0. 0. 0.
8E20. 0. 0. .5 0. .1 0. 0. 0. 0. .1 0. .5 0. 0. 0. 0. 0. 0. 0. 0. .010. 0. 0.
8E30. 0. 0. 0. 0. 0. 0. 0. 0. 0. 0. 0. 0. 0. 0. 0. 0. 0. 0. 0. 0. 0. 0. 0. 0.
8E40. .010. 0. .010. .010. 0. 0. 0. 0. 0. .010. 0. 0. 0. 0. 0. 0. 0. 0. 0. 0.
8E558.0. 0. 0. 0. 0. 0. 0.
8G14. 0. 0. 0. 0. 0. 0. 0. 0. 2. 0. 0. 0. 0. 0. 0. 0. 0. 0. 0. 0. 0. 0. 0. 0.
8G20. 0. 0. .1 .1 0. 0. 0. 0. 0. .1 0. 0. 0. 0. 0. 0. 0. 0. 0. 0. .010. 0. 0.
8G30. 0. 0. 0. 0. 0. 0. 0. 0. 0. 0. 0. 0. 0. 0. 0. 0. 0. 0. 0. 0. 0. 0. 0. 0.
8G40. .1 0. 0. .010. .010. 0. 0. 0. 0. 0. .010. 0. 0. 0. 0. 0. 0. 0. 0. 0. 0.
8G559.0. 0. 0. 0. 0. 0. 0.
8I15. 0. 0. 0. 0. 0. 0. 0. 0. 2. 0. 0. 0. 0. 0. 0. .010. 0. 0. 0. 0. 0. 0. 0.
8I20. 0. 0. .1 0. 0. 0. 0. 0. .01.5 0. 0. 0. 0. 0. 0. 0. 0. 0. 0. 0. 0. 0. 0.
8I30. 0. 0. 0. 0. 0. 0. 0. 0. 0. 0. 0. 0. 0. 0. 0. 0. 0. 0. 0. 0. 0. 0. 0. 0.
8I40. 0. 0. 0. .010. 0. 0. 0. 0. 0. 0. 0. 0. 0. 0. 0. 0. 0. 0. 0. 0. 0. 0. 0.
8I558.0. 0. 0. 0. 0. 0. 0.
0A110.0. 0. 0. 0. 0. 0. 1. 0. 2. 0. 0. 0. .1 0. 0. 0. 0. 0. 0. 0. 0. 0. 0. 0.
0A20. 0. 0. 2. 0. .1 0. 0. 0. .01.5 .1 0. 0. .1 0. 0. 0. 0. 0. 0. .010. 0. 0.
0A30. 0. 0. 0. 0. 0. 0. 0. 0. 0. 0. 0. 0. 0. 0. 0. 0. 0. 0. 0. 0. 0. 0. 0. 0.
0A40. .1 0. 0. .010. 0. 0. 0. 0. 0. 0. 0. .010. 0. 0. 0. 0. 0. 0. 0. 0. 0. 0.
0A566.0. 0. 0. 0. 0. 0. 0.
0C110.0. 0. 0. 0. 0. 0. 0. 0. 3. 0. 0. 0. 0. 0. 0. 0. 0. 0. 0. 0. 0. 0. 0. 0.
0C20. 0. 0. .1 0. .010. 0. 0. .01.1 0. 0. 0. .5 0. 0. .1 0. 0. 0. 0. 0. 0. 0.
0C30. 0. 0. 0. 0. 0. 0. 0. 0. 0. 0. 0. 0. 0. 0. 0. 0. 0. 0. 0. 0. 0. 0. 0. 0.
0C40. .010. 0. .010. 0. 0. 0. 0. 0. 0. 0. 0. 0. 0. 0. 0. 0. 0. 0. 0. 0. 0. 0.
0C565.0. 0. 0. 0. 0. 0. 0.
0E18. 0. 0. 0. 0. 0. 0. 0. 0. 6. 0. 0. 0. 0. 0. 0. 0. 0. 0. 0. 0. 0. 0. 0. 0.
0E20. 0. 0. .01.1 0. 0. 0. 0. .01.010. 0. 0. 0. 0. 0. 0. 0. 0. 0. 0. 0. 0. 0.
0E30. 0. 0. 0. 0. 0. 0. 0. 0. 0. 0. 0. 0. 0. 0. 0. 0. 0. 0. 0. 0. 0. 0. 0. 0.
0E40. .1 0. 0. .1 0. 0. 0. 0. 0. 0. 0. 0. 0. 0. 0. 0. 0. 0. 0. 0. 0. 0. 0. 0.
0E565.0. 0. 0. 0. 0. 0. 0.
0G14. 0. 0. 0. 0. 0. 0. 0. 0. 4. 0. 0. 0. .1 0. 0. 0. 0. 0. 0. 0. 0. 0. 0. 0.
0G20. 0. 0. .5 .1 0. 0. 0. .1 .01.1 0. 0. 0. 0. .1 0. 0. 0. 0. 0. .010. 0. 0.
0G30. 0. 0. 0. 0. 0. 0. 0. 0. 0. 0. 0. 0. 0. 0. 0. 0. 0. 0. 0. 0. 0. 0. 0. 0.
0G40. .010. 0. .1 0. 0. 0. 0. 0. 0. 0. 0. 0. 0. 0. 0. 0. 0. 0. 0. 0. 0. 0. 0.
0G566.0. 0. 0. 0. 0. 0. 0.
0I18. 0. 0. 0. 0. 0. 0. 0. 0. 3. 0. 0. 0. 0. 0. 0. 0. 0. 0. 0. 0. 0. 0. 0. 0.
0I20. 0. 0. .1 .1 0. 0. 0. 0. .01.1 0. .1 0. 0. 0. 0. 0. 0. 0. 0. .010. 0. 0.
0I30. 0. 0. 0. 0. 0. 0. 0. 0. 0. 0. 0. 0. 0. 0. 0. 0. 0. 0. 0. 0. 0. 0. 0. 0.
0I40. .010. 0. .010. 0. 0. 0. 0. 0. 0. 0. 0. 0. 0. 0. 0. 0. 0. 0. 0. 0. 0. 0.
0I566.0. 0. 0. 0. 0. 0. 0.
2A18. 0. 0. 0. 0. 0. 0. .5 0. 2. 0. 0. 0. 0. 0. 0. 0. 0. 0. 0. 0. 0. 0. 0. 0.
2A20. 0. 0. .5 0. 0. 0. 0. 0. 0. .5 0. 0. 0. 1. 0. 0. 0. 0. 0. 0. .1 0. 0. 0.
2A30. 0. 0. 0. 0. 0. 0. 0. 0. 0. 0. 0. 0. .1 0. 0. 0. 0. 0. 0. 0. 0. 0. 0. 0.
2A40. .1 0. 0. .1 0. 0. 0. 0. 0. 0. 0. 0. 0. 0. 0. 0. 0. 0. 0. 0. 0. 0. 0. 0.
2A566.0. 0. 0. 0. 0. 0. 0.
2C117.0. 0. 0. 0. 0. 0. 0. 0. 5. 0. 0. 0. 0. 0. 0. 0. 0. 0. 0. 0. 0. 0. 0. 0.
2C20. 0. 0. .1 0. 0. 0. 0. 0. .01.1 0. 0. 0. .010. 0. .1 0. 0. 0. .010. 0. 0.
2C30. 0. 0. 0. 0. 0. 0. 0. 0. 0. 0. 0. 0. 0. 0. 0. 0. 0. 0. 0. 0. 0. 0. 0. 0.
2C40. .010. 0. .010. 0. 0. 0. 0. 0. 0. 0. 0. 0. 0. 0. 0. 0. 0. 0. 0. 0. 0. 0.
2C565.0. 0. 0. 0. 0. 0. 0.
2E112.0. 0. 0. 0. 0. 0. 0. 0. 3. 0. 0. 0. 0. 0. 0. 0. 0. 0. 0. 0. 0. 0. 0. 0.
2E20. 0. 0. 0. 0. 0. 0. 0. 0. .01.010. .1 0. 0. 0. 0. 0. 0. 0. 0. 0. 0. 0. 0.
2E30. 0. 0. 0. 0. 0. 0. 0. 0. 0. 0. 0. 0. 0. 0. 0. 0. 0. 0. 0. 0. 0. 0. 0. 0.
2E40. .1 0. 0. .010. 0. 0. 0. 0. 0. 0. 0. 0. 0. 0. 0. 0. 0. 0. 0. 0. 0. 0. 0.
2E565.0. 0. 0. 0. 0. 0. 0.
2G115.0. 0. 0. 0. 0. 0. 0. 0. 1. 0. 0. 0. .5 0. 0. 0. 0. 0. 0. 0. 0. 0. 0. 0.
2G20. 0. 0. .5 0. 0. 0. 0. .1 .01.1 0. .1 0. 0. .010. .010. 0. 0. .010. 0. 0.
2G30. 0. 0. 0. 0. 0. 0. 0. 0. 0. 0. 0. 0. 0. 0. 0. 0. 0. 0. 0. 0. 0. 0. 0. 0.
2G40. .1 0. 0. .1 0. 0. 0. 0. 0. 0. 0. 0. 0. 0. 0. 0. 0. 0. 0. 0. 0. 0. 0. 0.
2G565.0. 0. 0. 0. 0. 0. 0.
2I112.0. 0. 0. 0. 0. 0. 0. 0. .5 0. 0. 0. 0. 0. 0. 0. 0. 0. 0. 0. 0. 0. 0. 0.
2I20. 0. 0. .1 .010. 0. 0. 0. 0. .1 0. .1 0. 0. 0. 0. 0. 0. 0. 0. 0. 0. 0. 0.
2I30. 0. 0. 0. 0. 0. 0. 0. 0. 0. 0. 0. 0. 0. 0. 0. 0. 0. 0. 0. 0. 0. 0. 0. 0.
2I40. 0. 0. 0. .1 0. 0. 0. 0. 0. 0. 0. 0. 0. 0. 0. 0. 0. 0. 0. 0. 0. 0. 0. 0.
2I566.0. 0. 0. 0. 0. 0. 0.
4A14. 0. 0. 0. 0. 0. 0. 0. 0. 3. 0. 0. 0. 0. 0. 0. .010. 0. 0. 0. 0. 0. 0. 0.
4A20. 0. 0. .1 .1 .010. 0. 0. 0. .1 0. 0. 0. 0. 0. 0. 0. 0. 0. 0. .010. 0. 0.
4A30. 0. 0. 0. 0. 0. 0. 0. 0. 0. 0. 0. 0. 0. 0. 0. 0. 0. 0. 0. 0. 0. 0. 0. 0.
4A40. .010. .01.010. 0. 0. 0. 0. 0. 0. 0. 0. 0. 0. 0. 0. 0. 0. 0. 0. 0. 0. 0.
4A566.0. 0. 0. 0. 0. 0. 0.
4C110.0. 0. 0. 0. 0. 0. 0. 0. 2. 0. 0. 0. 0. 0. 0. 0. 0. 0. 0. 0. 0. 0. 0. 0.
4C20. 0. 0. .1 0. 0. 0. 0. 0. 0. .1 0. 0. 0. 0. 0. 0. 0. 0. 0. 0. .010. 0. 0.
4C30. 0. 0. 0. 0. 0. 0. 0. 0. 0. 0. 0. 0. 0. 0. 0. 0. 0. 0. 0. 0. 0. 0. 0. 0.
4C40. .010. 0. .010. 0. 0. 0. 0. 0. 0. 0. .010. 0. 0. 0. 0. 0. 0. 0. 0. 0. 0.
4C566.0. 0. 0. 0. 0. 0. 0.
4E110.0. 0. 0. 0. 0. 0. 0. 0. 3. 0. 0. 0. 0. 0. 0. 0. 0. 0. 0. 0. 0. 0. 0. 0.
4E20. 0. 0. 0. 0. 0. 0. 0. 0. .01.1 0. .1 0. 0. 0. 0. 0. 0. 0. 0. .010. 0. 0.
4E30. 0. 0. 0. 0. 0. 0. 0. 0. 0. 0. 0. 0. 0. 0. 0. 0. 0. 0. 0. 0. 0. 0. 0. 0.
4E40. 0. 0. 0. .1 0. 0. 0. 0. 0. 0. 0. 0. 0. 0. 0. 0. 0. 0. 0. 0. 0. 0. 0. 0.
4E566.0. 0. 0. 0. 0. 0. 0.
4G113.0. 0. 0. 0. 0. 0. 0. 0. 3. 0. 0. 0. 0. 0. 0. 0. 0. 0. 0. 0. 0. 0. 0. 0.
4G20. 0. 0. 0. 0. 0. 0. 0. 0. 0. 0. 0. 0. 0. 0. 0. 0. 0. 0. 0. 0. 0. 0. 0. 0.
4G30. 0. 0. 0. 0. 0. 0. 0. 0. 0. 0. 0. 0. 0. 0. 0. 0. 0. 0. 0. 0. 0. 0. 0. 0.
4G40. 0. 0. 0. .1 0. 0. 0. 0. 0. 0. 0. 0. 0. 0. 0. 0. 0. 0. 0. 0. 0. 0. 0. 0.
4G568.0. 0. 0. 0. 0. 0. 0.
4I17. 0. 0. 0. 0. 0. 0. 0. 0. 4. 0. 0. 0. .010. 0. 0. 0. 0. 0. 0. 0. 0. 0. 0.
4I20. 0. 0. 0. 2. 0. 0. 0. 0. 0. .01.5 .1 0. 0. 0. 0. 0. 0. 0. 0. 0. .010. 0.
4I30. 0. 0. 0. 0. 0. 0. 0. 0. 0. 0. 0. 0. 0. 0. 0. 0. 0. 0. 0. 0. 0. 0. 0. 0.
4I40. .1 0. 0. .010. .010. 0. 0. 0. 0. 0. .1 0. 0. 0. 0. 0. 0. 0. 0. 0. 0. 0.
4I568.0. 0. 0. 0. 0. 0. 0.
6A114.0. 0. 0. 0. 0. 0. 0. 0. 5. 0. 0. 0. 0. 0. 0. 0. 0. 0. 0. 0. 0. 0. 0. 0.
6A20. 0. 0. .01.010. 0. 0. 0. .01.010. 0. 0. 0. 0. 0. 0. 0. 0. 0. 0. 0. 0. 0.
6A30. 0. 0. 0. 0. 0. 0. 0. 0. 0. 0. 0. 0. 0. 0. 0. 0. 0. 0. 0. 0. 0. 0. 0. 0.
6A40. 0. 0. 0. .010. 0. 0. 0. 0. 0. 0. 0. 0. 0. 0. 0. 0. 0. 0. 0. 0. 0. 0. 0.
6A567.0. 0. 0. 0. 0. 0. 0.
6C15. 0. 0. 0. 0. 0. 0. 0. 0. 2. 0. 0. 0. 0. 0. 0. .010. 0. 0. 0. 0. 0. 0. 0.
6C20. 0. 0. .010. 0. 0. 0. 0. 0. .010. 0. 0. .1 0. 0. 0. 0. 0. 0. .010. 0. 0.
6C30. 0. 0. 0. 0. 0. 0. 0. 0. 0. 0. 0. 0. 0. 0. 0. 0. 0. 0. 0. 0. 0. 0. 0. 0.
6C40. .1 0. 0. .010. .010. 0. 0. 0. 0. 0. 0. 0. 0. 0. 0. 0. 0. 0. 0. 0. 0. 0.
6C568.0. 0. 0. 0. 0. 0. 0.
6E110.0. 0. 0. 0. 0. 0. 0. 0. .5 0. 0. 0. 0. 0. 0. 0. 0. 0. 0. 0. 0. 0. 0. 0.
6E20. 0. 0. .010. 0. 0. 0. 0. .01.5 0. 0. 0. 0. 0. 0. 0. 0. 0. 0. 0. 0. 0. 0.
6E300.0. 0. 0. 0. 0. 0. 0. 0. 0. 0. 0. 0. 0. 0. 0. 0. 0. 0. 0. 0. 0. 0. 0. 0.
6E40. .010. 0. .010. 0. 0. 0. 0. 0. 0. 0. 0. 0. 0. 0. 0. 0. 0. 0. 0. 0. 0. 0.
6E567.0. 0. 0. 0. 0. 0. 0.
6G114.0. 0. 0. 0. 0. 0. 0. 0. 3. 0. 0. 0. 0. 0. 0. 0. 0. 0. 0. 0. 0. 0. 0. 0.
6G20. 0. 0. .010. 0. 0. 0. 0. .01.1 0. 0. 0. 0. 0. 0. 0. 0. 0. 0. .010. 0. 0.
6G30. 0. 0. 0. 0. 0. 0. 0. 0. 0. 0. 0. 0. 0. 0. 0. 0. 0. 0. 0. 0. 0. 0. 0. 0.
6G40. .010. 0. .010. 0. 0. 0. 0. 0. 0. 0. 0. 0. 0. 0. 0. 0. 0. 0. 0. 0. 0. 0.
6G567.0. 0. 0. 0. 0. 0. 0.
6I18. 0. 0. 0. 0. 0. 0. 0. 0. 1. 0. 0. 0. 0. 0. 0. .1 0. 0. 0. 0. 0. 0. 0. 0.
6I20. 0. 0. 0. 0. 0. 0. 0. 0. .01.1 0. 0. 0. 0. 0. 0. .010. 0. 0. 0. 0. 0. 0.
6I30. 0. 0. 0. 0. 0. 0. 0. 0. 0. 0. 0. 0. 0. 0. 0. 0. 0. 0. 0. 0. 0. 0. 0. 0.
6I40. .010. 0. .010. 0. 0. 0. 0. 0. 0. 0. .010. 0. 0. 0. 0. 0. 0. 0. 0. 0. 0.
6I568.0. 0. 0. 0. 0. 0. 0.
8A18. 0. 0. .5 0. 0. 0. 0. 0. 0. 0. 0. 0. 0. 0. 0. 0. 0. 0. 0. 0. 0. 0. 0. 0.
8A20. 0. 0. .1 .1 .010. 0. 0. .010. 0. 0. 0. 0. 0. 0. 0. 0. 0. 0. 0. 0. 0. 0.
8A30. 0. 0. 0. 0. 0. 0. 0. 0. 0. 0. 0. 0. 0. 0. 0. 0. 0. 0. 0. 0. 0. 0. 0. 0.
8A40. .1 0. 0. .010. .010. 0. 0. 0. 0. 0. 0. 0. 0. 0. 0. 0. 0. 0. 0. 0. 0. 0.
8A567.0. 0. 0. 0. 0. 0. 0.
8C120.0. 0. 0. 0. 0. 0. 0. 0. 3. 0. .1 0. 0. 0. 0. 0. 0. 0. 0. 0. 0. 0. 0. 0.
8C20. 0. 0. .1 0. .010. 0. 0. .01.5 0. 0. 0. 0. 0. 0. 0. 0. 0. 0. .010. 0. 0.
8C3.1 0. 0. 0. 0. 0. 0. 0. 0. 0. 0. 0. 0. 0. 0. 0. 0. 0. 0. 0. 0. 0. 0. 0. 0.
8C40. .010. 0. .010. .010. 0. 0. 0. 0. 0. .010. 0. 0. 0. 0. 0. 0. 0. 0. 0. 0.
8C567.0. 0. 0. 0. 0. 0. 0.
8E111.0. 0. 0. 0. 0. 0. 0. 0. 5. 0. 0. 0. 0. 0. 0. 0. 0. 0. 0. 0. 0. 0. 0. 0.
8E20. 0. 0. .1 0. .010. 0. 0. 0. .1 0. .5 0. 0. 0. 0. .010. 0. 0. .010. 0. 0.
8E30. 0. 0. 0. 0. 0. 0. 0. 0. 0. 0. 0. 0. 0. 0. 0. 0. 0. 0. 0. 0. 0. 0. 0. 0.
8E40. 0. 0. 0. .010. .010. 0. 0. 0. 0. 0. .010. 0. 0. 0. 0. 0. 0. 0. 0. 0. 0.
8E566.0. 0. 0. 0. 0. 0. 0.
8G112.0. 0. 0. 0. 0. 0. 0. 0. 2. 0. 0. 0. 0. 0. 0. 0. 0. 0. 0. 0. 0. 0. 0. 0.
8G20. 0. 0. .1 .1 0. 0. 0. 0. .01.1 0. 0. 0. 0. 0. 0. .010. 0. 0. .010. 0. 0.
8G30. 0. 0. 0. 0. 0. 0. 0. 0. 0. 0. 0. 0. 0. 0. 0. 0. 0. 0. 0. 0. 0. 0. 0. 0.
8G40. .1 0. 0. .010. .010. 0. 0. 0. 0. 0. .1 0. 0. 0. 0. 0. 0. 0. 0. 0. 0. 0.
8G568.0. 0. 0. 0. 0. 0. 0.
8I121.0. 0. 0. 0. 0. 0. 0. 0. 2. 0. 0. 0. 0. 0. 0. .010. 0. 0. 0. 0. 0. 0. 0.
8I20. 0. 0. .010. 0. 0. 0. 0. .01.5 0. 0. 0. 0. 0. 0. 0. 0. 0. 0. .010. 0. 0.
8I30. 0. 0. 0. 0. 0. 0. 0. 0. 0. 0. 0. 0. 0. 0. 0. 0. 0. 0. 0. 0. 0. 0. 0. 0.
8I40. 0. 0. 0. .010. 0. 0. 0. 0. 0. 0. 0. 0. 0. 0. 0. 0. 0. 0. 0. 0. 0. 0. 0.
8I568.0. 0. 0. 0. 0. 0. 0.
0A18. 0. 0. 0. 0. 0. 0. 1. 0. 2. 0. 0. 0. 0. 0. 0. 0. 0. 0. 0. 0. 0. 0. 0. 0.
0A20. 0. 0. .1 0. .010. 0. 0. .01.1 .1 0. 0. .1 0. 0. 0. 0. 0. 0. .1 0. 0. 0.
0A30. 0. 0. 0. 0. 0. 0. 0. 0. 0. 0. 0. 0. 0. 0. 0. 0. 0. 0. 0. 0. 0. 0. 0. 0.
0A40. .010. 0. .010. .010. 0. 0. 0. 0. 0. .010. 0. 0. 0. 0. 0. 0. 0. 0. 0. 0.
0A561.0. 0. 0. 0. 0. 0. 0.
0C110.0. 0. 0. 0. 0. 0. 0. 0. 2. 0. 0. 0. 0. 0. 0. 0. 0. 0. 0. 0. 0. 0. 0. 0.
0C20. 0. 0. .1 0. .010. 0. 0. .01.1 0. .010. .5 0. 0. .1 0. 0. 0. .010. 0. 0.
0C30. 0. 0. 0. 0. 0. 0. 0. 0. 0. 0. 0. 0. 0. 0. 0. 0. 0. 0. 0. 0. 0. 0. 0. 0.
0C40. .1 0. 0. .010. 0. 0. 0. 0. 0. 0. 0. 0. 0. 0. 0. 0. 0. 0. 0. 0. 0. 0. 0.
0C560.0. 0. 0. 0. 0. 0. 0.
0E16. 0. 0. 0. 0. 0. 0. 0. 0. 4. 0. 0. 0. 0. 0. 0. 0. 0. 0. 0. 0. 0. 0. 0. 0.
0E20. 0. 0. 0. .010. 0. 0. 0. .010. .010. 0. 0. 0. 0. 0. 0. 0. 0. 0. 0. 0. 0.
0E30. 0. 0. 0. 0. 0. 0. 0. 0. 0. 0. 0. 0. 0. 0. 0. 0. 0. 0. 0. 0. 0. 0. 0. 0.
0E40. .010. 0. .010. 0. 0. 0. 0. 0. 0. 0. 0. 0. 0. 0. 0. 0. 0. 0. 0. 0. 0. 0.
0E561.0. 0. 0. 0. 0. 0. 0.
0G13. 0. 0. 0. 0. 0. 0. 0. 0. 3. 0. 0. 0. .1 0. 0. 0. 0. 0. 0. 0. 0. 0. 0. 0.
0G20. 0. 0. .1 .5 0. 0. 0. .5 .01.1 0. 0. 0. 0. .010. 0. 0. 0. 0. .010. 0. 0.
0G30. 0. 0. 0. 0. 0. 0. 0. 0. 0. 0. 0. 0. 0. 0. 0. 0. 0. 0. 0. 0. 0. 0. 0. 0.
0G40. .010. 0. .1 0. 0. 0. 0. 0. 0. 0. 0. 0. 0. 0. 0. 0. 0. 0. 0. 0. 0. 0. 0.
0G562.0. 0. 0. 0. 0. 0. 0.
0I110.0. 0. 0. 0. 0. 0. 0. 0. 3. 0. 0. 0. 0. 0. 0. 0. 0. 0. 0. 0. 0. 0. 0. 0.
0I20. 0. 0. .01.1 0. 0. 0. 0. .01.010. .010. 0. 0. 0. 0. 0. 0. 0. .010. 0. 0.
0I30. 0. 0. 0. 0. 0. 0. 0. 0. 0. 0. 0. 0. 0. 0. 0. 0. 0. 0. 0. 0. 0. 0. 0. 0.
0I40. .010. 0. .010. 0. 0. 0. 0. 0. 0. 0. 0. 0. 0. 0. 0. 0. 0. 0. 0. 0. 0. 0.
0I562.0. 0. 0. 0. 0. 0. 0.
2A15. 0. 0. 0. 0. 0. 0. .5 0. 1. 0. 0. 0. 0. 0. 0. 0. 0. 0. 0. 0. 0. 0. 0. 0.
2A20. 0. 0. .010. 0. 0. 0. 0. 0. .1 0. 0. 0. .5 0. 0. 0. 0. 0. 0. .1 0. 0. 0.
2A30. 0. 0. 0. 0. 0. 0. 0. 0. 0. 0. 0. 0. .010. 0. 0. 0. 0. 0. 0. 0. 0. 0. 0.
2A40. .010. 0. 0. 0. 0. 0. 0. 0. 0. 0. 0. 0. 0. 0. 0. 0. 0. 0. 0. 0. 0. 0. 0.
2A564.0. 0. 0. 0. 0. 0. 0.
2C115.0. 0. 0. 0. 0. 0. 0. 0. 3. 0. 0. 0. 0. 0. 0. 0. 0. 0. 0. 0. 0. 0. 0. 0.
2C20. 0. 0. 0. 0. 0. 0. 0. 0. 0. .1 0. 0. 0. .010. 0. 0. 0. 0. 0. 0. 0. 0. 0.
2C30. 0. 0. 0. 0. 0. 0. 0. 0. 0. 0. 0. 0. 0. 0. 0. 0. 0. 0. 0. 0. 0. 0. 0. 0.
2C40. .1 0. 0. .010. 0. 0. 0. 0. 0. 0. 0. 0. 0. 0. 0. 0. 0. 0. 0. 0. 0. 0. 0.
2C561.0. 0. 0. 0. 0. 0. 0.
2E110.0. 0. 0. 0. 0. 0. 0. 0. 2. 0. 0. 0. 0. 0. 0. 0. 0. 0. 0. 0. 0. 0. 0. 0.
2E20. 0. 0. 0. 0. 0. 0. 0. 0. 0. 0. 0. 0. 0. 0. 0. 0. 0. 0. 0. 0. 0. 0. 0. 0.
2E30. 0. 0. 0. 0. 0. 0. 0. 0. 0. 0. 0. 0. 0. 0. 0. 0. 0. 0. 0. 0. 0. 0. 0. 0.
2E40. .010. 0. .010. 0. 0. 0. 0. 0. 0. 0. 0. 0. 0. 0. 0. 0. 0. 0. 0. 0. 0. 0.
2E560.0. 0. 0. 0. 0. 0. 0.
2G112.0. 0. 0. 0. 0. 0. 0. 0. 2. 0. 0. 0. .5 0. 0. 0. 0. 0. 0. 0. 0. 0. 0. 0.
2G20. 0. 0. .1 0. 0. 0. 0. .5 .01.1 0. .010. 0. 0. 0. 0. 0. 0. 0. .010. 0. 0.
2G30. 0. 0. 0. 0. 0. 0. 0. 0. 0. 0. 0. 0. .010. 0. 0. 0. 0. 0. 0. 0. 0. 0. 0.
2G40. .1 0. 0. .010. 0. 0. 0. 0. 0. 0. 0. 0. 0. 0. 0. 0. 0. 0. 0. 0. 0. 0. 0.
2G561.0. 0. 0. 0. 0. 0. 0.
2I112.0. 0. 0. 0. 0. 0. 0. 0. .5 0. 0. 0. 0. 0. 0. 0. 0. 0. 0. 0. 0. 0. 0. 0.
2I20. 0. 0. 0. .010. 0. 0. 0. 0. .010. 0. 0. 0. 0. 0. .1 0. 0. 0. .010. 0. 0.
2I30. 0. 0. 0. 0. 0. 0. 0. 0. 0. 0. 0. 0. 0. 0. 0. 0. 0. 0. 0. 0. 0. 0. 0. 0.
2I40. .010. 0. 0. 0. 0. 0. 0. 0. 0. 0. 0. 0. 0. 0. 0. 0. 0. 0. 0. 0. 0. 0. 0.
2I562.0. 0. 0. 0. 0. 0. 0.
4A14. 0. 0. 0. 0. 0. 0. 0. 0. 2. 0. 0. 0. 0. 0. 0. 0. 0. 0. 0. 0. 0. 0. 0. 0.
4A20. 0. 0. .01.1 .010. 0. 0. 0. .1 0. 0. 0. 0. 0. 0. 0. 0. 0. 0. .010. 0. 0.
4A30. 0. 0. 0. 0. 0. 0. 0. 0. 0. 0. 0. 0. 0. 0. 0. 0. 0. 0. 0. 0. 0. 0. 0. 0.
4A40. .010. 0. .010. 0. 0. 0. 0. 0. 0. 0. 0. 0. 0. 0. 0. 0. 0. 0. 0. 0. 0. 0.
4A566.0. 0. 0. 0. 0. 0. 0.
4C110.0. 0. 0. 0. 0. 0. 0. 0. 2. 0. 0. 0. 0. 0. 0. 0. 0. 0. 0. 0. 0. 0. 0. 0.
4C20. 0. 0. .010. 0. 0. 0. 0. 0. .010. 0. 0. 0. 0. 0. 0. 0. 0. 0. .010. 0. 0.
4C30. 0. 0. 0. 0. 0. 0. 0. 0. 0. 0. 0. 0. 0. 0. 0. 0. 0. 0. 0. 0. 0. 0. 0. 0.
4C40. 0. 0. 0. .1 0. 0. 0. 0. 0. 0. 0. 0. .010. 0. 0. 0. 0. 0. 0. 0. 0. 0. 0.
4C565.0. 0. 0. 0. 0. 0. 0.
4E18. 0. 0. 0. 0. 0. 0. 0. 0. 3. 0. 0. 0. 0. 0. 0. 0. 0. 0. 0. 0. 0. 0. 0. 0.
4E20. 0. 0. 0. 0. 0. 0. 0. 0. .01.010. .1 0. 0. 0. 0. 0. 0. 0. 0. 0. 0. 0. 0.
4E30. 0. 0. 0. 0. 0. 0. 0. 0. 0. 0. 0. 0. 0. 0. 0. 0. 0. 0. 0. 0. 0. 0. 0. 0.
4E40. 0. 0. 0. .010. 0. 0. 0. 0. 0. 0. 0. 0. 0. 0. 0. 0. 0. 0. 0. 0. 0. 0. 0.
4E563.0. 0. 0. 0. 0. 0. 0.
4G112.0. 0. 0. 0. 0. 0. 0. 0. 1. 0. 0. 0. 0. 0. 0. 0. 0. 0. 0. 0. 0. 0. 0. 0.
4G20. 0. 0. 0. 0. 0. 0. 0. 0. 0. 0. 0. 0. 0. 0. 0. 0. 0. 0. 0. 0. 0. 0. 0. 0.
4G30. 0. 0. 0. 0. 0. 0. 0. 0. 0. 0. 0. 0. 0. 0. 0. 0. 0. 0. 0. 0. 0. 0. 0. 0.
4G40. 0. 0. 0. .1 0. 0. 0. 0. 0. 0. 0. 0. 0. 0. 0. 0. 0. 0. 0. 0. 0. 0. 0. 0.
4G563.0. 0. 0. 0. 0. 0. 0.
4I16. 0. 0. 0. 0. 0. 0. 0. 0. 4. 0. 0. 0. 0. 0. 0. 0. 0. 0. 0. 0. 0. 0. 0. 0.
4I20. 0. 0. 1. .1 0. 0. 0. 0. .01.1 .1 0. 0. 0. 0. 0. 0. 0. 0. 0. .010. 0. 0.
4I30. 0. 0. 0. 0. 0. 0. 0. 0. 0. 0. 0. 0. 0. 0. 0. 0. 0. 0. 0. 0. 0. 0. 0. 0.
4I40. .010. 0. .1 0. 0. 0. 0. 0. 0. 0. 0. .010. 0. 0. 0. 0. 0. 0. 0. 0. 0. 0.
4I564.0. 0. 0. 0. 0. 0. 0.
6A112.0. 0. 0. 0. 0. 0. 0. 0. 2. 0. 0. 0. 0. 0. 0. 0. 0. 0. 0. 0. 0. 0. 0. 0.
6A20. 0. 0. .01.01.010. 0. 0. .01.010. 0. 0. 0. 0. 0. 0. 0. 0. 0. 0. 0. 0. 0.
6A30. 0. 0. 0. 0. 0. 0. 0. 0. 0. 0. 0. 0. 0. 0. 0. 0. 0. 0. 0. 0. 0. 0. 0. 0.
6A40. 0. 0. 0. .010. 0. 0. 0. 0. 0. 0. 0. 0. 0. 0. 0. 0. 0. 0. 0. 0. 0. 0. 0.
6A565.0. 0. 0. 0. 0. 0. 0.
6C13. 0. 0. 0. 0. 0. 0. 0. 0. 1. 0. 0. 0. 0. 0. 0. 0. 0. 0. 0. 0. 0. 0. 0. 0.
6C20. 0. 0. 0. .1 0. 0. 0. 0. .01.1 0. 0. 0. .1 0. 0. 0. 0. 0. 0. .1 0. 0. 0.
6C30. 0. 0. 0. 0. 0. 0. 0. .010. 0. 0. 0. 0. 0. 0. 0. 0. 0. 0. 0. 0. 0. 0. 0.
6C40. .010. 0. .1 0. 0. 0. 0. 0. 0. 0. 0. 0. 0. 0. 0. 0. 0. 0. 0. 0. 0. 0. 0.
6C568.0. 0. 0. 0. 0. 0. 0.
6E110.0. 0. 0. 0. 0. 0. 0. 0. .5 0. 0. 0. 0. 0. 0. 0. 0. 0. 0. 0. 0. 0. 0. 0.
6E20. 0. 0. .010. 0. 0. 0. 0. .01.1 0. 0. 0. 0. 0. 0. 0. 0. 0. 0. .010. 0. 0.
6E30. 0. 0. 0. 0. 0. 0. 0. 0. 0. 0. 0. 0. 0. 0. 0. 0. 0. 0. 0. 0. 0. 0. 0. 0.
6E40. 0. 0. 0. .010. 0. 0. 0. 0. 0. 0. 0. 0. 0. 0. 0. 0. 0. 0. 0. 0. 0. 0. 0.
6E564.0. 0. 0. 0. 0. 0. 0.
6G16. 0. 0. 0. 0. 0. 0. 0. 0. 2. 0. 0. 0. 0. 0. 0. 0. 0. 0. 0. 0. 0. 0. 0. 0.
6G20. 0. 0. .010. 0. 0. 0. 0. .01.1 0. 0. 0. 0. 0. 0. 0. 0. 0. 0. .010. 0. 0.
6G30. 0. 0. 0. 0. 0. 0. 0. 0. 0. 0. 0. 0. 0. 0. 0. 0. 0. 0. 0. 0. 0. 0. 0. 0.
6G40. 0. 0. 0. .010. 0. 0. 0. 0. 0. 0. 0. 0. 0. 0. 0. 0. 0. 0. 0. 0. 0. 0. 0.
6G565.0. 0. 0. 0. 0. 0. 0.
6I13. 0. 0. 0. 0. 0. 0. 0. 0. .5 0. 0. 0. 0. 0. 0. .1 0. 0. 0. 0. 0. 0. 0. 0.
6I20. 0. 0. 0. 0. 0. 0. 0. 0. 0. .1 0. 0. 0. 0. 0. 0. 0. 0. 0. 0. 0. 0. 0. 0.
6I30. 0. 0. 0. 0. 0. 0. 0. 0. 0. 0. 0. 0. 0. 0. 0. 0. 0. 0. 0. 0. 0. 0. 0. 0.
6I40. .010. 0. .1 0. 0. 0. 0. 0. 0. 0. 0. 0. 0. 0. 0. 0. 0. 0. 0. 0. 0. 0. 0.
6I566.0. 0. 0. 0. 0. 0. 0.
8A14. 0. 0. .5 0. 0. 0. 0. 0. 3. 0. 0. 0. 0. 0. 0. 0. 0. 0. 0. 0. 0. 0. 0. 0.
8A20. 0. 0. .1 .1 .010. 0. 0. .01.010. 0. 0. 0. 0. 0. 0. 0. 0. 0. .010. 0. 0.
8A30. 0. 0. 0. 0. 0. 0. 0. 0. 0. 0. 0. 0. 0. 0. 0. 0. 0. 0. 0. 0. 0. 0. 0. 0.
8A40. .1 0. 0. .010. 0. 0. 0. 0. 0. 0. 0. 0. 0. 0. 0. 0. 0. 0. 0. 0. 0. 0. 0.
8A564.0. 0. 0. 0. 0. 0. 0.
8C112.0. 0. 0. 0. 0. 0. 0. 0. 2. 0. .1 0. 0. 0. 0. 0. 0. 0. 0. 0. 0. 0. 0. 0.
8C20. 0. 0. .010. .1 0. 0. 0. .01.5 0. 0. 0. 0. 0. 0. 0. 0. 0. 0. .010. 0. 0.
8C30. 0. 0. 0. 0. 0. 0. 0. 0. 0. 0. 0. 0. 0. 0. 0. 0. 0. 0. 0. 0. 0. 0. 0. 0.
8C40. .010. 0. .010. 0. 0. 0. 0. 0. 0. 0. .010. 0. 0. 0. 0. 0. 0. 0. 0. 0. 0.
8C567.0. 0. 0. 0. 0. 0. 0.
8E110.0. 0. 0. 0. 0. 0. 0. 0. 2. 0. 0. 0. 0. 0. 0. 0. 0. 0. 0. 0. 0. 0. 0. 0.
8E20. 0. 0. .1 0. .1 0. 0. 0. .01.1 0. .1 0. 0. 0. 0. .010. 0. 0. .010. 0. 0.
8E30. 0. 0. 0. 0. 0. 0. 0. 0. 0. 0. 0. 0. 0. 0. 0. 0. 0. 0. 0. 0. 0. 0. 0. 0.
8E40. .010. 0. .010. .1 0. 0. 0. 0. 0. 0. .010. 0. 0. 0. 0. 0. 0. 0. 0. 0. 0.
8E563.0. 0. 0. 0. 0. 0. 0.
8G12. 0. 0. 0. 0. 0. 0. 0. 0. 1. 0. 0. 0. 0. 0. 0. 0. 0. 0. 0. 0. 0. 0. 0. 0.
8G20. 0. 0. .1 .1 0. 0. 0. 0. 0. .1 0. 0. 0. 0. 0. 0. 0. 0. 0. 0. .010. 0. 0.
8G30. 0. 0. 0. 0. 0. 0. 0. 0. 0. 0. 0. 0. 0. 0. 0. 0. 0. 0. 0. 0. 0. 0. 0. 0.
8G40. 1. 0. 0. .010. .1 0. 0. 0. 0. 0. 0. .010. 0. 0. 0. 0. 0. 0. 0. 0. 0. 0.
8G566.0. 0. 0. 0. 0. 0. 0.
8I18. 0. 0. 0. 0. 0. 0. 0. 0. 2. 0. 0. 0. 0. 0. 0. .010. 0. 0. 0. 0. 0. 0. 0.
8I20. 0. 0. .010. 0. 0. 0. 0. .01.1 0. 0. 0. 0. 0. 0. 0. 0. 0. 0. .010. 0. 0.
8I30. 0. 0. 0. 0. 0. 0. 0. 0. 0. 0. 0. 0. 0. 0. 0. 0. 0. 0. 0. 0. 0. 0. 0. 0.
8I40. 0. 0. 0. .010. 0. 0. 0. 0. 0. 0. 0. 0. 0. 0. 0. 0. 0. 0. 0. 0. 0. 0. 0.
8I566.0. 0. 0. 0. 0. 0. 0.
0A110.0. 0. 0. 0. 0. 0. .5 0. 1. 0. 0. 0. .010. 0. 0. 0. 0. 0. 0. 0. 0. 0. 0.
0A20. 0. 0. 0. 0. .010. 0. 0. 0. .1 .1 0. 0. .1 0. 0. 0. 0. 0. 0. .010. 0. 0.
0A30. 0. 0. 0. 0. 0. 0. 0. 0. 0. 0. 0. 0. .010. 0. 0. 0. 0. 0. 0. 0. 0. 0. 0.
0A40. .010. 0. .1 0. 0. 0. 0. 0. 0. 0. 0. .010. 0. 0. 0. 0. 0. 0. 0. 0. 0. 0.
0A543.0. 0. 0. 0. 0. 0. 0.
0C112.0. 0. 0. 0. 0. 0. 0. 0. 3. 0. 0. 0. 0. 0. 0. 0. 0. 0. 0. 0. 0. 0. 0. 0.
0C20. 0. 0. .010. 0. 0. 0. 0. .01.1 0. 0. 0. .5 0. 0. 0. 0. 0. 0. 0. 0. 0. 0.
0C30. 0. 0. 0. 0. 0. 0. 0. 0. 0. 0. 0. 0. 0. 0. 0. 0. 0. 0. 0. 0. 0. 0. 0. 0.
0C40. .1 0. 0. .010. 0. 0. 0. 0. 0. 0. 0. 0. 0. 0. 0. 0. 0. 0. 0. 0. 0. 0. 0.
0C543.0. 0. 0. 0. 0. 0. 0.
0E16. 0. 0. 0. 0. 0. 0. 0. 0. 4. 0. 0. 0. 0. 0. 0. 0. 0. 0. 0. 0. 0. 0. 0. 0.
0E20. 0. 0. 0. .010. 0. 0. 0. .010. 0. 0. 0. 0. 0. 0. .1 0. 0. 0. 0. 0. 0. 0.
0E30. 0. 0. 0. 0. 0. 0. 0. 0. 0. 0. 0. 0. 0. 0. 0. 0. 0. 0. 0. 0. 0. 0. 0. 0.
0E40. .010. 0. .1 0. 0. 0. 0. 0. 0. 0. 0. 0. 0. 0. 0. 0. 0. 0. 0. 0. 0. 0. 0.
0E542.0. 0. 0. 0. 0. 0. 0.
0G14. 0. 0. 0. 0. 0. 0. 0. 0. 4. 0. 0. 0. .1 0. 0. 0. 0. 0. 0. 0. 0. 0. 0. 0.
0G20. 0. 0. 0. .1 0. 0. 0. .1 .01.1 0. 0. 0. 0. .010. 0. 0. 0. 0. .010. 0. 0.
0G30. 0. 0. 0. 0. 0. 0. 0. 0. 0. 0. 0. 0. 0. 0. 0. 0. 0. 0. 0. 0. 0. 0. 0. 0.
0G40. .010. 0. .010. 0. 0. 0. 0. .1 0. 0. 0. 0. 0. 0. 0. 0. 0. 0. 0. 0. 0. 0.
0G542.0. 0. 0. 0. 0. 0. 0.
0I110.0. 0. 0. 0. 0. 0. 0. 0. 3. 0. 0. 0. 0. 0. 0. 0. 0. 0. 0. 0. 0. 0. 0. 0.
0I20. 0. 0. 0. .1 0. 0. 0. 0. .01.010. 0. 0. 0. 0. 0. 0. 0. 0. 0. .010. 0. 0.
0I30. 0. 0. 0. 0. 0. 0. 0. 0. 0. 0. 0. 0. 0. 0. 0. 0. 0. 0. 0. 0. 0. 0. 0. 0.
0I40. .010. 0. .010. 0. 0. 0. 0. 0. 0. 0. 0. 0. 0. 0. 0. 0. 0. 0. 0. 0. 0. 0.
0I542.0. 0. 0. 0. 0. 0. 0.
2A16. 0. 0. 0. 0. 0. 0. .5 0. 1. 0. 0. 0. 0. 0. 0. 0. 0. 0. 0. 0. 0. 0. 0. 0.
2A20. 0. 0. 0. 0. 0. 0. 0. 0. .01.1 0. 0. 0. .5 0. 0. 0. 0. 0. 0. .1 0. 0. 0.
2A30. 0. 0. 0. 0. 0. 0. 0. 0. 0. 0. 0. 0. .010. 0. 0. 0. 0. 0. 0. 0. 0. 0. 0.
2A40. .1 0. 0. .010. 0. 0. 0. 0. 0. 0. 0. 0. 0. 0. 0. 0. 0. 0. 0. 0. 0. 0. 0.
2A541.0. 0. 0. 0. 0. 0. 0.
2C117.0. 0. 0. 0. 0. 0. 0. 0. 4. 0. 0. 0. 0. 0. 0. 0. 0. 0. 0. 0. 0. 0. 0. 0.
2C20. 0. 0. 0. 0. 0. 0. 0. 0. 0. .1 0. 0. 0. .010. 0. 0. 0. 0. 0. 0. 0. 0. 0.
2C30. 0. 0. 0. 0. 0. 0. 0. 0. 0. 0. 0. 0. 0. 0. 0. 0. 0. 0. 0. 0. 0. 0. 0. 0.
2C40. .010. 0. .010. 0. 0. 0. 0. 0. 0. 0. 0. 0. 0. 0. 0. 0. 0. 0. 0. 0. 0. 0.
2C542.0. 0. 0. 0. 0. 0. 0.
2E18. 0. 0. 0. 0. 0. 0. 0. 0. 2. 0. 0. 0. 0. 0. 0. 0. 0. 0. 0. 0. 0. 0. 0. 0.
2E20. 0. 0. 0. 0. 0. 0. 0. 0. .01.010. 0. 0. 0. 0. 0. 0. 0. 0. 0. .010. 0. 0.
2E30. 0. 0. 0. 0. 0. 0. 0. 0. 0. 0. 0. 0. 0. 0. 0. 0. 0. 0. 0. 0. 0. 0. 0. 0.
2E40. .010. 0. .010. 0. 0. 0. 0. 0. 0. 0. 0. 0. 0. 0. 0. 0. 0. 0. 0. 0. 0. 0.
2E543.0. 0. 0. 0. 0. 0. 0.
2G110.0. 0. 0. 0. 0. 0. 0. 0. 1. 0. 0. 0. .1 0. 0. 0. 0. 0. 0. 0. 0. 0. 0. 0.
2G20. 0. 0. 0. 0. 0. 0. 0. .1 .01.1 0. 0. 0. 0. .010. 0. 0. 0. 0. .010. 0. 0.
2G30. 0. 0. 0. 0. 0. 0. 0. 0. 0. 0. 0. 0. 0. 0. 0. 0. 0. 0. 0. 0. 0. 0. 0. 0.
2G40. .1 0. 0. .010. 0. 0. 0. 0. .010. 0. 0. 0. 0. 0. 0. 0. 0. 0. 0. 0. 0. 0.
2G543.0. 0. 0. 0. 0. 0. 0.
2I115.0. 0. 0. 0. 0. 0. 0. 0. .5 0. 0. 0. 0. 0. 0. 0. 0. 0. 0. 0. 0. 0. 0. 0.
2I20. 0. 0. 0. .010. 0. 0. 0. 0. .010. 0. 0. 0. 0. 0. 0. 0. 0. 0. .010. 0. 0.
2I30. 0. 0. 0. 0. 0. 0. 0. 0. 0. 0. 0. 0. 0. 0. 0. 0. 0. 0. 0. 0. 0. 0. 0. 0.
2I40. 0. 0. 0. .1 0. 0. 0. 0. 0. 0. 0. 0. 0. 0. 0. 0. 0. 0. 0. 0. 0. 0. 0. 0.
2I542.0. 0. 0. 0. 0. 0. 0.
4A15. 0. 0. 0. 0. 0. 0. 0. 0. 3. 0. 0. 0. 0. 0. 0. .010. 0. 0. 0. 0. 0. 0. 0.
4A20. 0. 0. 0. 0. 0. 0. 0. 0. 0. .1 0. 0. 0. 0. 0. 0. 0. 0. 0. 0. .010. 0. 0.
4A30. 0. 0. 0. 0. 0. 0. 0. 0. 0. 0. 0. 0. 0. 0. 0. 0. 0. 0. 0. 0. 0. 0. 0. 0.
4A40. .010. 0. .1 0. 0. 0. 0. 0. 0. 0. 0. 0. 0. 0. 0. 0. 0. 0. 0. 0. 0. 0. 0.
4A542.0. 0. 0. 0. 0. 0. 0.
4C112.0. 0. 0. 0. 0. 0. 0. 0. 2. 0. 0. 0. 0. 0. 0. 0. 0. 0. 0. 0. 0. 0. 0. 0.
4C20. 0. 0. .010. 0. 0. 0. 0. 0. .010. 0. 0. 0. 0. 0. 0. 0. 0. 0. .010. 0. 0.
4C30. 0. 0. 0. 0. 0. 0. 0. 0. 0. 0. 0. 0. 0. 0. 0. 0. 0. 0. 0. 0. 0. 0. 0. 0.
4C40. 0. 0. 0. .010. 0. 0. 0. 0. 0. 0. 0. .010. 0. 0. 0. 0. 0. 0. 0. 0. 0. 0.
4C542.0. 0. 0. 0. 0. 0. 0.
4E18. 0. 0. 0. 0. 0. 0. 0. 0. 3. 0. 0. 0. 0. 0. 0. 0. 0. 0. 0. 0. 0. 0. 0. 0.
4E20. 0. 0. 0. 0. 0. 0. 0. 0. .01.010. 0. 0. 0. 0. 0. 0. 0. 0. 0. 0. 0. 0. 0.
4E30. 0. 0. 0. 0. 0. 0. 0. 0. 0. 0. 0. 0. 0. 0. 0. 0. 0. 0. 0. 0. 0. 0. 0. 0.
4E40. 0. 0. 0. .1 0. 0. 0. 0. 0. 0. 0. 0. 0. 0. 0. 0. 0. 0. 0. 0. 0. 0. 0. 0.
4E544.0. 0. 0. 0. 0. 0. 0.
4G112.0. 0. 0. 0. 0. 0. 0. 0. 1. 0. 0. 0. 0. 0. 0. 0. 0. 0. 0. 0. 0. 0. 0. 0.
4G20. 0. 0. 0. 0. 0. 0. 0. 0. 0. 0. 0. 0. 0. 0. 0. 0. 0. 0. 0. 0. 0. 0. 0. 0.
4G30. 0. 0. 0. 0. 0. 0. 0. 0. 0. 0. 0. 0. 0. 0. 0. 0. 0. 0. 0. 0. 0. 0. 0. 0.
4G40. 0. 0. 0. .1 0. 0. 0. 0. 0. 0. 0. 0. 0. 0. 0. 0. 0. 0. 0. 0. 0. 0. 0. 0.
4G544.0. 0. 0. 0. 0. 0. 0.
4I16. 0. 0. 0. 0. 0. 0. 0. 0. 3. 0. 0. 0. 0. 0. 0. 0. 0. 0. 0. 0. 0. 0. 0. 0.
4I20. 0. 0. 0. .1 0. 0. 0. 0. .01.1 .1 0. 0. 0. 0. 0. 0. 0. 0. 0. .010. 0. 0.
4I30. 0. 0. 0. 0. 0. 0. 0. 0. 0. 0. 0. 0. 0. 0. 0. 0. 0. 0. 0. 0. 0. 0. 0. 0.
4I40. .1 0. 0. .010. .010. 0. 0. 0. 0. 0. .010. 0. 0. 0. 0. 0. 0. 0. 0. 0. 0.
4I544.0. 0. 0. 0. 0. 0. 0.
6A115.0. 0. 0. 0. 0. 0. 0. 0. 2. 0. 0. 0. 0. 0. 0. 0. 0. 0. 0. 0. 0. 0. 0. 0.
6A20. 0. 0. 0. .01.010. 0. 0. 0. .010. 0. 0. 0. 0. 0. 0. 0. 0. 0. 0. 0. 0. 0.
6A30. 0. 0. 0. 0. 0. 0. 0. 0. 0. 0. 0. 0. 0. 0. 0. 0. 0. 0. 0. 0. 0. 0. 0. 0.
6A40. 0. 0. 0. .010. 0. 0. 0. 0. 0. 0. 0. 0. 0. 0. 0. 0. 0. 0. 0. 0. 0. 0. 0.
6A545.0. 0. 0. 0. 0. 0. 0.
6C13. 0. 0. 0. 0. 0. 0. 0. 0. 1. 0. 0. 0. 0. 0. 0. 0. 0. 0. 0. 0. 0. 0. 0. 0.
6C20. 0. 0. 0. .1 0. 0. 0. 0. .01.010. 0. 0. .1 0. 0. 0. 0. 0. 0. .010. 0. 0.
6C30. 0. 0. 0. 0. 0. 0. 0. 0. 0. .010. 0. 0. 0. 0. 0. 0. 0. 0. 0. 0. 0. 0. 0.
6C40. .1 0. 0. .1 0. 0. 0. 0. 0. 0. 0. 0. 0. 0. 0. 0. 0. 0. 0. 0. 0. 0. 0. 0.
6C543.0. 0. 0. 0. 0. 0. 0.
6E112.0. 0. 0. 0. 0. 0. 0. 0. .1 0. 0. 0. 0. 0. 0. 0. 0. 0. 0. 0. 0. 0. 0. 0.
6E20. 0. 0. 0. 0. 0. 0. 0. 0. .01.1 0. 0. 0. 0. 0. 0. 0. 0. 0. 0. .010. 0. 0.
6E30. 0. 0. 0. 0. 0. 0. 0. 0. 0. 0. 0. 0. 0. 0. 0. 0. 0. 0. 0. 0. 0. 0. 0. 0.
6E40. 0. 0. 0. .010. 0. 0. 0. 0. 0. 0. 0. 0. 0. 0. 0. 0. 0. 0. 0. 0. 0. 0. 0.
6E544.0. 0. 0. 0. 0. 0. 0.
6G18. 0. 0. 0. 0. 0. 0. 0. 0. 3. 0. 0. 0. 0. 0. 0. 0. 0. 0. 0. 0. 0. 0. 0. 0.
6G20. 0. 0. 0. 0. 0. 0. 0. 0. .01.010. 0. 0. 0. 0. 0. 0. 0. 0. 0. .010. 0. 0.
6G30. 0. 0. 0. 0. 0. 0. 0. 0. 0. 0. 0. 0. 0. 0. 0. 0. 0. 0. 0. 0. 0. 0. 0. 0.
6G40. .010. 0. .010. .010. 0. 0. 0. 0. 0. 0. 0. 0. 0. 0. 0. 0. 0. 0. 0. 0. 0.
6G543.0. 0. 0. 0. 0. 0. 0.
6I13. 0. 0. 0. 0. 0. 0. 0. 0. 1. 0. 0. 0. 0. 0. 0. .1 0. 0. 0. 0. 0. 0. 0. 0.
6I20. 0. 0. 0. 0. 0. 0. 0. 0. 0. .1 0. 0. 0. 0. 0. 0. .010. 0. 0. 0. 0. 0. 0.
6I30. 0. 0. 0. 0. 0. 0. 0. 0. 0. 0. 0. 0. 0. 0. 0. 0. 0. 0. 0. 0. 0. 0. 0. 0.
6I40. .010. 0. .010. 0. 0. 0. 0. 0. 0. 0. .010. 0. 0. 0. 0. 0. 0. 0. 0. 0. 0.
6I541.0. 0. 0. 0. 0. 0. 0.
8A15. 0. .5 0. 0. 0. 0. 0. 0. 3. 0. 0. 0. 0. 0. 0. 0. 0. 0. 0. 0. 0. 0. 0. 0.
8A20. 0. 0. .1 .1 0. 0. 0. 0. .01.010. 0. 0. 0. 0. 0. 0. 0. 0. 0. .010. 0. 0.
8A30. 0. 0. 0. 0. 0. 0. 0. 0. 0. 0. 0. 0. 0. 0. 0. 0. 0. 0. 0. 0. 0. 0. 0. 0.
8A40. .1 0. 0. .010. 0. 0. 0. 0. 0. 0. 0. 0. 0. 0. 0. 0. 0. 0. 0. 0. 0. 0. 0.
8A544.0. 0. 0. 0. 0. 0. 0.
8C112.0. 0. 0. 0. 0. 0. 0. 0. 2. 0. .1 0. 0. 0. 0. 0. 0. 0. 0. 0. 0. 0. 0. 0.
8C20. 0. 0. 0. 0. .010. 0. 0. 0. .1 0. 0. 0. 0. 0. 0. 0. 0. 0. 0. .010. 0. 0.
8C30. 0. 0. 0. 0. 0. 0. 0. 0. 0. 0. 0. 0. 0. 0. 0. 0. 0. 0. 0. 0. 0. 0. 0. 0.
8C40. .010. 0. .010. 0. 0. 0. 0. 0. 0. 0. .010. 0. 0. 0. 0. 0. 0. 0. 0. 0. 0.
8C544.0. 0. 0. 0. 0. 0. 0.
8E110.0. 0. 0. 0. 0. 0. 0. 0. 2. 0. 0. 0. 0. 0. 0. 0. 0. 0. 0. 0. 0. 0. 0. 0.
8E20. 0. 0. .010. .1 0. 0. 0. .01.1 0. 0. 0. 0. 0. 0. 0. 0. 0. 0. 0. 0. 0. 0.
8E30. 0. 0. 0. 0. 0. 0. 0. 0. 0. 0. 0. 0. 0. 0. 0. 0. 0. 0. 0. 0. 0. 0. 0. 0.
8E40. .010. 0. .010. .1 0. 0. 0. 0. 0. 0. .010. 0. 0. 0. 0. 0. 0. 0. 0. 0. 0.
8E546.0. 0. 0. 0. 0. 0. 0.
8G12. 0. 0. 0. 0. 0. 0. 0. 0. 1. 0. 0. 0. 0. 0. 0. 0. 0. 0. 0. 0. 0. 0. 0. 0.
8G20. 0. 0. 0. .1 0. 0. 0. 0. .01.1 0. 0. 0. 0. 0. 0. 0. 0. 0. 0. .010. 0. 0.
8G30. 0. 0. 0. 0. 0. 0. 0. 0. 0. 0. 0. 0. 0. 0. 0. 0. 0. 0. 0. 0. 0. 0. 0. 0.
8G40. .010. 0. .010. .010. 0. 0. 0. 0. 0. .010. 0. 0. 0. 0. 0. 0. 0. 0. 0. 0.
8G544.0. 0. 0. 0. 0. 0. 0.
8I112.0. 0. 0. 0. 0. 0. 0. 0. 1. 0. 0. 0. 0. 0. 0. .010. 0. 0. 0. 0. 0. 0. 0.
8I20. 0. 0. .010. 0. 0. 0. 0. .01.1 0. 0. 0. 0. 0. 0. 0. 0. 0. 0. 0. 0. 0. 0.
8I30. 0. 0. 0. 0. 0. 0. 0. 0. 0. 0. 0. 0. 0. 0. 0. 0. 0. 0. 0. 0. 0. 0. 0. 0.
8I40. 0. 0. 0. .010. 0. 0. 0. 0. 0. 0. 0. 0. 0. 0. 0. 0. 0. 0. 0. 0. 0. 0. 0.
8I545.0. 0. 0. 0. 0. 0. 0.
0A110.0. 0. 0. 0. 0. 0. .5 0. 2. 0. 0. 0. 0. 0. 0. 0. 0. 0. 0. 0. 0. 0. 0. 0.
0A20. 0. 0. 0. 0. 0. 0. 0. 0. .01.1 .010. 0. .1 0. 0. 0. 0. 0. 0. .010. 0. 0.
0A30. 0. 0. 0. 0. 0. 0. 0. 0. 0. 0. 0. 0. 0. 0. 0. 0. 0. 0. 0. 0. 0. 0. 0. 0.
0A40. .010. 0. .010. 0. 0. 0. 0. 0. 0. 0. 0. 0. 0. 0. 0. 0. 0. 0. 0. 0. 0. 0.
0A552.0. 0. 0. 0. 0. 0. 0.
0C18. 0. 0. 0. 0. 0. 0. 0. 0. 3. 0. 0. 0. 0. 0. 0. .010. 0. 0. 0. 0. 0. 0. 0.
0C20. 0. 0. 0. 0. 0. 0. 0. 0. 0. .1 0. 0. 0. .010. 0. .010. 0. 0. 0. 0. 0. 0.
0C30. 0. 0. 0. 0. 0. 0. 0. 0. 0. 0. 0. 0. 0. 0. 0. 0. 0. 0. 0. 0. 0. 0. 0. 0.
0C40. .010. 0. .010. 0. 0. 0. 0. 0. 0. 0. 0. 0. 0. 0. 0. 0. 0. 0. 0. 0. 0. 0.
0C551.0. 0. 0. 0. 0. 0. 0.
0E14. 0. 0. 0. 0. 0. 0. 0. 0. 6. 0. 0. 0. 0. 0. 0. 0. 0. 0. 0. 0. 0. 0. 0. 0.
0E20. 0. 0. 0. .010. 0. 0. 0. 0. 0. 0. 0. 0. 0. 0. 0. 0. 0. 0. 0. 0. 0. 0. 0.
0E30. 0. 0. 0. 0. 0. 0. 0. 0. 0. 0. 0. 0. 0. 0. 0. 0. 0. 0. 0. 0. 0. 0. 0. 0.
0E40. .010. 0. .010. 0. 0. 0. 0. 0. 0. 0. 0. 0. 0. 0. 0. 0. 0. 0. 0. 0. 0. 0.
0E550.0. 0. 0. 0. 0. 0. 0.
0G14. 0. 0. 0. 0. 0. 0. .010. 4. 0. 0. 0. .010. 0. 0. 0. 0. 0. 0. 0. 0. 0. 0.
0G20. 0. 0. 0. .010. 0. 0. .1 0. .1 0. 0. 0. 0. .010. 0. 0. 0. 0. 0. 0. 0. 0.
0G30. 0. 0. 0. 0. 0. 0. 0. 0. 0. 0. 0. 0. 0. 0. 0. 0. 0. 0. 0. 0. 0. 0. 0. 0.
0G40. .010. 0. .010. 0. 0. 0. 0. .010. 0. 0. 0. 0. 0. 0. 0. 0. 0. 0. 0. 0. 0.
0G551.0. 0. 0. 0. 0. 0. 0.
0I18. 0. 0. 0. 0. 0. 0. 0. 0. 4. 0. 0. 0. 0. 0. 0. 0. 0. 0. 0. 0. 0. 0. 0. 0.
0I20. 0. 0. 0. .1 0. 0. 0. 0. .01.010. 0. 0. 0. 0. 0. 0. 0. 0. 0. .010. 0. 0.
0I30. 0. 0. 0. 0. 0. 0. 0. 0. 0. 0. 0. 0. 0. 0. 0. 0. 0. 0. 0. 0. 0. 0. 0. 0.
0I40. .010. 0. 0. 0. 0. 0. 0. 0. 0. 0. 0. 0. 0. 0. 0. 0. 0. 0. 0. 0. 0. 0. 0.
0I551.0. 0. 0. 0. 0. 0. 0.
2A15. 0. 0. 0. 0. 0. 0. .1 0. 1. 0. 0. 0. 0. 0. 0. 0. 0. 0. 0. 0. 0. 0. 0. 0.
2A20. 0. 0. 0. 0. 0. 0. 0. 0. 0. .1 0. 0. 0. .1 0. 0. 0. 0. 0. 0. .010. 0. 0.
2A30. 0. 0. 0. 0. 0. 0. 0. 0. 0. 0. 0. 0. .010. 0. 0. 0. 0. 0. 0. 0. 0. 0. 0.
2A40. .010. 0. .010. 0. 0. 0. 0. 0. 0. 0. 0. 0. 0. 0. 0. 0. 0. 0. 0. 0. 0. 0.
2A551.0. 0. 0. 0. 0. 0. 0.
2C115.0. 0. 0. 0. 0. 0. 0. 0. 4. 0. 0. 0. 0. 0. 0. 0. 0. 0. 0. 0. 0. 0. 0. 0.
2C20. 0. 0. 0. 0. 0. 0. 0. 0. 0. .1 0. 0. 0. .010. 0. 0. 0. 0. 0. 0. 0. 0. 0.
2C30. 0. 0. 0. 0. 0. 0. 0. 0. 0. 0. 0. 0. 0. 0. 0. 0. 0. 0. 0. 0. 0. 0. 0. 0.
2C40. .010. 0. 0. 0. 0. 0. 0. 0. 0. 0. 0. 0. 0. 0. 0. 0. 0. 0. 0. 0. 0. 0. 0.
2C551.0. 0. 0. 0. 0. 0. 0.
2E112.0. 0. 0. 0. 0. 0. 0. 0. 3. 0. 0. 0. 0. 0. 0. 0. 0. 0. 0. 0. 0. 0. 0. 0.
2E20. 0. 0. 0. 0. 0. 0. 0. 0. 0. .010. 0. 0. 0. 0. 0. 0. 0. 0. 0. 0. 0. 0. 0.
2E30. 0. 0. 0. 0. 0. 0. 0. 0. 0. 0. 0. 0. 0. 0. 0. 0. 0. 0. 0. 0. 0. 0. 0. 0.
2E40. .010. 0. .010. 0. 0. 0. 0. 0. 0. 0. 0. 0. 0. 0. 0. 0. 0. 0. 0. 0. 0. 0.
2E550.0. 0. 0. 0. 0. 0. 0.
2G110.0. 0. 0. 0. 0. 0. 0. 0. 1. 0. 0. 0. .1 0. 0. 0. 0. 0. 0. 0. 0. 0. 0. 0.
2G20. 0. 0. 0. 0. 0. 0. 0. .5 0. .1 0. 0. 0. 0. .010. 0. 0. 0. 0. .010. 0. 0. . 
2G30. 0. 0. 0. 0. 0. 0. 0. 0. 0. 0. 0. 0. 0. 0. 0. 0. 0. 0. 0. 0. 0. 0. 0. 0.
2G40. .010. 0. .010. 0. 0. 0. 0. 0. 0. 0. 0. 0. 0. 0. 0. 0. 0. 0. 0. 0. 0. 0.
2G550.0. 0. 0. 0. 0. 0. 0.
2I110.0. 0. 0. 0. 0. 0. 0. 0. 1. 0. 0. 0. 0. 0. 0. 0. 0. 0. 0. 0. 0. 0. 0. 0.
2I20. 0. 0. 0. 0. 0. 0. 0. 0. 0. .010. 0. 0. 0. 0. 0. .010. 0. 0. 0. 0. 0. 0.
2I30. 0. 0. 0. 0. 0. 0. 0. 0. 0. 0. 0. 0. 0. 0. 0. 0. 0. 0. 0. 0. 0. 0. 0. 0.
2I40. 0. 0. 0. .010. 0. 0. 0. 0. 0. 0. 0. .010. 0. 0. 0. 0. 0. 0. 0. 0. 0. 0.
2I551.0. 0. 0. 0. 0. 0. 0.
4A15. 0. 0. 0. 0. 0. 0. 0. 0. 3. 0. 0. 0. 0. 0. 0. .010. 0. 0. 0. 0. 0. 0. 0.
4A20. 0. 0. 0. .010. 0. 0. 0. 0. .1 0. 0. 0. 0. 0. 0. 0. 0. 0. 0. .010. 0. 0.
4A30. 0. 0. 0. 0. 0. 0. 0. 0. 0. 0. 0. 0. 0. 0. 0. 0. 0. 0. 0. 0. 0. 0. 0. 0.
4A40. .010. .01.010. 0. 0. 0. 0. 0. 0. 0. 0. 0. 0. 0. 0. 0. 0. 0. 0. 0. 0. 0.
4A552.0. 0. 0. 0. 0. 0. 0.
4C18. 0. 0. 0. 0. 0. 0. 0. 0. 2. 0. 0. 0. 0. 0. 0. 0. 0. 0. 0. 0. 0. 0. 0. 0.
4C20. 0. 0. 0. 0. 0. 0. 0. 0. 0. .010. 0. 0. 0. 0. 0. 0. 0. 0. 0. 0. 0. 0. 0.
4C30. 0. 0. 0. 0. 0. 0. 0. 0. 0. 0. 0. 0. 0. 0. 0. 0. 0. 0. 0. 0. 0. 0. 0. 0.
4C40. 0. 0. 0. .010. 0. 0. 0. 0. 0. 0. 0. 0. 0. 0. 0. 0. 0. 0. 0. 0. 0. 0. 0.
4C551.0. 0. 0. 0. 0. 0. 0.
4E18. 0. 0. 0. 0. 0. 0. 0. 0. 4. 0. 0. 0. 0. 0. 0. 0. 0. 0. 0. 0. 0. 0. 0. 0.
4E20. 0. 0. 0. 0. 0. 0. 0. 0. .010. 0. 0. 0. 0. 0. 0. 0. 0. 0. 0. .010. 0. 0.
4E30. 0. 0. 0. 0. 0. 0. 0. 0. 0. 0. 0. 0. 0. 0. 0. 0. 0. 0. 0. 0. 0. 0. 0. 0.
4E40. 0. 0. 0. .010. 0. 0. 0. 0. 0. 0. 0. 0. 0. 0. 0. 0. 0. 0. 0. 0. 0. 0. 0.
4E550.0. 0. 0. 0. 0. 0. 0.
4G112.0. 0. 0. 0. 0. 0. 0. 0. 2. 0. 0. 0. 0. 0. 0. 0. 0. 0. 0. 0. 0. 0. 0. 0.
4G20. 0. 0. 0. 0. 0. 0. 0. 0. 0. 0. 0. 0. 0. 0. 0. 0. 0. 0. 0. 0. 0. 0. 0. 0.
4G30. 0. 0. 0. 0. 0. 0. 0. 0. 0. 0. 0. 0. 0. 0. 0. 0. 0. 0. 0. 0. 0. 0. 0. 0.
4G40. 0. 0. 0. .010. 0. 0. 0. 0. 0. 0. 0. 0. 0. 0. 0. 0. 0. 0. 0. 0. 0. 0. 0.
4G550.0. 0. 0. 0. 0. 0. 0.
4I15. 0. 0. 0. 0. 0. 0. 0. 0. 5. 0. 0. 0. 0. 0. 0. 0. 0. 0. 0. 0. 0. 0. 0. 0.
4I20. 0. 0. 0. .010. 0. 0. 0. .01.1 .010. 0. 0. 0. 0. 0. 0. 0. 0. .010. 0. 0.
4I30. 0. 0. 0. 0. 0. 0. 0. .010. 0. 0. 0. 0. 0. 0. 0. 0. 0. 0. 0. 0. 0. 0. 0.
4I40. .010. 0. .010. 0. 0. 0. 0. 0. 0. 0. .010. 0. 0. 0. 0. 0. 0. 0. 0. 0. 0.
4I551.0. 0. 0. 0. 0. 0. 0.
6A115.0. 0. 0. 0. 0. 0. 0. 0. 3. 0. 0. 0. 0. 0. 0. 0. 0. 0. 0. 0. 0. 0. 0. 0.
6A20. 0. 0. 0. 0. 0. 0. 0. 0. 0. 0. 0. 0. 0. 0. 0. 0. 0. 0. 0. 0. 0. 0. 0. 0.
6A30. 0. 0. 0. 0. 0. 0. 0. 0. 0. 0. 0. 0. 0. 0. 0. 0. 0. 0. 0. 0. 0. 0. 0. 0.
6A40. 0. 0. 0. .010. 0. 0. 0. 0. 0. 0. 0. 0. 0. 0. 0. 0. 0. 0. 0. 0. 0. 0. 0.
6A552.0. 0. 0. 0. 0. 0. 0.
6C13. 0. 0. 0. 0. 0. 0. 0. 0. 2. 0. 0. 0. 0. 0. 0. 0. 0. 0. 0. 0. 0. 0. 0. 0.
6C20. 0. 0. 0. 0. 0. 0. 0. 0. 0. .010. 0. 0. .010. 0. 0. 0. 0. 0. .010. 0. 0.
6C30. 0. 0. 0. 0. 0. 0. 0. 0. 0. 0. 0. 0. 0. 0. 0. 0. 0. 0. 0. 0. 0. 0. 0. 0.
6C40. .010. 0. .010. 0. 0. 0. 0. 0. 0. 0. 0. 0. 0. 0. 0. 0. 0. 0. 0. 0. 0. 0.
6C552.0. 0. 0. 0. 0. 0. 0.
6E18. 0. 0. 0. 0. 0. 0. 0. 0. .5 0. 0. 0. 0. 0. 0. 0. 0. 0. 0. 0. 0. 0. 0. 0.
6E20. 0. 0. 0. 0. 0. 0. 0. 0. 0. .010. 0. 0. 0. 0. 0. 0. 0. 0. 0. .010. 0. 0.
6E30. 0. 0. 0. 0. 0. 0. 0. 0. 0. 0. 0. 0. 0. 0. 0. 0. 0. 0. 0. 0. 0. 0. 0. 0.
6E40. .010. 0. .010. 0. 0. 0. 0. 0. 0. 0. 0. 0. 0. 0. 0. 0. 0. 0. 0. 0. 0. 0.
6E551.0. 0. 0. 0. 0. 0. 0.
6G16. 0. 0. 0. 0. 0. 0. 0. 0. 3. 0. 0. 0. 0. 0. 0. 0. 0. 0. 0. 0. 0. 0. 0. 0.
6G20. 0. 0. 0. 0. 0. 0. 0. 0. 0. .1 0. 0. 0. 0. 0. 0. 0. 0. 0. 0. .010. 0. 0.
6G30. 0. 0. 0. 0. 0. 0. 0. 0. 0. 0. 0. 0. 0. 0. 0. 0. 0. 0. 0. 0. 0. 0. 0. 0.
6G40. .010. 0. .010. 0. 0. 0. 0. 0. 0. 0. 0. 0. 0. 0. 0. 0. 0. 0. 0. 0. 0. 0.
6G551.0. 0. 0. 0. 0. 0. 0.
6I13. 0. 0. 0. 0. 0. 0. 0. 0. 1. 0. 0. 0. 0. 0. 0. .010. 0. 0. 0. 0. 0. 0. 0.
6I20. 0. 0. 0. 0. 0. 0. 0. 0. 0. .1 0. 0. 0. 0. 0. 0. 0. 0. 0. 0. 0. 0. 0. 0.
6I30. 0. 0. 0. 0. 0. 0. 0. 0. 0. 0. 0. 0. 0. 0. 0. 0. 0. 0. 0. 0. 0. 0. 0. 0.
6I40. .010. 0. .010. 0. 0. 0. 0. 0. 0. 0. .010. 0. 0. 0. 0. 0. 0. 0. 0. 0. 0.
6I551.0. 0. 0. 0. 0. 0. 0.
8A15. 0. 0. 0. 0. 0. 0. 0. 0. 3. 0. 0. 0. 0. 0. 0. 0. 0. 0. 0. 0. 0. 0. 0. 0.
8A20. 0. 0. 0. .010. 0. 0. 0. 0. .010. 0. 0. 0. 0. 0. 0. 0. 0. 0. .010. 0. 0.
8A30. 0. 0. 0. 0. 0. 0. 0. 0. 0. 0. 0. 0. 0. 0. 0. 0. 0. 0. 0. 0. 0. 0. 0. 0.
8A40. .010. 0. .010. 0. 0. 0. 0. 0. 0. 0. 0. 0. 0. 0. 0. 0. 0. 0. 0. 0. 0. 0.
8A551.0. 0. 0. 0. 0. 0. 0.
8C112.0. 0. 0. 0. 0. 0. 0. 0. 2. 0. 0. 0. 0. 0. 0. 0. 0. 0. 0. 0. 0. 0. 0. 0.
8C20. 0. 0. 0. 0. 0. 0. 0. 0. 0. .1 0. 0. 0. 0. 0. 0. 0. 0. 0. 0. .010. 0. 0.
8C30. 0. 0. 0. 0. 0. 0. 0. 0. 0. 0. 0. 0. 0. 0. 0. 0. 0. 0. 0. 0. 0. 0. 0. 0.
8C40. .010. 0. .010. 0. 0. 0. 0. 0. 0. 0. .010. 0. 0. 0. 0. 0. 0. 0. 0. 0. 0.
8C551.0. 0. 0. 0. 0. 0. 0.
8E110.0. 0. 0. 0. 0. 0. 0. 0. 3. 0. 0. 0. 0. 0. 0. 0. 0. 0. 0. 0. 0. 0. 0. 0.
8E20. 0. 0. 0. 0. .010. 0. 0. .01.1 0. 0. 0. 0. 0. 0. .010. 0. 0. 0. 0. 0. 0.
8E30. 0. 0. 0. 0. 0. 0. 0. 0. 0. 0. 0. 0. 0. 0. 0. 0. 0. 0. 0. 0. 0. 0. 0. 0.
8E40. .010. 0. .010. .010. 0. 0. 0. 0. 0. 0. 0. 0. 0. 0. 0. 0. 0. 0. 0. 0. 0.
8E551.0. 0. 0. 0. 0. 0. 0.
8G13. 0. 0. 0. 0. 0. 0. 0. 0. 2. 0. 0. 0. 0. 0. 0. 0. 0. 0. 0. 0. 0. 0. 0. 0.
8G20. 0. 0. 0. .010. 0. 0. 0. 0. .1 0. 0. 0. 0. 0. 0. 0. 0. 0. 0. .010. 0. 0.
8G30. 0. 0. 0. 0. 0. 0. 0. 0. 0. 0. 0. 0. 0. 0. 0. 0. 0. 0. 0. 0. 0. 0. 0. 0.
8G40. .010. 0. 0. 0. .010. 0. 0. 0. 0. 0. 0. 0. 0. 0. 0. 0. 0. 0. 0. 0. 0. 0.
8G552.0. 0. 0. 0. 0. 0. 0.
8I18. 0. 0. 0. 0. 0. 0. 0. 0. 2. 0. 0. 0. 0. 0. 0. .010. 0. 0. 0. 0. 0. 0. 0.
8I20. 0. 0. 0. 0. 0. 0. 0. 0. .01.1 0. 0. 0. 0. 0. 0. 0. 0. 0. 0. 0. 0. 0. 0.
8I30. 0. 0. 0. 0. 0. 0. 0. 0. 0. 0. 0. 0. 0. 0. 0. 0. 0. 0. 0. 0. 0. 0. 0. 0.
8I40. 0. 0. 0. .010. 0. 0. 0. 0. 0. 0. 0. 0. 0. 0. 0. 0. 0. 0. 0. 0. 0. 0. 0.
8I551.0. 0. 0. 0. 0. 0. 0.
0A112.0. 0. 0. 0. 0. 0. .1 0. 1. 0. 0. 0. 0. 0. 0. 0. 0. 0. 0. 0. 0. 0. 0. 0.
0A20. 0. 0. 0. 0. 0. 0. 0. 0. 0. .01.010. 0. .010. 0. 0. 0. 0. 0. .010. 0. 0.
0A30. 0. 0. 0. 0. 0. 0. 0. 0. 0. 0. 0. 0. 0. 0. 0. 0. 0. 0. 0. 0. 0. 0. 0. 0.
0A40. .010. 0. 0. 0. 0. 0. 0. 0. 0. 0. 0. .010. 0. 0. 0. 0. 0. 0. 0. 0. 0. 0.
0A536.0. 0. 0. 0. 0. 0. 0.
0C112.0. 0. 0. 0. 0. 0. 0. 0. 3. 0. 0. 0. 0. 0. 0. 0. 0. 0. 0. 0. 0. 0. 0. 0.
0C20. 0. 0. 0. 0. 0. 0. 0. 0. 0. .010. 0. 0. 0. 0. 0. 0. 0. 0. 0. 0. 0. 0. 0.
0C30. 0. 0. 0. 0. 0. 0. 0. 0. 0. 0. 0. 0. 0. 0. 0. 0. 0. 0. 0. 0. 0. 0. 0. 0.
0C40. .010. 0. 0. 0. 0. 0. 0. 0. 0. 0. 0. 0. 0. 0. 0. 0. 0. 0. 0. 0. 0. 0. 0.
0C536.0. 0. 0. 0. 0. 0. 0.
0E18. 0. 0. 0. 0. 0. 0. 0. 0. 6. 0. 0. 0. 0. 0. 0. 0. 0. 0. 0. 0. 0. 0. 0. 0.
0E20. 0. 0. 0. 0. 0. 0. 0. 0. 0. 0. 0. 0. 0. 0. 0. 0. 0. 0. 0. 0. 0. 0. 0. 0.
0E30. 0. 0. 0. 0. 0. 0. 0. 0. 0. 0. 0. 0. 0. 0. 0. 0. 0. 0. 0. 0. 0. 0. 0. 0.
0E40. .010. 0. .010. 0. 0. 0. 0. 0. 0. 0. 0. 0. 0. 0. 0. 0. 0. 0. 0. 0. 0. 0.
0E536.0. 0. 0. 0. 0. 0. 0.
0G15. 0. 0. 0. 0. 0. 0. 0. 0. 4. 0. 0. 0. 0. 0. 0. 0. 0. 0. 0. 0. 0. 0. 0. 0.
0G20. 0. 0. 0. 0. 0. 0. 0. 0. 0. .010. 0. 0. 0. 0. 0. 0. 0. 0. 0. 0. 0. 0. 0.
0G30. 0. 0. 0. 0. 0. 0. 0. 0. 0. 0. 0. 0. 0. 0. 0. 0. 0. 0. 0. 0. 0. 0. 0. 0.
0G40. .010. 0. 0. 0. 0. 0. 0. 0. .010. 0. 0. 0. 0. 0. 0. 0. 0. 0. 0. 0. 0. 0.
0G534.0. 0. 0. 0. 0. 0. 0.
0I112.0. 0. 0. 0. 0. 0. 0. 0. 3. 0. 0. 0. 0. 0. 0. 0. 0. 0. 0. 0. 0. 0. 0. 0.
0I20. 0. 0. 0. .010. 0. 0. 0. 0. .010. 0. 0. 0. 0. 0. 0. 0. 0. 0. 0. 0. 0. 0.
0I30. 0. 0. 0. 0. 0. 0. 0. 0. 0. 0. 0. 0. 0. 0. 0. 0. 0. 0. 0. 0. 0. 0. 0. 0.
0I40. .010. 0. .010. 0. 0. 0. 0. 0. 0. 0. 0. 0. 0. 0. 0. 0. 0. 0. 0. 0. 0. 0.
0I535.0. 0. 0. 0. 0. 0. 0.
2A16. 0. 0. 0. 0. 0. 0. .1 0. 2. 0. 0. 0. 0. 0. 0. 0. 0. 0. 0. 0. 0. 0. 0. 0.
2A20. 0. 0. 0. 0. 0. 0. 0. 0. 0. .010. 0. 0. .1 0. 0. 0. 0. 0. 0. 0. 0. 0. 0.
2A30. 0. 0. 0. 0. 0. 0. 0. 0. 0. 0. 0. 0. 0. 0. 0. 0. 0. 0. 0. 0. 0. 0. 0. 0.
2A40. .010. 0. .010. 0. 0. 0. 0. 0. 0. 0. 0. 0. 0. 0. 0. 0. 0. 0. 0. 0. 0. 0.
2A536.0. 0. 0. 0. 0. 0. 0.
2C120.0. 0. 0. 0. 0. 0. 0. 0. 4. 0. 0. 0. 0. 0. 0. 0. 0. 0. 0. 0. 0. 0. 0. 0.
2C20. 0. 0. 0. 0. 0. 0. 0. 0. 0. 0. 0. 0. 0. 0. 0. 0. 0. 0. 0. 0. 0. 0. 0. 0.
2C30. 0. 0. 0. 0. 0. 0. 0. 0. 0. 0. 0. 0. 0. 0. 0. 0. 0. 0. 0. 0. 0. 0. 0. 0.
2C40. .010. 0. 0. 0. 0. 0. 0. 0. 0. 0. 0. 0. 0. 0. 0. 0. 0. 0. 0. 0. 0. 0. 0.
2C537.0. 0. 0. 0. 0. 0. 0.
2E114.0. 0. 0. 0. 0. 0. 0. 0. 2. 0. 0. 0. 0. 0. 0. 0. 0. 0. 0. 0. 0. 0. 0. 0.
2E20. 0. 0. 0. 0. 0. 0. 0. 0. 0. 0. 0. 0. 0. 0. 0. 0. 0. 0. 0. 0. 0. 0. 0. 0.
2E30. 0. 0. 0. 0. 0. 0. 0. 0. 0. 0. 0. 0. 0. 0. 0. 0. 0. 0. 0. 0. 0. 0. 0. 0.
2E40. .010. 0. .010. 0. 0. 0. 0. 0. 0. 0. 0. 0. 0. 0. 0. 0. 0. 0. 0. 0. 0. 0.
2E536.0. 0. 0. 0. 0. 0. 0.
2G112.0. 0. 0. 0. 0. 0. .010. 1. 0. 0. 0. .010. 0. 0. 0. 0. 0. 0. 0. 0. 0. 0.
2G20. 0. 0. 0. 0. 0. 0. 0. 0. 0. .010. 0. 0. 0. 0. 0. .010. 0. 0. 0. 0. 0. 0.
2G30. 0. 0. 0. 0. 0. 0. 0. 0. 0. 0. 0. 0. 0. 0. 0. 0. 0. 0. 0. 0. 0. 0. 0. 0.
2G40. .010. 0. .010. 0. 0. 0. 0. 0. 0. 0. 0. 0. 0. 0. 0. 0. 0. 0. 0. 0. 0. 0.
2G537.0. 0. 0. 0. 0. 0. 0.
2I117.0. 0. 0. 0. 0. 0. 0. 0. .5 0. 0. 0. 0. 0. 0. 0. 0. 0. 0. 0. 0. 0. 0. 0.
2I20. 0. 0. 0. 0. 0. 0. 0. 0. 0. .010. 0. 0. 0. 0. 0. 0. 0. 0. 0. 0. 0. 0. 0.
2I30. 0. 0. 0. 0. 0. 0. 0. 0. 0. 0. 0. 0. 0. 0. 0. 0. 0. 0. 0. 0. 0. 0. 0. 0.
2I40. 0. 0. 0. .010. 0. 0. 0. 0. 0. 0. 0. .010. 0. 0. 0. 0. 0. 0. 0. 0. 0. 0.
2I536.0. 0. 0. 0. 0. 0. 0.
4A15. 0. 0. 0. 0. 0. 0. 0. 0. 3. 0. 0. 0. 0. 0. 0. 0. 0. 0. 0. 0. 0. 0. 0. 0.
4A20. 0. 0. 0. 0. 0. 0. 0. 0. 0. .010. 0. 0. 0. 0. 0. 0. 0. 0. 0. 0. 0. 0. 0.
4A30. 0. 0. 0. 0. 0. 0. 0. 0. 0. 0. 0. 0. 0. 0. 0. 0. 0. 0. 0. 0. 0. 0. 0. 0.
4A40. .010. 0. .010. 0. 0. 0. 0. 0. 0. 0. 0. 0. 0. 0. 0. 0. 0. 0. 0. 0. 0. 0.
4A534.0. 0. 0. 0. 0. 0. 0.
4C110.0. 0. 0. 0. 0. 0. 0. 0. 1. 0. 0. 0. 0. 0. 0. 0. 0. 0. 0. 0. 0. 0. 0. 0.
4C20. 0. 0. 0. 0. 0. 0. 0. 0. 0. 0. 0. 0. 0. 0. 0. 0. 0. 0. 0. 0. 0. 0. 0. 0.
4C30. 0. 0. 0. 0. 0. 0. 0. 0. 0. 0. 0. 0. 0. 0. 0. 0. 0. 0. 0. 0. 0. 0. 0. 0.
4C40. .010. 0. .010. 0. 0. 0. 0. 0. 0. 0. 0. 0. 0. 0. 0. 0. 0. 0. 0. 0. 0. 0.
4C535.0. 0. 0. 0. 0. 0. 0.
4E18. 0. 0. 0. 0. 0. 0. 0. 0. 2. 0. 0. 0. 0. 0. 0. 0. 0. 0. 0. 0. 0. 0. 0. 0.
4E20. 0. 0. 0. 0. 0. 0. 0. 0. .01.010. 0. 0. 0. 0. 0. 0. 0. 0. 0. 0. 0. 0. 0.
4E30. 0. 0. 0. 0. 0. 0. 0. 0. 0. 0. 0. 0. 0. 0. 0. 0. 0. 0. 0. 0. 0. 0. 0. 0.
4E40. 0. 0. 0. .010. 0. 0. 0. 0. 0. 0. 0. 0. 0. 0. 0. 0. 0. 0. 0. 0. 0. 0. 0.
4E535.0. 0. 0. 0. 0. 0. 0.
4G115.0. 0. 0. 0. 0. 0. 0. 0. 2. 0. 0. 0. 0. 0. 0. 0. 0. 0. 0. 0. 0. 0. 0. 0.
4G20. 0. 0. 0. 0. 0. 0. 0. 0. 0. 0. 0. 0. 0. 0. 0. 0. 0. 0. 0. 0. 0. 0. 0. 0.
4G30. 0. 0. 0. 0. 0. 0. 0. 0. 0. 0. 0. 0. 0. 0. 0. 0. 0. 0. 0. 0. 0. 0. 0. 0.
4G40. .010. 0. .010. 0. 0. 0. 0. 0. 0. 0. 0. 0. 0. 0. 0. 0. 0. 0. 0. 0. 0. 0.
4G536.0. 0. 0. 0. 0. 0. 0.
4I110.0. 0. 0. 0. 0. 0. 0. 0. 2. 0. 0. 0. 0. 0. 0. 0. 0. 0. 0. 0. 0. 0. 0. 0.
4I20. 0. 0. 0. 0. 0. 0. 0. 0. 0. .1 .010. 0. 0. 0. 0. 0. 0. 0. 0. 0. 0. 0. 0.
4I30. 0. 0. 0. 0. 0. 0. 0. 0. 0. 0. 0. 0. 0. 0. 0. 0. 0. 0. 0. 0. 0. 0. 0. 0.
4I40. .010. 0. .010. 0. 0. 0. 0. 0. 0. 0. .010. 0. 0. 0. 0. 0. 0. 0. 0. 0. 0.
4I536.0. 0. 0. 0. 0. 0. 0.
6A117.0. 0. 0. 0. 0. 0. 0. 0. 2. 0. 0. 0. 0. 0. 0. 0. 0. 0. 0. 0. 0. 0. 0. 0.
6A20. 0. 0. 0. 0. 0. 0. 0. 0. 0. 0. 0. 0. 0. 0. 0. 0. 0. 0. 0. 0. .010. 0. 0.
6A30. 0. 0. 0. 0. 0. 0. 0. 0. 0. 0. 0. 0. 0. 0. 0. 0. 0. 0. 0. 0. 0. 0. 0. 0.
6A40. 0. 0. 0. .010. 0. 0. 0. 0. 0. 0. 0. 0. 0. 0. 0. 0. 0. 0. 0. 0. 0. 0. 0.
6A536.0. 0. 0. 0. 0. 0. 0.
6C14. 0. 0. 0. 0. 0. 0. 0. 0. 2. 0. 0. 0. 0. 0. 0. 0. 0. 0. 0. 0. 0. 0. 0. 0.
6C20. 0. 0. 0. 0. 0. 0. 0. 0. 0. .010. 0. 0. 0. 0. 0. 0. 0. 0. 0. .010. 0. 0.
6C30. 0. 0. 0. 0. 0. 0. 0. 0. 0. 0. 0. 0. 0. 0. 0. 0. 0. 0. 0. 0. 0. 0. 0. 0.
6C40. .010. 0. .010. 0. 0. 0. 0. 0. 0. 0. 0. 0. 0. 0. 0. 0. 0. 0. 0. 0. 0. 0.
6C535.0. 0. 0. 0. 0. 0. 0.
6E110.0. 0. 0. 0. 0. 0. 0. 0. .1 0. 0. 0. 0. 0. 0. 0. 0. 0. 0. 0. 0. 0. 0. 0.
6E20. 0. 0. 0. 0. 0. 0. 0. 0. 0. .010. 0. 0. 0. 0. 0. 0. 0. 0. 0. 0. 0. 0. 0.
6E30. 0. 0. 0. 0. 0. 0. 0. 0. 0. 0. 0. 0. 0. 0. 0. 0. 0. 0. 0. 0. 0. 0. 0. 0.
6E40. .010. 0. .010. 0. 0. 0. 0. 0. 0. 0. 0. 0. 0. 0. 0. 0. 0. 0. 0. 0. 0. 0.
6E536.0. 0. 0. 0. 0. 0. 0.
6G110.0. 0. 0. 0. 0. 0. 0. 0. 3. 0. 0. 0. 0. 0. 0. 0. 0. 0. 0. 0. 0. 0. 0. 0.
6G20. 0. 0. 0. 0. 0. 0. 0. 0. 0. .010. 0. 0. 0. 0. 0. 0. 0. 0. 0. 0. 0. 0. 0.
6G30. 0. 0. 0. 0. 0. 0. 0. 0. 0. 0. 0. 0. 0. 0. 0. 0. 0. 0. 0. 0. 0. 0. 0. 0.
6G40. .010. 0. .010. .010. 0. 0. 0. 0. 0. 0. 0. 0. 0. 0. 0. 0. 0. 0. 0. 0. 0.
6G536.0. 0. 0. 0. 0. 0. 0.
6I13. 0. 0. 0. 0. 0. 0. 0. 0. 1. 0. 0. 0. 0. 0. 0. .010. 0. 0. 0. 0. 0. 0. 0.
6I20. 0. 0. 0. 0. 0. 0. 0. 0. 0. .1 0. 0. 0. 0. 0. 0. 0. 0. 0. 0. 0. 0. 0. 0.
6I30. 0. 0. 0. 0. 0. 0. 0. 0. 0. 0. 0. 0. 0. 0. 0. 0. 0. 0. 0. 0. 0. 0. 0. 0.
6I40. .010. 0. 0. 0. 0. 0. 0. 0. 0. 0. 0. .010. 0. 0. 0. 0. 0. 0. 0. 0. 0. 0.
6I534.0. 0. 0. 0. 0. 0. 0.
8A16. 0. 0. .010. 0. 0. 0. 0. 3. 0. 0. 0. 0. 0. 0. 0. 0. 0. 0. 0. 0. 0. 0. 0.
8A20. 0. 0. 0. 0. 0. 0. 0. 0. 0. 0. 0. 0. 0. 0. 0. 0. 0. 0. 0. 0. 0. 0. 0. 0.
8A30. 0. 0. 0. 0. 0. 0. 0. 0. 0. 0. 0. 0. 0. 0. 0. 0. 0. 0. 0. 0. 0. 0. 0. 0.
8A40. .010. 0. .010. 0. 0. 0. 0. 0. 0. 0. 0. 0. 0. 0. 0. 0. 0. 0. 0. 0. 0. 0.
8A536.0. 0. 0. 0. 0. 0. 0.
8C115.0. 0. 0. 0. 0. 0. 0. 0. 2. 0. 0. 0. 0. 0. 0. 0. 0. 0. 0. 0. 0. 0. 0. 0.
8C20. 0. 0. 0. 0. 0. 0. 0. 0. 0. .010. 0. 0. 0. 0. 0. 0. 0. 0. 0. .010. 0. 0.
8C30. 0. 0. 0. 0. 0. 0. 0. 0. 0. 0. 0. 0. 0. 0. 0. 0. 0. 0. 0. 0. 0. 0. 0. 0.
8C40. .010. 0. .010. 0. 0. 0. 0. 0. 0. 0. 0. 0. 0. 0. 0. 0. 0. 0. 0. 0. 0. 0.
8C538.0. 0. 0. 0. 0. 0. 0.
8E110.0. 0. 0. 0. 0. 0. 0. 0. 2. 0. 0. 0. 0. 0. 0. 0. 0. 0. 0. 0. 0. 0. 0. 0.
8E20. 0. 0. 0. 0. 0. 0. 0. 0. 0. .010. 0. 0. 0. 0. 0. 0. 0. 0. 0. 0. 0. 0. 0.
8E30. 0. 0. 0. 0. 0. 0. 0. 0. 0. 0. 0. 0. 0. 0. 0. 0. 0. 0. 0. 0. 0. 0. 0. 0.
8E40. 0. 0. 0. .010. .010. 0. 0. 0. 0. 0. .010. 0. 0. 0. 0. 0. 0. 0. 0. 0. 0.
8E538.0. 0. 0. 0. 0. 0. 0.
8G13. 0. 0. 0. 0. 0. 0. 0. 0. .5 0. 0. 0. 0. 0. 0. 0. 0. 0. 0. 0. 0. 0. 0. 0.
8G20. 0. 0. 0. .010. 0. 0. 0. 0. .010. 0. 0. 0. 0. 0. 0. 0. 0. 0. 0. 0. 0. 0.
8G30. 0. 0. 0. 0. 0. 0. 0. 0. 0. 0. 0. 0. 0. 0. 0. 0. 0. 0. 0. 0. 0. 0. 0. 0.
8G40. .010. 0. 0. 0. .010. 0. 0. 0. 0. 0. .010. 0. 0. 0. 0. 0. 0. 0. 0. 0. 0.
8G536.0. 0. 0. 0. 0. 0. 0.
8I110.0. 0. 0. 0. 0. 0. 0. 0. 1. 0. 0. 0. 0. 0. 0. .010. 0. 0. 0. 0. 0. 0. 0.
8I20. 0. 0. 0. 0. 0. 0. 0. 0. 0. .010. 0. 0. 0. 0. 0. 0. 0. 0. 0. 0. 0. 0. 0.
8I30. 0. 0. 0. 0. 0. 0. 0. 0. 0. 0. 0. 0. 0. 0. 0. 0. 0. 0. 0. 0. 0. 0. 0. 0.
8I40. 0. 0. 0. 0. 0. 0. 0. 0. 0. 0. 0. 0. 0. 0. 0. 0. 0. 0. 0. 0. 0. 0. 0. 0.
8I537.0. 0. 0. 0. 0. 0. 0.
