STAND 3, SURVEY DATE: 16 Aug 1980, OBSERVERS: G.H. La Roi (#1), ROWS: 0,2,8, R.A. Ellis (#2), ROWS: 4,6, DATA ENTRY: 17 Feb 1996 (note: first survey of stand 3)

QUAD  0A    0C    0E    0G    0I    2I    2G    2E    2C    2A    4A    4C    4E    4G    4I    6I    6G    6E    6C    6A    8A    8C    8E    8G    8I    4a    4c    4e    4g    4i

ABBA   0.0   0.0   0.0   3.0   0.0   0.0   0.0   0.0   0.0   0.0   0.0   0.0   0.0   0.0   0.0   0.0   0.0   0.0   0.0   0.0   0.0   0.0   0.0   0.0   0.0
BEPA   0.5   0.0   0.0   0.0   0.0   0.0   0.0   0.0   0.0   0.5   0.0   0.0   0.5   0.0   0.0   0.0   0.0   0.5   0.0   0.0   0.0   0.5   1.0   0.5   0.5
PIBA  40.0  35.0  40.0  20.0  40.0  30.0  35.0  20.0  45.0  10.0  30.0  20.0  30.0  35.0  30.0  10.0  25.0  30.0  25.0  25.0  50.0  15.0  40.0  30.0  40.0
PIGL   0.0   0.0   5.0   3.0   3.0   7.0   5.0   0.0   1.0  15.0   0.0   0.0   2.0   0.0   1.0   0.5   0.0   1.0   3.0   0.0   0.5   2.0   1.0   5.0   0.0
PIMA   0.0   0.0   3.0   0.0   0.0   0.0   0.0   0.0   0.0   0.5   0.0   0.0   0.0   0.0   0.0   0.0   0.0   0.0   0.0   0.0   0.0   1.0   0.5   3.0   0.0
POTR   0.0   0.0   0.0   0.0   0.0   0.0   0.0   0.0   0.0   0.0   0.0   0.5   0.0   0.0   0.5   0.5   0.0   0.5   0.0   0.0   0.0   0.0   0.5  15.0   3.0
ALCR   5.0  30.0  10.0  40.0  10.0  25.0  15.0  20.0  15.0  15.0   1.0  25.0  20.0  20.0   3.0  35.0  15.0  20.0   5.0  15.0  20.0  40.0  10.0  10.0   2.0
AMAL   0.0   0.0   0.0   0.0   0.0   0.0   0.0   0.0   0.0   0.0   0.0   0.5   0.0   0.0   0.0   0.0   0.0   0.0   0.0   0.5   0.0   0.0   0.0   0.0   0.0
ARUV   0.0   0.0   0.0   0.0   5.0   0.0   0.0   0.0   0.0   0.0   2.0   0.0   0.0   0.5   0.0   0.0   0.0   0.0   0.0   3.0   0.0   2.0   0.0   1.0   0.0
LEGR   0.0   0.0   0.0   0.0   0.0   0.0   0.0   3.0   0.0   0.5   0.0   0.0   0.0   0.0   0.0   7.0   0.0   1.0   0.0   0.5   0.0   0.0   0.0   0.0   0.0
LODI   0.5   0.0   0.0   0.0   0.0   0.0   0.0   0.0   0.0   0.0   0.0   0.0   0.0   0.0   0.0   0.5   0.0   0.0   0.0   0.5   0.0   0.0   0.0   0.0   0.5
PRPE   0.0   0.0   0.5   0.0   0.0   0.0   0.0   2.0   0.0   0.0   3.0   0.5   0.0   0.0   0.0   0.5   0.0   0.0   0.0   0.5   0.0   0.0   0.0   0.0   0.0
ROAC   2.0   2.0   1.0   0.5   4.0   2.0   4.0   3.0   3.0   0.0   2.0   0.5   3.0   3.0   3.0   1.0   1.0   0.5   2.0   2.0   4.0   3.0   5.0   3.0   3.0
RUID   1.0   2.0   0.0   0.5   0.5   0.0   0.5   1.0   3.0   1.0   2.0   0.5   0.5   0.0   0.5   0.5   0.5   0.5   0.5   1.0   2.0   2.0   2.0   1.0   1.0
VAMY   0.0   1.0   1.0   3.0   2.0   2.0   3.0   1.0   1.0   1.0   0.5   1.0   0.5   1.0   0.5   0.5   0.5   1.0   1.0   0.5   1.0   5.0   1.0   2.0   0.5
VAVI   5.0   1.0   0.5   0.5   2.0   2.0   2.0   1.0   1.0   1.0   1.0   1.0   0.5   0.5   1.0   1.0   1.0   1.0   1.0   1.0   3.0   2.0   0.5   2.0  10.0
VIED   0.0   0.0   0.0   0.0   0.0   0.0   0.0   0.0   0.0   0.0   0.0   0.0   0.0   0.0   0.0   0.0   0.0   0.0   0.0   0.0   0.0   0.0   0.0   0.0   0.0

QUAD  0A    0C    0E    0G    0I    2I    2G    2E    2C    2A    4A    4C    4E    4G    4I    6I    6G    6E    6C    6A    8A    8C    8E    8G    8I    4a    4c    4e    4g    4i
ACRU   0.0   0.0   0.0   0.0   0.0   0.0   0.0   0.0   0.0   0.0   0.0   0.0   0.0   0.0   0.0   0.0   0.0   0.0   0.0   0.0   0.0   0.0   0.0   0.0   0.0
ANMU   0.5   0.0   0.0   0.0   0.0   0.0   0.0   0.0   0.0   0.0   0.0   0.0   0.0   0.0   0.0   0.0   0.0   0.0   0.0   0.0   0.0   0.0   0.0   0.0   0.5
ANPA   0.0   0.0   0.0   0.0   0.0   0.0   0.0   0.0   0.0   0.0   0.0   0.0   0.0   0.0   0.0   0.0   0.0   0.0   0.0   0.0   0.0   0.0   0.0   0.0   0.0
ARNU   2.0  10.0   5.0  15.0  10.0  15.0   5.0   5.0  25.0  12.0   3.0   5.0   4.0   5.0   5.0   4.0   4.0   5.0   4.0   2.0   6.0  10.0   7.0   8.0   5.0
CARO   0.0   0.5   0.5   0.0   0.5   0.0   0.5   0.0   0.0   0.0   0.0   0.0   0.0   0.0   0.0   0.0   0.0   0.0   0.0   0.0   0.5   0.0   0.0   0.0   0.0
COCA   0.0   0.0   0.0   3.0   2.0  15.0   0.0   0.0   1.0   1.0   0.0   0.0   0.0   0.0   0.0   0.5   0.0   0.0   0.5   0.0   0.0   0.0   0.0   0.0  10.0
EPAN   0.5   0.5   0.0   0.0   0.0   0.0   0.0   0.0   1.0   0.0   0.0   0.0   0.0   0.0   0.0   0.0   0.0   0.0   0.0   0.0   0.0   1.0   1.0   1.0   1.0
FRVI   0.0   0.0   0.0   0.0   0.0   0.0   0.0   0.0   0.0   0.0   0.0   1.0   0.0   0.0   0.0   0.0   0.0   0.0   0.0   0.0   0.0   0.0   0.0   0.0   0.5
GABO   0.5   1.0   0.0   0.0   0.5   0.0   0.0   0.0   0.5   0.5   0.5   0.5   0.5   0.5   0.5   0.0   0.0   0.5   0.5   0.0   0.5   0.0   0.5   0.0   0.5
GELI   0.0   0.0   0.0   0.0   0.0   0.0   0.0   0.0   0.0   0.0   0.0   0.0   0.0   0.0   0.0   0.5   0.0   0.0   0.0   0.5   0.5   0.0   0.0   0.5   0.5
GORE   0.0   0.0   0.0   0.0   0.0   0.0   0.0   0.0   0.0   0.0   0.0   0.0   0.0   0.0   0.0   0.0   0.0   0.0   0.0   0.0   0.0   0.0   0.0   0.0   0.0
HIUM   0.0   0.0   0.0   0.0   0.0   0.0   0.0   0.0   0.0   0.0   0.0   0.0   0.0   0.0   0.0   0.0   0.0   0.0   0.0   0.0   0.0   0.0   0.0   0.0   0.0
LIBO  15.0   2.0   2.0   0.5   2.0   0.5   2.0   3.0   2.0   2.0   1.0   1.0   0.5   0.5   1.0   1.0   1.0   2.0   3.0   2.0   3.0   5.0   3.0   2.0   3.0
LIPH   0.0   0.0   0.0   0.0   0.0   0.0   0.0   0.0   0.0   0.0   0.0   0.0   0.0   0.0   0.0   0.0   0.0   0.0   0.0   0.0   0.0   0.0   0.0   0.0   0.0
MACA   1.0   0.5   0.5   0.5   1.0   1.0   1.0   3.0   1.0   1.0   2.0   2.0   2.0   1.0   1.0   1.0   1.0   0.5   0.5   1.0   1.0   2.0   1.0   0.5   2.0
MELI   0.0   0.0   0.0   0.0   0.0   0.0   0.0   0.0   0.0   0.0   0.0   0.0   0.0   0.0   0.0   0.0   0.0   0.0   0.0   0.0   0.0   0.0   0.0   0.0   0.0
ORSE   0.0   0.0   0.0   1.0   0.0   0.5   0.0   0.0   1.0   1.0   0.5   0.0   0.0   0.0   0.5   0.0   0.5   0.0   0.0   0.0   1.0   0.5   0.0   0.5   0.0
PYCH   0.0   0.0   0.0   0.0   0.0   0.5   0.0   0.5   0.0   0.0   0.0   0.0   0.0   0.0   0.0   0.0   0.5   0.0   0.5   0.0   0.0   0.0   0.0   0.5   0.0
RUPU   0.0   0.0   0.0   1.0   0.0   0.5   0.0   0.0   3.0   0.0   0.0   0.5   0.5   0.0   0.5   0.0   0.5   0.5   0.5   0.0   0.0   0.0   0.0   0.0   0.0
VIAD   0.5   0.0   0.0   0.0   0.0   0.0   0.0   0.0   0.0   0.0   0.0   0.0   0.0   0.0   0.0   0.0   0.0   0.0   0.5   0.0   0.0   0.0   0.0   0.0   0.0
VIRE   0.0   1.0   0.5   0.0   0.0   0.0   0.0   1.0   0.5   0.0   0.5   0.0   0.5   0.0   0.5   0.0   0.0   0.0   0.5   0.5   0.0   0.5   0.0   0.5   0.0

QUAD  0A    0C    0E    0G    0I    2I    2G    2E    2C    2A    4A    4C    4E    4G    4I    6I    6G    6E    6C    6A    8A    8C    8E    8G    8I    4a    4c    4e    4g    4i
CXSI   0.0   0.0   0.0   0.0   0.0   0.0   0.0   0.0   0.0   0.0   0.0   0.0   0.0   0.0   0.0   0.0   0.0   0.0   0.0   0.0   0.0   0.0   0.0   0.0   0.0
CXRI   0.0   0.0   0.0   0.0   0.0   0.0   0.0   0.0   0.0   0.0   0.0   0.0   0.0   0.0   0.0   0.0   0.0   0.0   0.0   0.0   0.0   0.0   0.0   0.0   0.0
ELGL   0.0   0.0   0.0   0.0   0.0   0.0   0.0   0.0   0.0   0.0   0.0   0.0   0.0   0.0   0.0   0.0   0.0   0.0   0.0   0.0   0.0   0.0   0.0   0.0   0.0
ELIN   0.5   0.5   0.5   0.5   0.5   0.5   0.5   0.5   1.0   0.5   1.0   2.0   0.5   0.5   1.0   1.0   1.0   0.5   2.0   1.0   1.0   0.5   1.0   1.0   0.5
ORPU   0.5   0.0   0.0   0.0   0.5   0.0   0.0   0.0   0.0   0.0   0.0   0.0   0.0   0.0   0.0   0.0   0.0   0.0   0.5   0.0   0.0   0.5   0.0   0.0   0.0
SCPU   0.0   0.0   0.0   0.0   0.0   0.0   0.0   0.0   0.0   0.0   0.0   0.0   0.0   0.0   0.0   0.0   0.0   0.0   0.0   0.0   0.0   0.0   0.0   0.0   0.0
DRCA   0.0   0.5   0.0   0.0   0.0   0.0   0.0   0.5   0.0   0.0   0.0   0.0   0.0   0.0   0.0   0.0   0.5   0.0   0.0   0.0   0.0   0.5   0.0   0.0   0.5
EQVA   0.0   0.0   0.0   0.0   0.0   0.0   0.0   0.0   0.0   0.0   0.0   0.0   0.0   0.0   0.0   0.0   0.0   0.0   0.0   0.0   0.0   0.0   0.0   0.0   0.0
LYAN   0.0   2.0   0.5   0.5   0.0   0.0   0.0   1.0   0.0   0.0   0.0   0.0   0.0   0.0   0.0   0.5   0.5   0.0   0.5   0.0   0.0   1.0   0.0   0.0   0.0
LYCO   0.0   0.0   0.0   0.0   0.0   0.0   0.0   0.0   0.0   1.0   0.5   0.5   0.0   0.0   0.0   0.0   0.0   0.0   0.0   0.0   1.0   0.0   0.0   0.0   0.0
ORAS   0.0   0.0   0.0   0.0   0.0   0.0   0.0   0.0   0.0   0.0   0.0   0.0   0.0   0.0   0.0   0.0   0.0   0.0   0.0   0.0   0.0   0.0   0.0   0.0   0.0
SOSP   0.0   0.0   0.0   0.0   0.0   0.0   0.0   0.0   0.0   0.0   0.0   0.0   0.0   0.0   0.0   0.0   0.0   0.0   0.0   0.0   0.0   0.0   0.0   0.0   0.0
CACA   0.0   0.0   0.0   0.0   0.0   0.0   0.0   0.0   0.0   0.0   0.0   0.0   0.0   0.0   0.0   0.0   0.0   0.0   0.0   0.0   0.0   0.0   0.0   0.0   0.0
ROWO   0.0   0.0   0.0   0.0   0.0   0.0   0.0   0.0   0.0   0.0   0.0   0.0   0.0   0.0   0.0   0.0   0.0   0.0   0.0   0.0   0.0   0.0   0.0   0.0   0.0
TRBO   0.0   0.0   0.0   0.0   0.0   0.0   0.0   0.0   0.0   0.0   0.0   0.0   0.0   0.0   0.0   0.0   0.0   0.0   0.0   0.0   0.0   0.0   0.0   0.0   0.0
COTR   0.0   0.0   0.0   0.0   0.0   0.0   0.0   0.0   0.0   0.0   0.0   0.0   0.0   0.0   0.0   0.0   0.0   0.0   0.0   0.0   0.0   0.0   0.0   0.0   0.0
DITR   0.0   0.0   0.0   0.0   0.0   0.0   0.0   0.0   0.0   0.0   0.0   0.0   0.0   0.0   0.0   0.0   0.0   0.0   0.0   0.0   0.0   0.0   0.0   0.0   0.0
temp   0.0   0.0   0.0   0.0   0.0   0.0   0.0   0.0   0.0   0.0   0.0   0.0   0.0   0.0   0.0   0.0   0.0   0.0   0.0   0.0   0.0   0.0   0.0   0.0   0.0
