STAND 3, SURVEY DATE: 1 Aug 1990, OBSERVER: G.H. La Roi (#1), ROWS: 0,2,4,6,8, DATA ENTRY: 14 Oct 1995/rev 19 Dec 96 (GHLR used thermometer "Old #1; "ARNU some turning yellow (wilted), MACA turning yellow"; 590 cc in gauge)

QUAD  0A    0C    0E    0G    0I    2I    2G    2E    2C    2A    4A    4C    4E    4G    4I    6I    6G    6E    6C    6A    8A    8C    8E    8G    8I    4a    4c    4e    4g    4i

ABBA   0.0   0.0   0.0   8.0   0.0   0.0   0.0   0.0   0.0   0.0   0.0   0.0   0.0   0.0   0.0   0.0   0.0   0.0   0.0   0.0   0.0   0.0   0.0   0.0   0.0
BEPA   1.0   0.0   0.0   0.0   0.0   2.0   0.0   0.0   0.0   0.0   0.0   4.0   0.0   0.0   0.0   0.0   0.0   1.0   0.0   0.0   0.0   0.0   1.0   0.5   1.0
PIBA  21.0  13.0  22.0   6.0  23.0   7.0  12.0   9.0  20.0  10.0  19.0  13.0  16.0  16.0  20.0  11.0  18.0  22.0  17.0  15.0  18.0   7.0  19.0  14.0  16.0
PIGL   0.1   2.0   9.0   6.0   7.0   6.0  11.0   0.0   0.0  15.0   0.0   5.0   4.0   0.1   2.0   2.0   0.0   3.0   6.0   0.0   4.0   3.0   3.0   4.0   0.0
PIMA   0.0   0.0   3.0   0.0   0.0   0.0   0.5   0.0   0.0   0.0   0.0   0.0   0.0   0.0   0.0   0.0   0.0   0.0   0.0   0.0   0.0   2.0   0.0   5.0   0.0
POTR   0.0   0.0   0.0   0.0   0.0   0.0   0.0   0.0   0.0   0.0   0.0   0.0   0.0   0.0   0.0   0.0   0.1   1.0   0.0   0.0   0.0   0.0   0.5   7.0   1.0
ALCR   8.0  19.0  12.0   9.0   8.0  14.0  11.0   8.0  10.0  11.0   3.0   5.0  10.0  13.0   6.0  19.0  11.0  13.0   6.0   9.0   9.0  13.0   6.0  10.0   4.0
AMAL   0.0   0.0   0.0   0.0   0.0   0.0   0.0   0.0   0.0   0.0   0.5   0.5   0.0   0.0   0.0   0.0   0.0   0.0   0.0   0.1   0.0   0.0   0.0   0.0   0.0
ARUV   0.5   0.0   0.0   0.0   5.0   0.0   0.0   0.0   0.0   0.0   9.0   0.0   0.0   0.5   0.0   0.5   0.0   5.0   0.0   7.0   0.5   1.0   0.0   0.5   0.0
LEGR   0.0   0.0   0.0   0.0   0.0   0.0   0.0   2.0   0.0   0.0   0.0   0.0   0.0   0.0   0.0   9.0   0.0   5.0   0.0   0.5   0.0   0.0   0.0   0.0   0.0
LODI   1.0   0.0   0.0   0.0   0.0   0.0   0.0   0.0   0.0   0.0   0.1   0.0   0.0   0.0   0.0   0.0   0.0   0.0   0.0   0.0   0.0   0.1   0.0   0.0   0.1
PRPE   0.0   0.0   1.0   0.0   0.0   0.0   0.0   4.0   1.0   0.0   3.0   2.0   0.0   0.5   0.0   0.0   2.0   0.0   1.0   2.0   0.0   1.0   0.0   0.0   0.0
ROAC   2.0   1.0   2.0   2.0   6.0   2.0   3.0   2.0   3.0   0.5   4.0   3.0   2.0   4.0   3.0   2.0   3.0   2.0   3.0   3.0   2.0   4.0   4.0   1.0   3.0
RUID   1.0   3.0   0.5   2.0   2.0   0.0   0.5   1.0   3.0   1.0   1.0   2.0   0.5   0.5   0.5   0.5   3.0   2.0   1.0   2.0   1.0   2.0   1.0   1.0   0.0
VAMY   0.5   1.0   1.0   1.0   2.0   1.0   1.0   1.0   2.0   0.5   1.0   3.0   1.0   1.0   0.5   3.0   2.0   1.0   5.0   2.0   1.0   5.0   2.0   2.0   0.5
VAVI   2.0   1.0   0.5   1.0   3.0   1.0   2.0   3.0   2.0   1.0   1.0   1.0   0.5   1.0   3.0   1.0   2.0   3.0   2.0   3.0   3.0   2.0   1.0   1.0   2.0
VIED   0.0   0.0   0.0   0.0   0.0   0.01  0.0   0.0   0.0   0.0   0.0   0.0   0.0   0.0   0.0   0.0   0.0   0.0   0.0   0.0   0.0   0.0   0.0   0.0   0.0

QUAD  0A    0C    0E    0G    0I    2I    2G    2E    2C    2A    4A    4C    4E    4G    4I    6I    6G    6E    6C    6A    8A    8C    8E    8G    8I    4a    4c    4e    4g    4i
ACRU   0.0   0.0   0.0   0.0   0.0   0.0   0.0   0.0   0.0   0.0   0.0   0.0   0.0   0.0   0.0   0.0   0.0   0.0   0.0   0.0   0.0   0.0   0.0   0.0   0.0
ANMU   0.0   0.0   0.0   0.0   0.0   0.0   0.0   0.0   0.0   0.0   0.0   0.0   0.0   0.0   0.0   0.0   0.0   0.0   0.0   0.0   0.0   0.0   0.0   0.0   0.0
ANPA   0.1   0.0   0.0   0.0   0.0   0.0   0.0   0.0   0.0   0.0   0.0   0.0   0.0   0.0   0.0   0.0   0.0   0.0   0.0   0.0   0.0   0.0   0.0   0.0   0.0
ARNU   3.0  20.0  12.0  14.0  13.0  13.0   8.0  14.0  13.0   6.0  12.0  10.0   5.0  10.0   9.0   6.0   8.0   9.0   7.0   9.0  10.0   8.0   8.0   3.0   7.0
CARO   0.01  0.01  0.01  0.0   0.01  0.0   0.0   0.0   0.0   0.0   0.0   0.0   0.0   0.0   0.0   0.0   0.0   0.0   0.0   0.0   0.0   0.01  0.0   0.0   0.0
COCA   0.0   1.0   1.0  16.0   4.0   9.0   0.5   3.0   0.0   2.0   2.0   0.5   0.0   0.0   0.0   3.0   0.0   1.0   3.0   0.0   0.0   0.1   0.0   0.0   9.0
EPAN   0.5   1.0   0.0   0.0   0.0   0.0   0.0   0.0   1.0   1.0   0.0   0.0   0.0   0.0   0.0   0.0   0.1   0.0   0.0   0.0   0.0   0.5   1.0   1.0   0.5
FRVI   0.0   0.0   0.0   0.0   0.0   0.0   0.1   0.1   0.0   0.0   0.0   1.0   0.0   0.1   0.0   0.0   0.0   0.5   0.0   0.0   0.0   0.0   0.0   0.0   0.1
GABO   0.5   0.1   0.1   0.5   0.5   0.0   0.1   0.0   1.0   0.5   0.1   0.5   0.1   0.5   0.5   0.0   0.0   0.0   0.0   0.0   0.1   0.0   0.1   0.1   0.1
GELI   0.5   0.0   0.5   0.0   0.5   0.5   0.0   0.0   0.0   0.0   0.0   0.0   0.0   0.5   0.5   0.1   0.01  0.0   0.5   1.0   0.1   0.0   0.1   0.1   0.0
GORE   0.0   0.0   0.0   0.0   0.0   0.0   0.0   0.0   0.0   0.0   0.0   0.0   0.0   0.0   0.0   0.0   0.0   0.0   0.0   0.01  0.0   0.0   0.1   0.0   0.0
HIUM   0.1   0.0   0.1   0.0   0.0   0.0   0.0   0.0   0.0   0.0   0.0   0.0   0.0   0.0   0.0   0.0   0.0   0.0   0.0   0.0   0.0   0.0   0.0   0.0   0.0
LIBO  10.0   7.0  11.0   7.0  10.0   2.0  11.0  15.0  15.0   5.0  10.0   8.0   6.0   9.0   9.0   5.0  12.0  12.0  15.0   8.0   7.0  12.0   6.0   6.0   9.0
LIPH   0.0   0.0   0.0   0.0   0.0   0.0   0.0   0.0   0.0   0.0   0.0   0.0   0.0   0.0   0.0   0.0   0.0   0.0   0.0   0.0   0.0   0.0   0.0   0.0   0.0
MACA   6.0   6.0   7.0  10.0  10.0   5.0   8.0  14.0  10.0   8.0   5.0   9.0   9.0   4.0   6.0   5.0   8.0   9.0   8.0   7.0   8.0  10.0  10.0   3.0  10.0
MELI   0.0   0.0   0.0   0.0   0.0   0.0   0.0   0.0   0.0   0.0   0.0   0.0   0.0   0.0   0.0   0.0   0.0   0.0   0.0   0.01  0.0   0.0   0.0   0.0   0.0
ORSE   0.0   0.0   0.5   0.5   0.0   0.1   0.0   0.0   1.0   0.0   0.1   0.0   0.1   0.0   0.5   0.0   1.0   0.0   0.1   0.0   0.1   0.5   0.0   0.5   0.1
PYCH   0.1   0.0   0.0   0.0   0.0   0.1   0.0   0.0   0.1   0.0   0.0   0.0   0.1   0.0   0.0   0.0   0.0   0.0   0.1   0.0   0.0   0.0   0.1   0.0   0.0
RUPU   0.0   0.5   0.1   2.0   0.0   0.5   1.0   0.5   4.0   1.0   0.5   2.0   2.0   0.0   0.0   0.0   0.5   0.5   0.0   0.5   0.5   0.1   0.0   0.0   1.0
VIAD   0.0   0.0   0.0   0.0   0.0   0.0   0.0   0.0   0.0   0.0   0.01  0.0   0.0   0.0   0.0   0.0   0.0   0.0   0.0   0.0   0.0   0.0   0.0   0.0   0.0
VIRE   0.0   0.5   0.0   0.1   0.0   0.0   0.0   0.1   0.1   0.5   0.1   0.1   0.5   0.1   0.0   0.0   0.5   0.0   0.0   0.1   0.1   0.1   0.0   0.0   0.0

QUAD  0A    0C    0E    0G    0I    2I    2G    2E    2C    2A    4A    4C    4E    4G    4I    6I    6G    6E    6C    6A    8A    8C    8E    8G    8I    4a    4c    4e    4g    4i
CXSI   0.0   0.0   0.0   0.0   0.0   0.0   0.1   0.0   0.0   0.0   0.0   0.0   0.0   0.0   0.0   0.0   0.0   0.0   0.0   0.0   0.0   0.0   0.0   0.0   0.0
CXRI   0.0   0.0   0.0   0.0   0.0   0.0   0.0   0.0   0.0   0.0   0.0   0.0   0.0   0.0   0.0   0.0   0.0   0.0   0.0   0.0   0.0   0.0   0.0   0.0   0.0
ELGL   0.0   0.0   0.0   0.0   0.0   0.0   0.0   0.0   0.0   0.0   0.0   0.0   0.0   0.0   0.0   0.0   0.0   0.0   0.0   0.0   0.0   0.0   0.0   0.0   0.0
ELIN   0.5   0.1   0.1   0.5   1.0   0.5   0.5   0.5   1.0   0.5   0.5   0.1   0.1   0.1   1.0   0.1   0.5   1.0   0.5   0.5   0.1   0.5   1.0   0.5   0.1
ORPU   0.1   0.0   0.0   0.0   0.0   0.0   0.0   0.0   0.0   0.0   0.1   0.0   0.0   0.0   0.0   0.0   0.0   0.0   0.1   0.01  0.01  0.0   0.0   0.0   0.0
SCPU   0.0   0.0   0.0   0.0   0.5   0.0   0.0   0.0   0.0   0.0   0.0   0.0   0.0   0.0   0.0   0.0   0.0   0.0   0.0   0.5   0.0   0.0   0.0   0.0   0.1
DRCA   0.0   4.0   0.0   0.0   0.0   0.0   0.0   1.0   0.0   0.5   0.0   1.0   1.0   0.0   0.0   0.0   0.0   0.0   0.0   0.0   0.0   0.1   0.0   0.0   0.5
EQVA   0.0   0.0   0.0   0.0   0.0   0.0   0.0   0.0   0.0   0.0   0.01  0.0   0.0   0.0   0.0   0.0   0.0   0.0   0.0   0.0   0.0   0.0   0.0   0.0   0.0
LYAN   0.0   8.0   0.0   6.0   0.0   0.0   1.0   1.0   0.5   0.5   0.0   1.0   2.0   0.0   0.0   1.0   4.0   0.0   0.0   0.0   0.0   1.0   0.0   0.0   0.0
LYCO   0.0   0.0   0.0   2.0   0.0   0.0   0.0   0.0   0.0   1.0   4.0   3.0   0.0   0.0   0.0   0.0   0.0   0.0   0.0   0.0   2.0   0.0   0.0   0.0   0.0
ORAS   0.0   0.5   0.0   0.0   0.0   0.0   0.0   0.0   0.0   0.0   0.1   0.5   0.0   0.0   0.0   0.0   0.0   0.1   0.0   0.0   0.0   0.0   0.0   0.0   0.0
SOSP   0.0   0.0   0.0   0.0   0.0   0.0   0.0   0.0   0.0   0.0   0.0   0.0   0.0   0.0   0.0   0.0   0.0   0.0   0.0   0.0   0.0   0.0   0.0   0.0   0.0
CACA   0.0   0.0   0.0   0.0   0.0   0.0   0.0   0.0   0.0   0.0   0.0   0.0   0.0   0.0   0.0   0.0   0.0   0.0   0.0   0.0   0.0   0.0   0.0   0.0   0.0
ROWO   0.0   0.0   0.0   0.0   0.0   0.0   0.0   0.0   0.0   0.0   0.0   0.0   0.0   0.0   0.0   0.0   0.0   0.0   0.0   0.0   0.0   0.0   0.0   0.0   0.0
TRBO   0.0   0.0   0.0   0.0   0.0   0.0   0.0   0.0   0.0   0.0   0.0   0.0   0.0   0.0   0.0   0.0   0.0   0.0   0.0   0.0   0.0   0.0   0.0   0.0   0.0
COTR   0.0   0.0   0.0   0.0   0.0   0.0   0.0   0.0   0.0   0.0   0.0   0.0   0.0   0.0   0.0   0.0   0.0   0.0   0.0   0.0   0.0   0.0   0.0   0.0   0.0
DOTR   0.0   0.0   0.0   0.0   0.0   0.0   0.0   0.0   0.0   0.0   0.0   0.0   0.0   0.0   0.0   0.0   0.0   0.0   0.0   0.0   0.0   0.0   0.0   0.0   0.0
temp  73    68    67    64    67    65    67    67    68    66    69    70    67    67    68    64    67    66    69    67    69    65    65    67    69
