-045 -047 -150 -027 -164 -032 -020 -128 172 179 279 271 495 588 624 548 FA
-005  060 -035 -018 -010  062 -024  033 039 138 473 108 547 575 633 660 FA
-039  099  007  001  045  060  023  063 124 136 360 618 521 595 620 573 FA
-004  045  15  -013  026  008 -023 -017 122 174 270 353 467 579 660 568 FA
 024  012  014 -010 -046  017 -050 -055 138 170 151 402 498 586 593 563 FA
 019  069  56   008  027  082  007  074 286 147 309 231 545 588 586 523 FA
 043  079  112  075  023  057  065  084 090 195 450 682 529 575 617 616 FA
-001  053  073  035  029 -033  005 -024 277 357 282 469 493 571 645 560 FA
-104 -048  004 -032 -027 -099 -100 -070 135 282 427 265 459 589 604 554 FA
-066 -011 -080 -033 -016 -088 -045 -110 222 424 540 491 551 581 626 590 FA
 003 -019 -036 -002 -016 -063  034 -050 064 299 276 209 535 594 577 621 FA
-003 -082  014 -019 -036 -065  112  007 029 270 191 151 541 596 606 637 FA
 017 -111  013 -022 -056 -053  064  020 283 365 508 108 487 614 622 598 FA
-013 -122 -041 -001 -029 -027 -007  023 140 099 194 299 474 539 612 598 FA
 011 -138 -036  010  024 -026  014  050 214 333 278 116 483 563 597 550 FA
 054 -160 -038  011  058 -033 -015  029 033 096 557 236 467 553 615 605 FA
 078 -093  018  036  065 -006 -031  060 413 125 233 455 497 561 612 585 FA
 083  009  046  031  077  061 -019  091 068 287 146 319 488 569 631 592 FA
 070  041  047  042  093  035  046  042 199 200 289 204 505 600 637 582 FA
 027  098  033  010  046  038  088  011 063 145 249 222 471 579 634 624 FA
-030  034 -006 -019  024  002  014 -074 159 459 318 250 468 577 588 588 MA
 048  024  014 -044  063  040 -043  013 042 400 109 115 500 620 624 624 MA
 017  096  046 -034  090  055 -027  054 224 207 544 366 468 549 631 586 MA
-035  039  011 -012  039  052 -029 -014 117 334 178 498 413 531 618 533 MA
-004  032  027  012  019  057  011  042 079 085 096 387 508 533 605 600 MA
 028  031  043  026 -015  063 -034  011 130 208 443 227 464 539 610 578 MA
-009  044  030  048 -020  013 -035  026 027 549 248 310 514 582 622 595 MA
 006  006 -043 -007 -062 -020  019 -038 132 277 208 251 480 597 620 590 MA
-081 -018 -073 -021 -120 -018      -094 109 475 354 205 470 560 621 580 MA
-097 -020 -085 -039 -131 -124      -060 009 192 215 193 506 542 607 622 MA
                                        116 199 304 275 523 569 596 558 MA
                                        216 080 194 137 487 524 600 568 MA
                                        040 140 150 276 484 568 610 543 MA
                                        103 393 335 292 472 545 604 598 MA
                                        047 122 277 114 519 594 615 571 MA
                                        175 191 289 219 450 551 624 546 MA
                                        103 121 442 206 447 527 611 593 MA
                                        089 202 290 200 420 536 597 586 MA
                                        193 240 391 312 536 563 601 566 FM
                                        121 330 048 165 454 556 634 608 FM
                                        028 286 135 134 498 578 621 601 FM
                                        163 245 427 329 480 608 667 594 FM
                                        195 189 022 119 520 542 608 598 FM
                                        169 133 228 128 508 518 620 598 FM
                                        134 173 253 208 503 588 643 570 FM
                                        386 069 210 211 537 598 620 566 FM
                                        071 198 571 140 528 559 634 582 FM
                                        106 270 803 369 494 542 637 560 FM
                                        153 164 198 148 500 560 590 550 FM
                                        138 339 329 081 490 560 590 610 FM
                                        129 379 334 429 500 580 610 610 FM
                                        215 254 351 133 470 540 600 590 FM
                                        081 170 243 383 470 570 620 600 FM
                                        020 256 573 318 470 560 600 580 FM
                                        151 244 272 194 510 560 610 530 FM
                                        066 299 165 298 460 540 610 590 FM
                                        170 076 186 138 500 540 630 560 FM
                                        148 078 418 172 500 560 610 580 FM
                                        034 167 429 319 480 540 610 550 FM
                                        082 202 321 264 450 600 600 560 FM
                                        341 207 311 137 500 560 610 610 FM
                                        299 168 328 259 480 600 610 570 FM
                                        127 422 085 142 470 530 650 600 FM
