STAND 2, SURVEY DATE: 06 Aug 2005, OBSERVER: G.H. La Roi<1), ROWS:0,2,4,6,8,  DATA ENTRY: 13 Dec 2011 <Notes: GHLR used soil thermometer Old#1; start 1535h finish 1845hmdt; Birds: CONI,BCCH;
tiny striped frog 2 cm long; several PIBA blown down in Q8G; VAMY partially defoliated; some yellowing of MACA leaves; NBLR=recorder>

QUAD  0A    0C    0E    0G    0I    2I    2G    2E    2C    2A    4A    4C    4E    4G    4I    6I    6G    6E    6C    6A    8A    8C    8E    8G    8I    4a    4c    4e    4g    4i

PIBA   2.0   4.0   0.5  12.0  16.0  24.0  17.0   7.0  19.0  20.0   1.0  18.0  15.0   6.0   0.0   3.0  15.0  20.0  18.0  23.0  22.0  17.0  10.0  13.0  13.0
PIGL   0.0   0.0   0.0   0.0   0.0   0.5   0.0   0.0   0.0   0.0   0.0   0.0   3.0   0.0   0.0   0.0   0.0   0.0   0.0   0.0   1.0   0.0   0.0   0.0   0.0
POTR   0.1   0.0   0.0   0.0   0.0   0.0   0.0   0.0   0.0   0.0   0.0   0.0   0.0   0.0   0.0   0.0   0.0   0.0   0.0   0.0   0.0   0.0   0.0   0.0   0.0
ALCR   0.0   0.0  14.0   1.0  11.0   6.0  15.0   0.0  13.0   4.0   0.0   6.0   8.0   0.0  13.0   3.0   0.0   3.0   8.0   7.0  13.0   6.0   3.0   7.0   2.0
AMAL   0.5   2.0   0.1   0.5   2.0   1.0   0.1   3.0   0.0   0.0   1.0   0.1   1.0   0.0   1.0   2.0   0.5   2.0   0.5   2.0   0.0   1.0   2.0   5.0   0.0
ARUV  10.0  18.0   6.0  17.0   7.0   5.0   3.0   6.0   5.0   3.0  24.0   8.0   5.0  14.0   7.0  12.0  13.0   4.0   2.0   2.0   0.5   2.0   0.5   0.5   4.0
PRPE   0.0   0.0   0.1   0.0   0.1   0.1   0.1   1.0   0.1   0.0   0.0   0.01  0.5   0.0   0.0   1.0   0.1   0.0   0.01  0.0   0.0   1.0   0.0   0.0   0.01
ROAC   0.5   2.0   2.0   0.5   3.0   2.0   4.0   3.0   4.0   1.0   1.0   3.0   3.0   1.0   0.5   1.0   2.0   2.0   7.0   4.0   3.0   2.0   2.0   2.0   2.0
ROWO   0.0   0.0   0.0   0.0   0.0   0.0   0.0   0.0   0.0   0.0   0.0   0.0   0.0   0.0   0.0   0.0   0.0   0.0   0.0   0.0   0.0   0.0   0.0   0.0   0.0
RUID   0.0   0.0   0.0   0.0   0.0   0.0   0.1   0.0   1.0   0.0   0.0   0.0   0.0   0.0   0.0   0.0   0.0   0.0   0.0   0.0   0.0   0.1   0.5   5.0   0.0
SABE   0.0   0.0   0.0   0.0   3.0   0.0   0.0   0.0   0.0   0.0   0.0   0.0   0.0   0.0   0.0   0.0   0.0   0.0   0.0   0.0   0.0   0.0   0.0   0.0   0.0
SHCA   8.0   3.0   0.0   0.0   0.0   2.0   0.0   2.0   3.0   4.0   6.0   1.0   2.0   0.0   0.0   0.0   0.0   0.0   0.0   0.0   0.0   0.0   0.0   0.0   0.0
SYAL   0.0   0.0   1.0   0.0   0.0   0.0   0.0   0.0   0.0   0.0   0.0   0.0   0.0   0.0   0.0   0.0   0.0   0.0   0.0   0.0   0.0   0.0   0.0   0.0   0.0
ANMU   0.01  0.01  0.5   0.1   0.0   0.0   0.0   0.01  0.0   0.01  0.1   0.0   0.5   0.1   0.0   0.1   0.1   0.0   0.01  0.0   0.0   0.0   0.01  0.0   0.1
ANPA   0.01  0.0   0.0   0.0   0.0   0.0   0.0   0.0   0.0   0.0   0.0   0.0   0.0   0.0   0.0   0.0   0.0   0.0   0.0   0.0   0.0   0.0   0.0   0.0   0.01
ARNU   1.0   0.0   0.0   0.0   0.0   4.0   0.0   0.0   0.0   0.0   0.0   0.0   0.0   0.5   2.0   2.0   1.0   0.0   0.0   0.0   1.0   3.0   5.0   8.0   3.0
ASLA   0.1   0.1   0.5   0.5   0.0   0.1   0.0   0.1   0.0   0.5   2.0   1.0   0.1   0.1   1.0   1.0   1.0   1.0   0.5   0.1   0.0   0.0   0.5   0.5   1.0

QUAD  0A    0C    0E    0G    0I    2I    2G    2E    2C    2A    4A    4C    4E    4G    4I    6I    6G    6E    6C    6A    8A    8C    8E    8G    8I    4a    4c    4e    4g    4i
CARO   0.01  0.0   0.01  0.01  0.01  0.0   0.0   0.01  0.0   0.01  0.01  0.0   0.0   0.01  0.01  0.01  0.01  0.0   0.01  0.01  0.0   0.0   0.0   0.0   0.01
ERGL   0.0   0.0   0.0   0.0   0.0   0.01  0.0   0.0   0.0   0.0   0.01  0.0   0.0   0.0   0.0   0.0   0.0   0.0   0.1   0.0   0.0   0.0   0.0   0.0   0.0
GABO   0.5   0.1   0.5   0.1   0.0   0.1   0.01  0.1   0.1   0.1   1.0   0.1   0.1   1.0   0.1   1.0   0.5   0.1   0.1   0.5   0.0   0.1   0.5   0.0   0.5
GELI   0.1   0.0   0.0   0.1   1.0   0.5   0.1   0.1   2.0   0.5   0.0   0.5   0.5   0.5   0.1   0.0   0.0   1.0   0.5   2.0   0.5   1.0   0.5   0.5   0.1
HIUM   0.1   0.0   0.1   0.0   0.0   0.0   0.0   0.0   0.0   0.0   0.0   0.0   0.0   0.01  1.0   0.0   0.1   0.0   0.0   0.0   0.0   0.0   0.01  0.0   0.0
LIBO   2.0   0.0   0.0   0.5   0.5   3.0   3.0   2.0   2.0   1.0   0.0   0.5   0.5   2.0   2.0   0.0   2.0   1.0   0.0   1.0   0.0   2.0   1.0   2.0   0.0
LIPH   0.0   0.0   0.0   0.0   0.0   0.0   0.0   0.0   0.0   0.0   0.0   0.0   0.0   0.0   0.0   0.0   0.0   0.0   0.0   0.0   0.0   0.0   0.0   0.01  0.0
MELI   1.0   3.0   0.5   2.0   0.0   0.1   0.0   0.0   0.01  0.5   1.0   1.0   0.5   0.5   0.5   1.0   1.0   1.0   0.1   0.5   0.01  0.1   0.1   0.0   0.0
ORSE   0.0   0.0   0.0   0.0   0.5   0.0   0.0   0.0   0.0   0.0   0.0   0.0   0.0   0.0   0.0   0.0   0.0   0.0   0.0   0.0   0.0   0.1   0.0   0.0   0.0
PYCH   0.01  0.0   0.0   0.0   0.0   0.0   0.0   0.01  0.0   0.0   0.0   0.0   0.0   0.0   0.0   0.0   0.0   0.01  0.0   0.01  0.1   0.0   0.0   0.0   0.0
SOSP   0.0   0.0   0.0   0.01  0.0   0.0   0.0   0.0   0.0   0.0   0.1   1.0   0.0   0.0   0.0   0.0   0.0   0.0   0.0   0.01  0.0   0.0   0.0   0.0   0.0
VIAD   0.01  0.0   0.0   0.0   0.0   0.1   0.01  0.0   0.0   0.1   0.0   0.1   0.0   0.01  0.01  0.1   0.01  0.0   0.0   0.0   0.0   0.0   0.0   0.0   0.0
CXSI   0.0   0.0   0.0   0.0   0.01  0.0   0.0   0.1   0.0   0.0   0.0   0.1   0.0   0.0   0.0   0.0   0.0   0.1   0.01  0.01  0.0   0.01  0.0   0.0   0.0
CXRI   0.1   0.0   0.0   0.0   0.0   0.0   0.0   0.0   0.0   0.0   0.0   0.1   0.0   0.0   0.0   0.0   0.0   0.0   0.0   0.0   0.0   0.0   0.0   0.0   0.0
ELGL   0.0   0.0   0.0   0.0   0.0   0.0   0.0   0.0   0.0   0.0   0.0   0.0   0.0   0.0   0.0   0.0   0.0   0.0   0.0   0.0   0.0   0.0   0.0   0.0   0.0
ELIN   0.01  0.01  0.5   0.0   1.0   0.5   0.0   0.0   0.0   0.1   0.0   0.1   0.1   0.1   0.1   0.0   0.1   0.0   0.5   0.5   1.0   0.5   0.1   0.5   0.01
ORAS   0.1   0.01  0.0   0.01  0.0   0.01  0.01  0.01  0.0   0.0   0.01  0.0   0.01  0.1   0.5   0.5   0.5   0.0   0.0   0.0   0.0   0.0   0.0   0.1   0.1
ORPU   0.01  0.01  0.1   0.01  0.01  0.0   0.0   0.01  0.01  0.1   0.01  0.01  0.01  0.01  0.01  0.1   0.01  0.0   0.01  0.0   0.0   0.0   0.01  0.0   0.01
EQAR   0.0   0.0   0.0   0.0   0.0   0.0   0.0   0.0   0.0   0.01  0.0   0.0   0.0   0.0   0.0   0.0   0.0   0.0   0.0   0.0   0.0   0.0   0.0   0.0   0.0
EQVA   0.01  0.0   0.0   0.0   0.0   0.0   0.0   0.0   0.0   0.01  0.0   0.01  0.0   0.0   0.01  0.01  0.0   0.0   0.01  0.0   0.0   0.0   0.0   0.01  0.01
LYCO   0.0   0.0   0.0   0.0   0.0   0.0   0.0   0.0   0.0   0.0   0.0   0.0   0.0   0.0   0.0   3.0   0.0   0.0   0.0   0.0   0.0   0.0   1.0   2.0   1.0

QUAD  0A    0C    0E    0G    0I    2I    2G    2E    2C    2A    4A    4C    4E    4G    4I    6I    6G    6E    6C    6A    8A    8C    8E    8G    8I    4a    4c    4e    4g    4i
VAMY   1.0   0.0   0.5   0.0   0.01  0.5   2.0   4.0   2.0   2.0   2.0   0.1   3.0   0.5   0.1   3.0   1.0   2.0   1.0   2.0   0.1   0.0   1.0   5.0  10.0
VAVI   8.0  13.0   8.0  13.0   4.0   8.0   4.0   4.0   3.0   3.0   7.0   4.0   3.0  12.0   4.0   5.0   8.0   2.0   3.0   2.0   3.0   2.0   2.0   1.0   7.0
MACA   1.0   0.5   4.0   0.5   1.0   1.0   1.0   2.0   1.0   3.0   0.5   0.1   3.0   2.0   1.0   4.0   2.0   4.0   2.0   1.0   0.1   1.0   1.0   2.0   4.0
LAOC   0.5   0.0   0.1   0.0   0.0   0.0   0.0   0.0   0.0   0.0   0.0   0.0   0.0   0.0   0.0   0.0   0.0   0.0   0.0   0.0   0.0   0.0   0.0   0.0   0.0
FESA   0.0   0.0   0.0   0.0   0.0   0.0   0.0   0.0   0.0   0.0   0.0   0.0   0.0   0.0   0.0   0.0   0.0   0.0   0.0   0.0   0.0   0.0   0.0   0.0   0.0
AGSU   0.0   0.0   0.0   0.0   0.0   0.0   0.0   0.0   0.0   0.0   0.0   0.0   0.0   0.0   0.0   0.0   0.0   0.0   0.0   0.0   0.0   0.0   0.0   0.0   0.0
EPAN   0.0   0.0   0.0   0.0   0.0   0.0   0.0   0.0   0.0   0.0   0.0   0.0   0.0   0.0   0.0   0.0   0.0   0.0   0.0   0.0   0.0   0.0   0.0   0.0   0.0
AGSC   0.0   0.0   0.0   0.0   0.0   0.0   0.0   0.0   0.0   0.0   0.0   0.0   0.0   0.0   0.0   0.0   0.0   0.0   0.0   0.0   0.0   0.0   0.0   0.0   0.0
SCPU   0.0   0.0   0.1   0.0   0.0   0.0   0.0   0.0   0.0   0.0   0.0   0.0   0.0   0.0   0.0   0.0   0.1   0.0   0.0   0.0   0.0   0.0   0.0   0.0   0.0
LYAN   0.0   0.0   0.0   0.0   0.0   0.0   0.0   0.0   0.0   0.0   0.0   0.0   0.0   0.0   0.0   0.0   0.0   0.0   0.0   0.0   0.0   0.1   0.0   0.0   0.0
temp  73.0  70.0  63.0  69.0  67.0  63.0  65.0  68.0  65.0  68.0  69.0  67.0  68.0  67.0  65.0  66.0  67.0  68.0  65.0  68.0  63.0  62.0  63.0  64.0  67.0
