STAND 2, SURVEY DATE: 2 Aug 1990, OBSERVER: G.H. La Roi (# ), ROWS: 0,2,4,6,8, DATA ENTRY: 17 Oct 1995

QUAD  0A    0C	  0E	0G    0I    2I	  2G	2E    2C    2A	  4A	4C    4E    4G	  4I	6I    6G    6E	  6C	6A    8A    8C	  8E	8G    8I    4a	  4c	4e    4g    4i

PIBA   0.5   3.0   0.5	 8.0  20.0  21.0  14.0	 9.0  14.0  10.0   2.0	12.0  13.0  14.0   0.0	 3.0   9.0  15.0  17.0	17.0  17.0  13.0   7.0	12.0   6.0
PIGL   0.0   0.0   0.0	 0.0   0.0   0.01  0.0	 0.0   0.0   0.0   0.0	 0.0   2.0   0.0   0.0	 0.0   0.0   0.0   0.0	 0.0   0.1   0.0   0.0	 0.0   0.0
POTR   0.5   0.0   0.0	 0.0   0.0   0.0   0.0	 0.0   0.0   0.0   0.0	 0.0   0.0   0.0   0.0	 0.0   0.0   0.0   0.0	 0.0   0.0   0.0   0.0	 0.0   0.0
ALCR   0.0   0.0   8.0	 0.0  10.0   7.0  14.0	10.0   0.0   2.0   0.0	 3.0   5.0   0.0   4.0	 2.0   0.0   3.0   9.0	 8.0   7.0   4.0   3.0	10.0   0.5
AMAL   1.0   2.0   0.5	 1.0   1.0   0.5   0.0	 2.0   0.0   0.1   1.0	 0.5   0.5   0.0   0.5	 2.0   0.0   1.0   0.5	 0.1   0.0   0.5   2.0	 9.0   0.0
ARUV  18.0  26.0  13.0	41.0   4.0   8.0  10.0	 6.0   4.0   8.0  34.0	 3.0  13.0  28.0   2.0	20.0  24.0   3.0   5.0	 2.0   0.5   0.5   3.0	 6.0  15.0
PRPE   0.0   0.0   0.5	 0.0   0.5   0.5   0.0	 1.0   1.0   0.0   0.0	 1.0   0.0   0.0   0.0	 1.0   0.0   0.0   0.5	 0.0   0.0   0.5   0.0	 0.0   0.5
ROAC   2.0   3.0   2.0	 1.0   2.0   2.0   2.0	 1.0   3.0   1.0   3.0	 2.0   0.5   0.0   0.5	 2.0   3.0   3.0   4.0	 4.0   3.0   4.0   3.0	 3.0   5.0
ROWO   0.0   0.0   1.0	 0.0   0.0   0.0   0.0	 2.0   0.0   0.0   1.0	 2.0   3.0   2.0   0.0	 0.0   0.5   1.0   0.1	 0.0   0.0   0.0   0.5	 0.0   0.0
RUID   0.0   0.0   0.0	 0.0   0.0   0.0   0.5	 0.0   1.0   0.0   0.0	 0.0   0.0   0.0   0.0	 0.0   0.0   0.0   0.0	 0.0   0.0   0.1   0.1	 1.0   0.0
SABE   0.0   0.0   0.0	 0.0   2.0   0.0   0.0	 0.0   0.0   0.0   0.0	 0.0   0.0   0.0   1.0	 0.0   0.0   0.0   0.0	 0.0   0.0   0.0   0.0	 0.0   0.0
SHCA   3.0   1.0   0.0	 0.0   0.0   0.5   0.0	12.0   1.0   1.0   2.0	 2.0   0.0   0.0   0.1	 0.0   0.0   0.0   0.0	 0.0   0.0   0.0   0.0	 0.0   0.0
SYAL   0.0   0.0   0.1	 0.0   0.0   0.0   0.0	 0.0   0.0   0.0   0.0	 0.0   0.0   0.0   0.0	 0.0   0.0   0.0   0.0	 0.0   0.0   0.0   0.0	 0.0   0.0
ANMU   0.1   0.0   0.1	 0.01  0.0   0.0   0.0	 0.1   0.1   0.0   0.1	 0.0   0.5   0.01  0.0	 0.1   0.1   0.01  0.01  0.1   0.0   0.0   0.0	 0.0   0.1
ANPA   0.1   0.1   0.5	 0.01  0.1   0.0   0.0	 0.1   0.1   0.5   0.1	 0.0   0.01  0.1   0.0	 0.1   0.1   0.01  0.0	 0.0   0.0   0.0   0.1	 0.1   0.1
ARNU   0.1   0.0   0.0	 0.0   0.1   3.0   0.0	 0.0   0.0   0.0   0.0	 0.0   0.0   0.0   1.0	 0.0   0.0   0.0   0.0	 0.0   2.0   5.0   5.0	 6.0   0.1
ASLA   1.0   1.0   2.0	 0.5   0.0   0.5   0.1	 1.0   0.1   1.0   1.0	 1.0   0.5   0.5   1.0	 2.0   1.0   0.5   0.1	 0.5   0.0   0.0   0.5	 0.5   2.0

QUAD  0A    0C	  0E	0G    0I    2I	  2G	2E    2C    2A	  4A	4C    4E    4G	  4I	6I    6G    6E	  6C	6A    8A    8C	  8E	8G    8I    4a	  4c	4e    4g    4i
CARO   0.01  0.0   0.01  0.01  0.01  0.01  0.01  0.01  0.0   0.01  0.01  0.0   0.01  0.01  0.01  0.01  0.0   0.01  0.0	 0.01  0.01  0.0   0.01  0.0   0.1
ERGL   0.1   0.1   0.1	 0.0   0.1   0.1   0.0	 0.1   0.1   0.1   0.5	 0.0   0.0   0.1   0.5	 0.5   0.5   0.0   0.5	 0.1   0.0   0.0   0.0	 0.0   0.0
GABO   0.1   0.1   0.5	 0.01  0.0   0.1   0.1	 0.0   0.1   0.1   0.5	 0.1   0.01  0.5   0.1	 0.5   0.5   0.01  0.1	 0.01  0.0   0.0   0.1	 0.1   0.5
GELI   0.01  0.0   0.0	 0.0   0.5   0.5   0.5	 0.0   2.0   0.0   0.0	 0.01  0.5   1.0   0.5	 0.5   0.1   0.5   0.01  0.0   2.0   0.5   0.5	 0.5   0.0
HIUM   0.01  0.0   0.0	 0.0   0.0   0.0   0.0	 0.0   0.0   0.0   0.0	 0.0   0.0   0.0   0.1	 0.01  0.0   0.0   0.0	 0.0   0.0   0.0   0.1	 0.1   0.0
LIBO   2.0   0.0   0.0	 0.1   1.0   4.0   2.0	 4.0   1.0   0.5   0.0	 0.0   2.0   1.0   1.0	 0.0   0.5   0.5   0.5	 0.0   0.5   1.0   3.0	 7.0   1.0
LIPH   0.0   0.0   0.0	 0.0   0.0   0.0   0.0	 0.0   0.0   0.0   0.0	 0.0   0.0   0.0   0.0	 0.0   0.0   0.0   0.0	 0.0   0.0   0.0   0.0	 0.01  0.0
MELI   2.0   2.0   2.0	 0.0   0.0   0.1   0.0	 0.0   0.5   1.0   0.5	 1.0   0.5   1.0   1.0	 1.0   0.5   0.1   0.0	 0.01  0.1   0.1   0.0	 0.0   0.0
ORSE   0.0   0.0   0.0	 0.0   0.1   0.1   0.0	 0.1   0.1   0.0   0.0	 0.0   0.0   0.0   0.0	 0.0   0.0   0.0   0.0	 0.0   0.0   0.1   0.0	 0.0   0.0
PYCH   0.1   0.0   0.1	 0.1   0.0   0.1   0.0	 0.0   0.0   0.1   0.1	 0.0   0.1   0.0   0.1	 0.1   0.0   0.1   0.0	 0.1   0.5   0.01  0.0	 0.0   0.0
SOSP   0.1   0.1   0.01  0.1   0.0   0.0   0.0	 0.0   0.0   0.5   0.5	 1.0   0.0   0.1   0.1	 0.1   0.1   0.1   0.5	 0.5   0.0   0.0   0.0	 0.0   0.0
VIAD   0.1   0.0   0.1	 0.01  0.0   0.0   0.1	 0.1   0.1   0.1   0.1	 0.01  0.01  0.0   0.0	 0.0   0.0   0.0   0.0	 0.0   0.0   0.0   0.0	 0.0   0.0
CXSI   0.0   0.0   0.0	 0.0   0.01  0.0   0.0	 0.01  0.0   0.0   0.0	 0.1   0.0   0.0   0.0	 0.0   0.0   0.0   0.01  0.1   0.01  0.01  0.0	 0.0   0.0
CXRI   0.5   0.1   0.1	 0.1   0.01  0.0   0.01  0.0   0.01  0.1   0.5	 0.5   0.01  0.1   0.5	 0.1   0.1   0.01  0.01  0.0   0.0   0.0   0.0	 0.0   0.1
ELGL   0.0   0.0   0.0	 0.0   0.0   0.0   0.0	 0.0   0.0   0.0   0.0	 0.01  0.0   0.0   0.0	 0.0   0.0   0.0   0.0	 0.0   0.0   0.0   0.0	 0.0   0.0
ELIN   0.0   0.01  0.1	 0.01  0.5   0.5   0.0	 0.0   0.1   0.01  0.01  0.01  0.5   0.1   0.01  0.0   0.1   0.0   0.5	 0.1   1.0   0.5   0.5	 0.5   0.0
ORAS   0.01  0.0   0.01  0.0   0.0   0.0   0.0	 0.01  0.0   0.01  0.0	 0.01  0.01  0.0   0.01  0.5   0.1   0.01  0.01  0.01  0.0   0.0   0.0	 0.0   0.1
ORPU   0.01  0.01  0.1	 0.01  0.01  0.01  0.01  0.1   0.01  0.1   0.1	 0.1   0.01  0.01  0.1	 0.1   0.01  0.01  0.01  0.01  0.0   0.0   0.01  0.01  0.01
EQAR   0.0   0.0   0.0	 0.0   0.0   0.0   0.0	 0.0   0.0   0.0   0.0	 0.0   0.0   0.0   0.0	 0.0   0.0   0.0   0.0	 0.0   0.01  0.0   0.0	 0.0   0.0
EQVA   0.0   0.01  0.01  0.0   0.0   0.0   0.0	 0.0   0.0   0.01  0.01  0.01  0.0   0.0   0.01  0.01  0.01  0.01  0.0	 0.0   0.0   0.0   0.01  0.01  0.01
LYCO   0.0   0.0   0.0	 0.0   0.0   0.0   0.0	 0.0   0.0   0.0   0.0	 0.0   0.0   0.0   0.0	 1.0   0.0   0.0   0.0	 0.0   0.0   0.0   0.5	 0.5   0.0

QUAD  0A    0C	  0E	0G    0I    2I	  2G	2E    2C    2A	  4A	4C    4E    4G	  4I	6I    6G    6E	  6C	6A    8A    8C	  8E	8G    8I    4a	  4c	4e    4g    4i
VAMY   1.0   0.0   0.5	 0.0   0.0   0.1   2.0	 4.0   1.0   2.0   2.0	 0.0   2.0   1.0   0.5	 4.0   2.0   2.0   0.5	 1.0   0.0   0.0   1.0	 6.0   8.0
VAVI  12.0  15.0   4.0	 2.0   2.0   7.0   6.0	12.0   3.0   4.0   1.0	 1.0   6.0  10.0   0.5	 6.0  12.0   2.0   0.5	 0.5   5.0   4.0   3.0	 5.0   6.0
MACA   2.0   0.1   4.0	 0.5   1.0   6.0   4.0	 3.0   3.0   2.0   0.0	 0.1   1.0   1.0   0.5	 9.0   1.0   4.0   2.0	 0.5   0.5   2.0   7.0	 6.0  11.0
LAOC   0.0   0.0   0.5	 0.0   0.0   0.0   0.0	 0.0   0.0   0.0   0.0	 0.0   0.0   0.0   0.0	 0.0   0.0   0.0   0.0	 0.0   0.0   0.0   0.0	 0.0   0.0
FESA   0.0   0.0   0.0	 0.0   0.0   0.0   0.0	 0.0   0.0   0.0   0.0	 0.0   0.0   0.0   0.0	 0.0   0.0   0.0   0.0	 0.0   0.0   0.0   0.0	 0.0   0.0
AGSU   0.0   0.0   0.0	 0.0   0.0   0.0   0.0	 0.0   0.0   0.0   0.01  0.0   0.0   0.0   0.0	 0.0   0.0   0.0   0.0	 0.0   0.0   0.0   0.0	 0.0   0.0
temp  56    56	  56	56    56    55	  55	56    57    57	  57	58    57    58	  58	59    59    59	  59	58    57    58	  58	57    58
