STAND 2, 30 JUN 1986, OBSERVER:R.A. ELLIS (#2), ROWS:0,8,  DATA ENTRY: 24 OCT 1994

QUAD  0A    0C	  0E	0G    0I    2I	  2G	2E    2C    2A	  4A	4C    4E    4G	  4I	6I    6G    6E	  6C	6A    8A    8C	  8E	8G    8I    4a	  4c	4e    4g    4i

PIBA   0.1   1.0   0.5	 6.0  12.0   0.0   0.0	 0.0   0.0   0.0   0.0	 0.0   0.0   0.0   0.0	 0.0   0.0   0.0   0.0	 0.0  15.0  15.0   6.0	 7.0   3.0
PIGL   0.0   0.0   0.0	 0.0   0.0   0.0   0.0	 0.0   0.0   0.0   0.0	 0.0   0.0   0.0   0.0	 0.0   0.0   0.0   0.0	 0.0   0.01  0.0   0.0	 0.0   0.0
POTR   0.1   0.0   0.0	 0.0   0.0   0.0   0.0	 0.0   0.0   0.0   0.0	 0.0   0.0   0.0   0.0	 0.0   0.0   0.0   0.0	 0.0   0.0   0.0   0.0	 0.0   0.0
ALCR   0.0   0.0   7.0	 0.0  12.0   0.0   0.0	 0.0   0.0   0.0   0.0	 0.0   0.0   0.0   0.0	 0.0   0.0   0.0   0.0	 0.0   7.0   4.0   4.0	 6.0   0.0
AMAL   0.5   0.5   0.0	 0.1   0.5   0.0   0.0	 0.0   0.0   0.0   0.0	 0.0   0.0   0.0   0.0	 0.0   0.0   0.0   0.0	 0.0   0.0   0.1   2.0	 3.0   0.0
ARUV  20.0  35.0  10.0	40.0   3.0   0.0   0.0	 0.0   0.0   0.0   0.0	 0.0   0.0   0.0   0.0	 0.0   0.0   0.0   0.0	 0.0   0.5   0.5   3.0	 2.0  10.0
PRPE   0.0   0.0   0.5	 0.0   0.5   0.0   0.0	 0.0   0.0   0.0   0.0	 0.0   0.0   0.0   0.0	 0.0   0.0   0.0   0.0	 0.0   0.0   0.5   0.1	 0.0   0.1
ROAC   2.0   2.0   2.0	 1.0   1.0   0.0   0.0	 0.0   0.0   0.0   0.0	 0.0   0.0   0.0   0.0	 0.0   0.0   0.0   0.0	 0.0   3.0   5.0   3.0	 3.0   2.0
ROWO   0.0   0.0   0.0	 0.0   0.0   0.0   0.0	 0.0   0.0   0.0   0.0	 0.0   0.0   0.0   0.0	 0.0   0.0   0.0   0.0	 0.0   0.0   0.0   0.0	 0.0   0.0
RUID   0.0   0.0   0.0	 0.0   0.0   0.0   0.0	 0.0   0.0   0.0   0.0	 0.0   0.0   0.0   0.0	 0.0   0.0   0.0   0.0	 0.0   0.0   0.1   0.1	 1.0   0.0
SABE   0.0   0.0   0.0	 0.0   0.0   0.0   0.0	 0.0   0.0   0.0   0.0	 0.0   0.0   0.0   0.0	 0.0   0.0   0.0   0.0	 0.0   0.0   0.0   0.0	 0.0   0.0
SHCA   2.0   0.1   0.0	 0.0   0.0   0.0   0.0	 0.0   0.0   0.0   0.0	 0.0   0.0   0.0   0.0	 0.0   0.0   0.0   0.0	 0.0   0.0   0.0   0.0	 0.0   0.0
SYAL   0.0   0.0   0.0	 0.0   0.0   0.0   0.0	 0.0   0.0   0.0   0.0	 0.0   0.0   0.0   0.0	 0.0   0.0   0.0   0.0	 0.0   0.0   0.0   0.0	 0.0   0.0
ANMU   0.1   0.1   0.5	 0.1   0.1   0.0   0.0	 0.0   0.0   0.0   0.0	 0.0   0.0   0.0   0.0	 0.0   0.0   0.0   0.0	 0.0   0.01  0.0   0.1	 0.0   0.1
ANPA   0.01  0.0   0.1	 0.1   0.0   0.0   0.0	 0.0   0.0   0.0   0.0	 0.0   0.0   0.0   0.0	 0.0   0.0   0.0   0.0	 0.0   0.0   0.0   0.1	 0.1   0.1
ARNU   0.0   0.0   0.0	 0.0   0.0   0.0   0.0	 0.0   0.0   0.0   0.0	 0.0   0.0   0.0   0.0	 0.0   0.0   0.0   0.0	 0.0   1.0   3.0   4.0	 3.0   0.0
ASLA   0.5   0.5   2.0	 0.5   0.0   0.0   0.0	 0.0   0.0   0.0   0.0	 0.0   0.0   0.0   0.0	 0.0   0.0   0.0   0.0	 0.0   0.0   0.0   0.0	 0.0   2.0

QUAD  0A    0C	  0E	0G    0I    2I	  2G	2E    2C    2A	  4A	4C    4E    4G	  4I	6I    6G    6E	  6C	6A    8A    8C	  8E	8G    8I    4a	  4c	4e    4g    4i
CARO   0.01  0.0   0.01  0.0   0.01  0.0   0.0	 0.0   0.0   0.0   0.0	 0.0   0.0   0.0   0.0	 0.0   0.0   0.0   0.0	 0.0   0.0   0.0   0.01  0.01  0.01
ERGL   0.0   0.01  0.1	 0.1   0.1   0.0   0.0	 0.0   0.0   0.0   0.0	 0.0   0.0   0.0   0.0	 0.0   0.0   0.0   0.0	 0.0   0.0   0.0   0.0	 0.0   0.1
GABO   0.5   0.01  0.5	 0.1   0.01  0.0   0.0	 0.0   0.0   0.0   0.0	 0.0   0.0   0.0   0.0	 0.0   0.0   0.0   0.0	 0.0   0.0   0.0   0.1	 0.1   0.1
GELI   0.1   0.0   0.0	 0.0   0.0   0.0   0.0	 0.0   0.0   0.0   0.0	 0.0   0.0   0.0   0.0	 0.0   0.0   0.0   0.0	 0.0   3.0   1.0   1.0	 0.1   0.01
HIUM   0.01  0.0   0.0	 0.0   0.0   0.0   0.0	 0.0   0.0   0.0   0.0	 0.0   0.0   0.0   0.0	 0.0   0.0   0.0   0.0	 0.0   0.0   0.0   0.1	 0.01  0.0
LIBO   0.5   0.0   0.0	 0.1   0.5   0.0   0.0	 0.0   0.0   0.0   0.0	 0.0   0.0   0.0   0.0	 0.0   0.0   0.0   0.0	 0.0   0.0   1.0   2.0	 4.0   0.5
LIPH   0.0   0.0   0.0	 0.0   0.0   0.0   0.0	 0.0   0.0   0.0   0.0	 0.0   0.0   0.0   0.0	 0.0   0.0   0.0   0.0	 0.0   0.0   0.0   0.0	 0.0   0.0
MELI   0.1   0.1   0.1	 0.0   0.0   0.0   0.0	 0.0   0.0   0.0   0.0	 0.0   0.0   0.0   0.0	 0.0   0.0   0.0   0.0	 0.0   0.0   0.0   0.0	 0.0   0.0
ORSE   0.0   0.0   0.0	 0.0   0.1   0.0   0.0	 0.0   0.0   0.0   0.0	 0.0   0.0   0.0   0.0	 0.0   0.0   0.0   0.0	 0.0   0.0   0.1   0.0	 0.1   0.0
PYCH   0.01  0.0   0.1	 0.01  0.0   0.0   0.0	 0.0   0.0   0.0   0.0	 0.0   0.0   0.0   0.0	 0.0   0.0   0.0   0.0	 0.0   0.1   0.0   0.0	 0.01  0.0
SOSP   0.1   0.1   0.01  0.1   0.01  0.0   0.0	 0.0   0.0   0.0   0.0	 0.0   0.0   0.0   0.0	 0.0   0.0   0.0   0.0	 0.0   0.0   0.0   0.0	 0.0   0.1
VIAD   0.01  0.1   0.1	 0.1   0.0   0.0   0.0	 0.0   0.0   0.0   0.0	 0.0   0.0   0.0   0.0	 0.0   0.0   0.0   0.0	 0.0   0.0   0.0   0.0	 0.0   0.1
CXSI   0.0   0.0   0.0	 0.0   0.01  0.0   0.0	 0.0   0.0   0.0   0.0	 0.0   0.0   0.0   0.0	 0.0   0.0   0.0   0.0	 0.0   0.01  0.0   0.0	 0.01  0.0
CXRI   0.5   0.1   0.1	 0.1   0.1   0.0   0.0	 0.0   0.0   0.0   0.0	 0.0   0.0   0.0   0.0	 0.0   0.0   0.0   0.0	 0.0   0.0   0.0   0.0	 0.1   0.1
ELGL   0.0   0.0   0.0	 0.0   0.0   0.0   0.0	 0.0   0.0   0.0   0.0	 0.0   0.0   0.0   0.0	 0.0   0.0   0.0   0.0	 0.0   0.0   0.0   0.0	 0.0   0.0
ELIN   0.01  0.1   0.1	 0.0   0.1   0.0   0.0	 0.0   0.0   0.0   0.0	 0.0   0.0   0.0   0.0	 0.0   0.0   0.0   0.0	 0.0   0.1   0.1   0.1	 0.1   0.1
ORAS   0.01  0.0   0.01  0.0   0.0   0.0   0.0	 0.0   0.0   0.0   0.0	 0.0   0.0   0.0   0.0	 0.0   0.0   0.0   0.0	 0.0   0.0   0.0   0.0	 0.0   0.0
ORPU   0.1   0.01  0.01  0.01  0.01  0.0   0.0	 0.0   0.0   0.0   0.0	 0.0   0.0   0.0   0.0	 0.0   0.0   0.0   0.0	 0.0   0.0   0.0   0.01  0.01  0.01
EQAR   0.01  0.0   0.0	 0.0   0.0   0.0   0.0	 0.0   0.0   0.0   0.0	 0.0   0.0   0.0   0.0	 0.0   0.0   0.0   0.0	 0.0   0.0   0.0   0.0	 0.0   0.0
EQVA   0.0   0.01  0.0	 0.0   0.0   0.0   0.0	 0.0   0.0   0.0   0.0	 0.0   0.0   0.0   0.0	 0.0   0.0   0.0   0.0	 0.0   0.0   0.0   0.0	 0.01  0.01
LYCO   0.0   0.0   0.0	 0.0   0.0   0.0   0.0	 0.0   0.0   0.0   0.0	 0.0   0.0   0.0   0.0	 0.0   0.0   0.0   0.0	 0.0   0.0   0.0   0.1	 0.0   0.0

QUAD  0A    0C	  0E	0G    0I    2I	  2G	2E    2C    2A	  4A	4C    4E    4G	  4I	6I    6G    6E	  6C	6A    8A    8C	  8E	8G    8I    4a	  4c	4e    4g    4i
temp  61    58	  57	59    59											      53    55	  54	54    56
VAMY   1.0   0.0   0.0	 0.0   0.0   0.0   0.0	 0.0   0.0   0.0   0.0	 0.0   0.0   0.0   0.0	 0.0   0.0   0.0   0.0	 0.0   0.0   0.1   1.0	 5.0   6.0
VAVI   2.0   1.0   3.0	 0.1   2.0   0.0   0.0	 0.0   0.0   0.0   0.0	 0.0   0.0   0.0   0.0	 0.0   0.0   0.0   0.0	 0.0   6.0   5.0   4.0	 4.0   7.0
MACA   1.0   0.1   3.0	 0.1   1.0   0.0   0.0	 0.0   0.0   0.0   0.0	 0.0   0.0   0.0   0.0	 0.0   0.0   0.0   0.0	 0.0   0.0   2.0   4.0	 2.0   3.0
LAOC   0.0   0.0   0.1	 0.0   0.0   0.0   0.0	 0.0   0.0   0.0   0.0	 0.0   0.0   0.0   0.0	 0.0   0.0   0.0   0.0	 0.0   0.0   0.0   0.0	 0.0   0.0
AGSU   0.0   0.0   0.0	 0.0   0.0   0.0   0.0	 0.0   0.0   0.0   0.0	 0.0   0.0   0.0   0.0	 0.0   0.0   0.0   0.0	 0.0   0.0   0.0   0.0	 0.0   0.0

