0A1  0  0  0  0  0  0  0  0  0  0  0  0  0  3  0  0  0  0  0  0  0  0  0  0  0
0A2  0  0  0  0  0  0  0  0  0  0  1  0  1  0  0  0  0  0  2 .5  0  0  0  0  0
0A3  0  0  0 .1  0  0  0  0  0  0  0  0  0  0  0  
0C1  0  0  0  0  0  0  0  0  0  0  0  0  0  1  0  0  0  0  0  0  0  0  0  0  0
0C2  0  0  0  0  0  0  0  0 .5  0  2  0  2  0  0  0  0 .5 10 .5  0  0  0  0  0
0C3  0  0  0  0  0  0  0  0  0  0  0  0  0  0  0  
0E1  0  0  0  0  0  0  0  0  0  0  0  0  0 .5  0  0  0  0  0  0  0  0  0  0  0
0E2  0  0  0  0  0  0  0  0  0  0  2  0  3  0  0  0  0 .5 10 .5  0  0  0  0  0
0E3  0  0  0  0  0  0  0  0  0  0  0  0  0 .1  0
0G1  0  0 .5  0  0  0  0  0  0  0  0  0  0 .5  0  0  0  0  0  0  0  0  0 .1  0
0G2  0  0  0  0  0 .5  0  0 .5  0  5  0  2  0  0  0  0  1  8 .1  0  0  0  0  0
0G3  0  0  0  0  0  0  0  0  0  0  0  0  1  0  0
0I1  0  0  0  0  0  0  0  0  0  0  0  0  0  0  0  0  0  0  0  0  0  0  0  0  0
0I2  0  0  0  0  0  0  0  0 .5  0  6  0  4  0  0  0  0 .5  5 .5  0  0  0  0  0
0I3  0  0  0  0  0  0  0  0  0  0  0  0  5  0  0
4A1  0  0 .5  0  0  0  0  0  0  0  0  0  0 .5  0  0  0  0  0  0  0  0  0  0  0
4A2  0  0  0  0  0  0  0  0 .5  0  3  0  1  0  0  0  0 .5  2 .5  0  0  0 .1  0
4A3  0  0  0  0  0  0  0  0  0  0  0  0  0  0  0
4C1  0  0  0  0  0  0  0  0  0  0  0  0  0  1  0  0  0  0  0  0  0  0  0  0  0
4C2  0  0  0  0  0  0  0  0 .5  0  8  0  2  0  0  0  0  1 .5 .5  0  0  0  0  0
4C3  0  0  0  0  0  0  0  0  0  0  0  0  1  0  0
4E1  0  0 .5  0  0  0  0  0  0  0  0  0  0  3  0  0  0  0  0  0  0  0  0 .1  0
4E2  0  0  0  0  0  0  0  0 .1  0  5  0  2  0  0  0  0  1 .5  0  0  0  0  0  0
4E3  0  0  0  0  0  0  0  0  0  0  0  0  0  0  0
4G1  0  0  0  0  0  0  0  0  0  0  0  0  0  1  0  0  0  0  0  0  0  0  0 .5  0
4G2  0  0  0  0  0  0  0  0  1  0  3  0  2  0  0  0  0 .5  2 .5  0  0  0 .5  0
4G3  0  0  0 .1  0  0  0  0  0  0  0  0  0  0  0
4I1  0  0 .5  0  0  0  0  0  0  0  0  0  0 .5  0  0  0  0  0  0  0  0  0  0  0
4I2  0  0  0  0  0  0  0  0 .5  0  2  0 .5  0  0  0  0 .5  5  0  0  0  0  0  0
4I3  0  0  0  0  0  0  0  0  0  0  0  0 .5  0  0
8A1  0  0  0  0  0  0  0  0  0  0  0  0  0 .5  0  0  0  0  0  0  0  0  0  0  0
8A2  0  0  0  0  0  0  0  0  0  0  1  0  1  0  0  0  0  1  1 .5  0  0  0  0  0
8A3  0  0  0  0  0  0  0  0  0  0  0  0  0  0  0
8C1  0  0  0  0  0  0  0  0  0  0  0  0  0  1  0  0  0  0  0  0  0  0  0  0  0
8C2  0  0  0  0  0  0  0  0 .5  0  1  0  2  0  0  0  0  1  3 .5  0  0  0  0  0
8C3  0  0  0 .1  0  0  0  0  0  0  0  0  1  0  0
8E1  0  0  0  0  0  0  0  0  0  0  0  0  0  0  0  0  0  0  0  0  0  0  0 .1  0
8E2  0  0  0  0  0  0  0  0 .5  0  2  0  3  0  0  0  0 .5  4 .5  0  0  0  0  0
8E3  0  0  0  0  0  0  0  0  0  0  0  0 .5  0  0
8G1  0  0  0  0  0  0  0  0  0  0  0  0  0  0  2  0  0  0  0  0  0  0  0  0  0
8G2  0  0  0  0  0  0  0  0 .5  0  2  0  2  0  0  0  0 .5  1 .5  0  0  0  0  0
8G3  0  0  0  0  0  0  0  0  0  0  0  0  1  0  0
8I1  0  0  0  0  0  0  0  0  0  0  0  0  0  1  0  0  0  0  0  0  0  0  0  0  0
8I2  0  0  0  0  0  0  0  0 .5  0  2  0  2  0  0  0  0  1  3  0  0  0  0  0  0
8I3  0  0  0  0  0  0  0  0  0  0  0  0  0  0  0   
0A1  0  0  0  0  0  0  0  0  0  0  0  0  0 .1  0  0  0  0  0  0  0 .1  0 20  0
0A2  0  0  0  0  0 .5 .5  0 .5  0 .1 .1 10  0  1  0  0  0 15  0  0  0  0  0  0
0A3  0 .1  0 .5  0 .1  0  0 .1  0  0 .1  0  0  0   
0C1  0  0  0  0  0  0  0  0  0  0  0  0 .1 .5  0  0  0  0  0  0  0 .1  0 35  0
0C2  0  0  0  0  0  0 .1  0 .5  0  0  0  5  0 .1  0  0  0 30  0  0  0  0  0  0
0C3  0 .1 .1 .5  0 .1  0  0 .1 .1  0 .1  0  0  0   
0E1  0  0  0  0  0  0  0  0  0  0  0  0  0 .5  0  0  0  0  0  0  0 .1  0 15  0
0E2  0  0  0  0  0  0 .1  0  0  0  0  0  5  0 .5  0  0  0 15  0  0  0 .5  0  0
0E3  0 .1 .1 .5 .1 .1  0  0 .1  0  0 .1 .5  0  0   
0G1  0  0  0  0  0  0  0  0  0  0  0  0  0 .5  0  0  0  0  0  0  0 .5  0 10  0
0G2  0  0  0  0  0 .1 .5  0  1  0  0 .5  4  0 .5  0  0  0 20  0  0  0  0  0  0
0G3  0 .1 .1 .5 .1 .1  0  0 .5  0  0 .1  0  0  0   
0I1  0  0  0  0  0  0  0  0  0  0  0  0  0  2  0  0  0  0  0  0  0 .1  0 15  0
0I2  0  0  0  0  0  0 .1  0 .5  0 .1  0  5  0  1  0  0  0 25  0  0  0  0  0  0
0I3  0 .1  0 .5  0 .1  0  0 .5  0  0 .1  0  0  0   
4A1  0  0  0  0  0  0  0  0  0  0  0  0  0 .5  0  0  0  0  0  0  0 .5  0 10  0
4A2  0  0  0  0  0 .1 .5  0 .5  0  0  0  3  0 .1  0  0  0 15  0  0  0  0  0  0
4A3  0 .1 .1 .5 .1 .1  0  0 .1 .1  0 .1  0  0  0   
4C1  0  0  0  0  0  0  0  0  0  0  0  0  0  1  0  0  0  0  0  0  0 .1  0  5  0
4C2  0  0  0  0  0 .1  1  0 .5  0  0  0  4  0  1  0  0  0 25  0  0  0  1  0  0
4C3  0 .1 .1 .1  0 .1  0  0 .1 .1  0 .1 .1  0  0   
4E1  0  0  0  0  0  0  0  0  0  0  0  0  0 .5  0  0  0  0  0  0  0 .5  0 10  0
4E2  0  0  0  0  0 .5  1  0 .5  0  0 .1  3  0 .5  0  0  0 20  0  0  0 .5  0  0
4E3  0 .1 .1 .1  0 .1  0  0 .1  0  0 .1 .1  0  0
4G1  0  0  0  0  0  0  0  0  0  0  0  0  0  3  0  0  0  0  0  0  0 .1  0  3  0
4G2  0  0  0  0  0 .1 .5  0 .5  0  0 .1  5  0  1 .1  0  0  1  0  0  0 .5  0  0
4G3  0 .1 .1 .5 .1 .1  0  0 .1 .1  0 .1 .1  0  0
4I1  0  0  0  0  0  0  0  0  0  0  0  0  0  2  0  0  0  0  0  0  0 .1  0  2  0
4I2  0  0  0  0  0 .5  1  0 .5  0  0 .1  7  0  2  0  0  0 .1  0  0  0 .5  0  0
4I3  0 .1 .1 .5  0 .1  0 .1 .1 .1  0 .1  0  0  0
8A1  0  0  0  0  0  0  0  0  0  0  0  0 .1 .5  0  0  0  0  0  0  0 .1  0  4  0
8A2  0  0  0  0  0 .5 .5  0 .5  0  0  0  2  0 .5  0  0  0  7  0  0  0 .5  0  0
8A3  0 .1 .1 .5 .1 .1  0  0 .1  0  0 .1  0  0  0
8C1  0  0  0  0  0  0  0  0  0  0  0  0  0  3  0  0  0  0  0  0  0 .1  0 15  0
8C2  0  0  0  0  0 .5 .1  0 .5  0  0  0  8  0 .5  0  0  0 25  0  0  0  0  0  0
8C3  0 .1 .5 .5  0 .1  0  0 .1 .1  0 .1  0  0  0
8E1  0  0  0  0  0  0  0  0  0  0  0  0  0  1  0  0  0  0  0  0  0 .1  0  1  0
8E2  0  0  0  0  0 .5 .5  0  1  0  0 .1  4  0 .5  0  0  0  1  0  0  0 .5  0  0
8E3  0 .1  0 .5  0 .5  0 .1 .5 .1  0 .1  0  0  0
8G1  0  0  0  0  0  0  0  0  0  0  0  0  0  2  0  0  0  0  0  0  0  0  0 .5  0
8G2  0  0  0  0  0 .1 .1  0 .5  0  0  0  2  0 .1  0  0  0 .1  0  0  0  0  0  0
8G3  0 .1 .1 .1  0 .1  0 .1 .1  0  0 .1  0  0  0
8I1  0  0  0  0  0  0  0  0  0  0  0  0  0  3  0  0  0  0  0  0  0 .1  0  1  0
8I2  0  0  0  0  0 .5 .5  0 .1  0  0  0  2  0 .1  0  0  0 .5  0  0  0  0  0  0
8I3  0 .1 .1 .5  0 .1  0  0 .1  0  0 .1  0  0  0
0A1  0 .5  0  1  0  0  0  0  2  0 20  0  0  0 .1  0 .1  0  0  0  0  0  0 .5  0
0A2  0  0  0  0  0  0  0 .1 .1  0 .1  0  0 .1  0  0  0  0  0  0  0 .5 .5  0  0
0A3  0  0  0 .1  0  0  0  0 .1  0  0  0  0  0  0
0C1  0  0  0  1 .1  0  0  0 .5  0 10  0  0  0  0  0 .1  0  0  0  0  0  0 30  0
0C2  0  0  0  0  0  0  0  0  0  0  0  0 .1 .5  0  0  0  0  0  0  0  1  0  0  0
0C3  0  0  0 .1  0  0  0  0 .1  0  0  0  0  0  0
0E1  0 .1  0  1 .1  0  0  0  1  0  3  0  0  0  0  0  0  0  0  0  0 .1  0 60  0
0E2  0  0  0  0  0 .1  0  0  0  0  0  0  0 .5 .1  0  0  0  0  0  0  0 .5  0  0
0E3  0  0  0 .5  0  0  0  0 .1  0  0  0  0  0  0
0G1  0  0  0  1  0  0  0  0  0  0 .5  0  0  0  0  0 .1  0  0  0  0  0  0 65  0
0G2 .1  0  0  0 .1 .5  0 .1 .5  0  0  0  0  0  0  0  0  0  0  0  0 .5  1  0  0
0G3  0  0  0 .1  0 .1  0  0 .1  0  0  0  0  0  0
0I1  0  0  0  0  0  0  0  0  0  0  0  0  0  0  0  0  0  0  0  0  0  0  0 85  0
0I2 .1  0  0  0  0 .1  0 .1 .5 .5 .1  0 .5  0 .5  0  0  0  0  0  0  0  1  0  0
0I3  0  0  0 .5  0 .1  0  0 .1  0  0  0  0  0  0
4A1  0 .1  0  0 .1  0  0  0  0  0  0  0  0  0  0  0 .1  0  0  0  0  0  0 25  0
4A2  0  0  0  0 .1 .1  0 .1  0 .5  0  0  0 .5  0  0  0  0  0  0  0  0  1  0  0
4A3  0  0  0 .1  0  0  0  0 .1  0  0  0  1  0  0
4C1  0  0  0  1  0  0  0  0 .1  0  1  0  0  0  0  0  0  0  0  0  0  0  0 15  0
4C2  0  0  0  0  0 .1  0 .1 .1  0  0  0 .1 .5  0  0  0  0  0  0  0  0  0  0  0
4C3  0  0  0 .1  0 .1  0  0 .5  0  0  0  0  0  0
4E1  0  0  0  0  0  0  0  0  1  0  3  0 .1  0  0  0  0  0  0  0  0 .1  0 35  0
4E2 .5  0  0  0  0 .1  0 .1 .1  0  0  0  0 .1  0  0  0  0  0  0  0  0  0  0  0
4E3  0  0  0 .5  0 .5  0 .1 .1  0  0  0  0  0  0
4G1  0  0  0 .1  0  0  0  0 .1  0  2  0  0 .1  0  0 .1  0  0 .1  0  0  0 30  0
4G2 .1  0  0  0 .1 .5  0 .1 .1  0 .1  0  0  0  0  0  0  0  0  0  0  0  0  0  0
4G3  0  0  0 .5  0 .5  0 .5 .1  0  0  0  0  0  0
4I1  0  0  0 .1 .1  0  0  0  0  0 .1  0 .1  0  0  0  0  0  0  0  0 .5  0 60  0
4I2 .5  0  0  0  0 .1  0  0 .5  0  0  0  0 .5  0  0  0  0  0  0  0  0 .5  0  0
4I3  0  0  0 .1  0 .5  0  0 .1  0  0  0  0  0  0
8A1  0  0  0  0  0  0  0  0  0  0  0  0  0 .5  0  0  0  0  0  0  0  0 .1 70  0
8A2 .5  0 .1  0  0 .1  0  0 .1  0 .1  0  0  0 .1  0  0  0  0  0  0  0 .5  0  0
8A3  0  0  0 .5  0 .1  0  0 .5  0  0  0  0  0  0
8C1  0  0 .5 .5 .5  0  0  0  0  0  2  0 .1  0  0  0  0  0  0  0  0  0 .1 65  0
8C2 .1  0  0  0 .5 .1  0 .1  0 .5 .5 .1 .1 .5 .1  0  0  0  0  0  0  0  1  0  0
8C3  0  0  0 .5  0 .1  0 .1 .5  0  0  0  0  0  0
8E1  0  0 .5  0  0  0  0  0  0  0  0  0  0  0  0  0  0  0  0  0  0  0 .1 90  0
8E2 .5  0  0  0 .1 .1  0  0 .1 .1 .1 .1  0 .5  0 .1  0  0  0  0  0  0  0  0  0
8E3  0  0  0 .1  0  0  0  0 .1  0  0  0 .1  0  0
8G1  0  0  0  1 .5  0  0  0 .5  0  1  0  0  0  0  0  0  0  0  0  0  0  0 15  0
8G2  0  0  0  0  0 .1  0 .1 .1  0 .1  0  0  0 .5  0  0  0  0  0  0  0  0  0  0
8G3  0  0  0 .1  0 .1  0 .5 .5  0  0  0  0  0  0
8I1  0 .1  0 .5  0  0  0  0 .1  0  2  0  0  0  0  0  0  0  0  0  0  0  0 35  0
8I2 .1  0  0  0  0 .1  0 .1 .5  0 .1  0  0 .1 .1  0  0  0  0  0  0  0  0  0  0
8I3  0  0  0 .1  0 .5  0 .1 .5  0  0  0  0  0  0
0A1  0  0  1 .1  0  0  0  0  0  0  0  0  0 .5  0  0  0  0  0  0  0 .1  0 25  0
0A2  0  0  0  0  0 .1 .1  0  3  0 .1 .1 .5  0  1  0  0 .1 .5  0  0  0 .5  0  0
0A3  0 .1 .1 .1 .1  0  0  0 .1  0  0 .1 .1  0  0
0C1  0  0 .1  0  0  0  0  0  0  0  0  0  0  3  0  0  0  0  0  0  0 .1  0 30  0
0C2  0  0 .1  0  0  0 .1  0  2  0  0  0  1  0  1 .1  0  0 .1  0  0  0  0  0  0
0C3  0 .1 .1 .1  0  0  0  0 .1  0  0 .1  0  0  0
0E1  0  0  0  0  0  0  0  0  0  0  0  0  0  3  0  0  0  0  0  0  0 .1  0 20  0
0E2  0  0 .1  0  0 .1 .5 .1 .5  0  0 .1 .5  0  1 .1  0  0 .1 .1  0  0  0  0  0
0E3  0 .1 .1 .1 .1  0  0  0 .1  0  0 .1 .5  0  0
0G1  0  0 .1  0  0  0  0  0  0  0  0  0 .1  2  0  0  0  0  0  0  0 .1  0 25  0
0G2 .1  0 .1  0  0 .1 .5  0  1  0 .1  0  1  0 .5  0  0 .1  0  0  0  0  0  0  0
0G3  0 .1  0 .5 .1  0  0  0 .1  0  0 .1  0  0  0
0I1  0  0  0  0  0  0  0  0  0  0  0  0  0 10  0  0  0  0  0  0  0 .1  0 55  0
0I2  0  0  0  0  0  0 .5  0  2  0 .1  0  1  0  1  0  0  0 .1  0  0  0  1  0  0
0I3  0 .1 .1 .1 .1  0  0  0  0  0  0 .1 .1  0  0
4A1  0  0  0  0  0  0  0  0  0  0  0  0  0 .5  0  0  0  0  0  0  0 .1  0 15  0
4A2  0  0  0  0  0  0 .1  0 .5  0  0  0  1  0 .5  0  0  0 .1 .1  0  0 .5  0  0
4A3  0 .1 .1 .1 .1  0  0  0 .1  0  0 .1 .1  0  0
4C1  0  0  0 .1  0  0  0  0  0  0 .1  0  0 .1  0  0  0  0  0  0  0 .1  0 15  0
4C2  0  0  0  0  0  0 .5  0 .5  0  0  0  1 .1  2  0  0  0 .1  0  0  0  2  0  0
4C3  0 .1 .1 .5  0 .1  0  0  0  0  0 .1  0  0  0
4E1  0  0  0  0 .1  0  0  0  0  0  0  0  0 .5  0  0  0  0  0  0  0 .5  0  5  0
4E2 .1  0 .1  0  0  0 .1  0 .5  0  0 .1 .5 .5 .5  0  0 .1 .1  0  0  0 .5  0  0
4E3  0 .1 .1 .1 .1  0  0  0 .5  0  0 .1  0  0  0
4G1  0  0 .5  0  0  0  0  0  0  0  0  0  0  1  0  0  0  0  0  0  0 .5  0  5  0
4G2  0  0  0  0  0  0 .1  0 .5  0 .1 .5 .5  0  1  0  0  0 .1  0  0  0 .5  0  0
4G3  0 .1 .1 .5 .1  0  0  0 .1  0  0 .1  0  0  0
4I1  0  0  0  0  0  0  0  0  0  0  0  0  0  1  0  0  0  0  0  0  0 .1  0  5  0
4I2  0  0  0  0  0 .1 .1 .1  1  0  0 .5  1  0  2 .1  0  0  0  0  0  0  1  0  0
4I3  0 .1 .1 .1 .1 .1  0  0 .5  0  0 .5  0  0  0
8A1  0  0  0  0  0  0  0  0  0  0  0  0  0  1  0  0  0  0  0  0  0 .1  0 35  0
8A2  0  0  0  0  0  0 .1  0 .5  0 .1 .1 .5  0  1  0  0  0  0  0  0  0  0  0  0
8A3  0 .1 .1 .1 .1  0  0  0 .1  0  0 .1  0  0  0
8C1  0  0  0  0  0  0  0  0  0  0  0  0  0 .5  0  0  0  0  0  0  0 .1  0 30  0
8C2  0  0  0  0  0  0 .1  0 .5  0  0 .1  1 .5  1  0  0  0 .5  0  0  0  0  0  0
8C3  0 .1 .1 .1 .1 .1  0  0 .1  0  0 .1  0  0  0
8E1  0  0  0  0  0  0  0  0  0  0  0  0 .1 .1  0  0  0  0  0  0  0 .5  0 20  0
8E2  0  0 .1  0  0 .1 .1 .1 .5  0 .1  0  1  0  1  0  0  0  0 .1  0  0  2  0  0
8E3  0 .1 .1 .5 .1 .1  0  0 .1 .1  0 .1  0  0  0
8G1  0  0  0 .1  0  0  0  0 .1  0 .5  0 .1  0  0  0  0  0  0  0  0 .1  0 .5  0
8G2  0  0  0  0  0  0  0  0 .1  0  0  0 .1 .5  0  0  0  0  0  0  0  0  2  0  0
8G3  0 .1 .1 .1 .1 .1  0 .5  0  0  0 .1  0  0  0
8I1  0  0  0  0  0  0  0  0 .1  0 .5  0 .1  0  0  0  0  0  0  0  0  0  0 .1  0
8I2  0  0  0  0 .1 .1  0 .5  0  0  0  0  0  0  0  0  0  0  0  0  0  0  0  0  0
8I3  0  0  0 .1  0 .5  0 .5  0  0 .1  0  0  0  0
0A1  0  0  0  0 .1  0  0  0  0  0  0  0  0  0  0  0  0  0  0  0  0  0  0 75  0
0A2 .5  0  0  0  0 .1  0  0  0  0 .1  0  1  0  0  0  0  0 .1  0  0  0  0  0  0
0A3  0 .1 .1 .1  0 .1  0  0 .1  0  0 .1  0  0  0
0C1  0  0  0 .1  0  0  0  0  0  0 .1  0  0  0  0  0 .1  0  0  0  0 .1  0 70  0
0C2 .5  0  0  0  0 .1 .1  0 .5  0  0 .1 .5  0  0  0  0  0 .5  0  0  0 .5  0  0
0C3  0 .1 .1 .1 .1 .1  0 .1 .1  0  0 .1  0  0  0
0E1  0  0  0  0  0  0  0  0  0  0  0  0  0  0  0  0  0  0  0  0  0 .1  0 70  0
0E2 .1  0  0  0  0 .1 .5  0 .5  0 .5 .1  2  0  0  0  0  0 .1  0  0  0 .5  0  0
0E3  0 .1 .1 .1 .1 .1  0  0 .1  0  0 .1  0  0  0
0G1  0  0  0 .1  0  0  0  0  0  0  0  0  0  0  0  0  0  0  0  0  0 .1  0 80  0
0G2 .1  0  0  0  0 .1  0  0  0  0 .1  0 .5 .1  0  0  0  0 .1  0  0  0  3  0  0
0G3  0 .1 .1 .5  0 .1  0  0 .5 .1  0 .1  0  0  0
0I1  0  0  0  0  0  0  0  0  0  0  0  0  0  0  0  0  0  0  0  0  0 .1  0 60  0
0I2 .1  0  0  0  0 .1 .1  0  1  0  0  0 .5 .1  0  0  0  0  1  0  0  0 .5  0  0
0I3  0 .1  0 .1  0 .1  0  0 .1  0  0 .1  0  0  0
4A1  0  0  0  0  0  0  0  0  0  0  0 .1  0  0  0  0  0  0  0  0  0 .1  0 75 .1
4A2 .5  0  0  0  0 .1 .1  0  0  0  0 .1 .5 .1  0  0  0  0 .1  0  0  0 .5  0  0
4A3  0 .1 .1 .1 .1 .1  0  0 .1  0  0 .1  0  0  0
4C1  0  0  0  0  0  0  0  0  0  0  0  0  0 .1  0  0  0  0  0  0  0  0  0 50  0
4C2  0  0  0  0  0  0 .1  0  0  0  0  0 .5 .5 .1  0  0  0 .5  0  0  0  2  0  0
4C3  0 .1 .1 .1 .1 .1  0  0 .1  0  0 .1 .5  0  0
4E1  0  0  0 .1 .1  0  0  0  0  0  0  0  0  0  0  0  0  0  0  0  0 .1  0 30  0
4E2 .1  0  0  0  0 .1 .1  0 .1  0  0  0 .1  0 .1  0  0  0  0  0  0  0 .5  0  0
4E3  0 .1 .1 .5  0 .1  0  0 .1  0  0 .1  1  0  0
4G1  0  0  0 .1  0  0  0  0  0  0 .1  0 .1 .1  0  0 .5  0  0  0  0  0  0 80  0
4G2 .5  0  0  0  0  0  0  0  0  0  0  0  0 .1  0  0  0  0 .5  0  0  0  1  0  0
4G3  0 .1 .1 .1 .1 .1  0  0 .1  0  0 .1 .5  0  0
4I1  0  0  0 .1  0  0  0  0  0  0  0  0  0  0  0  0  0  0  0  0  0 .1  0 70 .1
4I2 .5  0  0  0  0 .1 .1  0  0  0  0  0 .5  0  0  0  0  0 .5  0  0  0  0  0  0
4I3  0 .1 .1 .1  0 .1  0  0 .5 .1  0 .1  0  0  0
8A1  0  0  0  0  0  0  0  0  0  0  0  0  0  0  0  0  0  0  0  0  0 .1  0 75  0
8A2 .1  0  0  0  0 .1  0  0 .5  0 .1  0 .1 .1 .1  0  0  0 .1  0  0  0  1  0  0
8A3  0 .1 .1 .1  0 .1  0  0 .1  0  0 .1  0  0  0
8C1  0  0  0 .1  0  0  0  0  0  0  0  0  0 .1  0  0  0  0  0  0  0 .1 .1 60  0
8C2 .1  0  0  0  0 .5  0  0 .5  0  0 .1 .1 .1  0  0  0  0 .1  0  0  0  1  0  0
8C3  0 .1 .1 .5 .1 .1  0  0  1  0  0 .1  0  0  0
8E1  0  0  0 .1  0  0  0  0  0  0  0  0  0  0  0  0  0  0  0  0  0 .5  0 40 .1
8E2 .1  0  0  0  0 .1  0  0  0  0  0  0 .1  0  0  0  0  0 .1  0  0  0 .5  0  0
8E3  0 .1 .1 .1  0 .1  0  0 .1  0  0 .1  0  0  0
8G1  0  0  0  0  0  0  0  0  0  0  0  0  0  0  0  0  0  0  0  0  0 .1  0 70  0
8G2 .1  0  0  0  0 .1 .1  0 .5  0  0 .1 .5  0 .1  0  0  0 .5  0  0  0  0  0  0
8G3  0 .1 .1 .1  0 .1  0  0 .1  0  0 .1  0  0  0
8I1  0  0  0  0  0  0  0  0  0  0  0  0  0 .5  0  0  0  0  0  0  0 .5  0 75  0
8I2 .1  0  0  0  0 .1  0  0 .5  0  0 .1 .5  0 .1  0  0  0 .5  0  0  0  0  0  0
8I3  0 .1 .1 .5 .1 .5  0  0 .1 .1  0 .1  0  0  0
0A1  0  0  0  0  0  0  0  0  0  0  0  0  0 .1  0  0  0  0  0  0  0 .1  0 20  0
0A2 .1 .1  0  0  0  0 .1  0  4  0 .1 .1  2  0 .5  0  0  0 .1  0  0  0 .5  0  0  
0A3  0 .1 .5 .1 .1  0  0  0 .5 .1  0 .1  0  0  0
0C1  0  0  0  0  0  0  0  0  0  0  0  0  0  0  0  0  0  0  0  0  0 .1  0 65  0
0C2  0 .1  0  0  0  0 .1  0  2  0  0  0  2  0  1  0  0  0  5  0  0  0  0  0  0
0C3  0 .1 .1 .1 .1 .1  0  0 .5  0  0 .1  0  0  0
0E1  0  0  0  0  0  0  0  0  0  0  0  0  0 .1  0  0  0  0  0  0  0  0  0 70  0
0E2  0 .1  0  0  0  0 .1  0  1  0  0  0  1  0 .5  0  0  0  8  0  0  0 .1  0  0
0E3  0 .1 .1 .1 .1 .1  0  0 .1  0  0 .1  0  0  0
0G1  0  0  0  0  0  0  0  0  0  0  0  0  0  2  0  0  0  0  0  0  0 .5  0 60  0
0G2  0 .5  0  0  0  0 .1  0 .5  0 .1  0  1  0 .5  0  0  0  4  0  0  0  0  0  0
0G3  0 .1 .1 .1  0  0  0  0 .1  0  0 .1  0  0  0
0I1  0  0  0  0  0  0  0  0  0  0  0  0  0  1  0  0  0  0  0  0  0 .1  0 70  0
0I2  0 .1  0  0  0  0 .1  0  1  0  0 .1  1  0 .1  0  0  0  4  0  0  0 .1  0  0
0I3  0 .1 .1 .1 .1  0  0  0 .1  0  0 .1  0  0  0
4A1  0  0  0  0  0  0  0  0  0  0  0  0  0 .1  0  0  0  0  0  0  0 .1  0 60  0
4A2  0  0  0  0  0  0 .5  0  2  0  0 .1  2  0 .1  0  0  0  3 .1  0  0 .5  0  0
4A3  0 .1 .1 .1 .1  0  0  0 .1  0  0 .1 .1  0  0
4C1  0  0  0  0  0  0  0  0  0  0  0  0  0  0  0  0  0  0  0  0  0 .1  0 75  0
4C2  0  0  0  0  0  0 .1  0  4  0 .1  0  1  0 .5  0  0  0  1  0  0  0  0  0  0
4C3  0 .1 .1 .1 .1 .1  0  0 .1 .1  0 .5  0  0  0
4E1  0  0  0  0  0  0  0  0  0  0  0  0  0  1  0  0  0  0  0  0  0 .1  0 60  0
4E2  0 .1  0  0  0  0 .5  0  1  0  0  0  1  0 .5 .1  0  0 .5  0  0  0 .5  0  0
4E3  0  0  0 .1  0  0  0  0  0  0  0  0  0  0  0
4G1  0  0  0  0  0  0  0  0  0  0  0  0  0 .1  0  0  0  0  0  0  0 .5  0 35  0
4G2  0 .1  0  0  0  0 .1  0  1  0  0  0 .5  0 .5  0  0  0  2  0  0  0 .1  0  0
4G3  0 .1 .1 .1 .1  0  0  0 .1 .1  0 .1  0  0  0
4I1  0  0  0  0  0  0  0  0  0  0  0  0  0 .5  0  0  0  0  0  0  0 .1  0 70  0
4I2  0  0  0  0  0  0 .1  0  1  0  0  0  3  0 .5  0  0  0  3  0  0  0  1  0  0
4I3  0 .1 .1 .1  0  0  0  0 .1  0  0 .1  0  0  0
8A1  0  0  0  0  0  0  0  0  0  0  0  0  0  1  0  0  0  0  0  0  0 .1  0 55  0
8A2  0 .1  0  0  0  0 .5  0  2  0  0 .1  3  0 .1  0  0 .1  5  0  0  0  0  0  0
8A3  0 .1 .1 .1 .1  0  0  0 .1  0  0 .1  0  0  0
8C1  0  0  0  0  0  0  0  0  0  0  0  0  0 .5  0  0  0  0  0  0  0 .5 .1 30  0
8C2  0 .1  0  0  0  0 .5  0  3  0  0  0  2  0 .1 .1  0  0  3  0  0  0  1  0  0
8C3  0 .1 .1 .1 .1 .1  0  0 .1 .1  0 .1  0  0  0
8E1  0  0  0  0  0  0  0  0  0  0  0  0  0 .1  0  0  0  0  0  0  0 .1  0 70  0
8E2 .1  0  0  0  0  0 .5  0  1  0 .1  0  1  0 .1  0  0  0  4  0  0  0 .5  0  0
8E3  0 .1 .1 .1 .1  0  0  0 .1  0  0 .1  0  0  0
8G1  0  0  0  0  0  0  0  0  0  0  0  0  0 .1  0  0  0  0  0  0  0 .1  0 70  0
8G2  0 .1  0  0  0  0 .5  0  2  0  0  0  2  0 .1 .1  0  0  3  0  0  0  0  0  0
8G3  0  0  0 .1  0  0  0  0  0  0  0 .1  0  0  0
8I1  0  0  0  0  0  0  0  0  0  0  0  0  0 .5  0  0  0  0  0  0  0 .1  0 70  0
8I2  0  0  0  0  0  0 .5  0  1  0  0  0  2  0 .1  0  0  0  7 .1  0  0  2  0  0
8I3  0  0  0 .1  0  0  0  0  0 .1  0  0  0  0  0
0A1  0  0  0 .1  0  0  0  0  0  0 .1  0 .5  0  0  0  0  0  0  0  0 .1 .1 20  0
0A2  0  0  0  0  0 .1  0  0 .5  0  0  0 .5  1  0  0  0  0  0  0  0  0  2  0  0
0A3 .1 .1 .5 .1 .1  1  0 .1 .1 .1  0 .5  0  0  0
0C1  0  0  0 .5  0  0  0  0 .1  0 .1  0  0 .5 .1  0  0  0  0  0  0  0  0 25  0
0C2  0  0  0  0  0  0 .1  0 .5  0  0  0 .5 .5 .1  0  0  0  0  0  0  0  3  0  0
0C3  0 .1 .1 .5 .1 .1  0 .1 .1 .1  0 .5  0  0  0
0E1  0  0  0 .1  0  0  0  0  0  0 .1  0 .1  0  0  0 .1  0 .1  0  0  0  0 25  0
0E2  0  0  0  0  0 .1  0  0 .5  0 .1 .1 .5 .5  0  0  0  0  0  0  0  0  3  0  0
0E3  0 .1 .1 .1 .1 .1  0 .1 .5 .1  0 .5  0  0  0
0G1  0  0 .1  0  0  0  0  0  0  0  0  0  0 .1  0  0  0  0  0  0  0 .1  0 65  0
0G2  0  0  0  0  0 .5  0  0  2  0 .1 .1 .5 .5  0  0  0  0 .1  0  0  0  4  0  0
0G3  0 .1 .1 .1 .1 .1  0  0 .1  0  0 .5  0  0  0
0I1  0  0  0 .5  0  0  0  0 .1  0  0  0  0  0  0  0 .1  0  0  0  0  0 .1 35  0
0I2  0  0  0  0  0  0  0  0 .5 .1  0  0 .5  1 .1  0  0  0  0  0  0  0  5  0  0
0I3  0 .1 .1 .1 .1 .1  0  0 .5 .1  0 .1  0  0  0
4A1  0  0  0 .1  0  0  0  0  0  0 .5  0  0  0  0  0  0  0  0  0  0 .1  0 30  0
4A2  0  0  0  0  0 .1  0  0 .5  0 .1 .1 .5 .5  0  0  0  0  0  0  0 .1  0  0  0
4A3  0 .1 .1 .1 .1 .5  0  0 .5 .1  0 .1 .1  0  0
4C1  0  0 .5  0  0  0  0  0  0  0  0  0  0 .1  0  0  0  0  0  0  0  0  0 25  0
4C2  0  0 .1  0  0 .5 .1  0  1  0 .1 .1 .5  1  0  0  0  0  0  0  0  0  2  0  0
4C3  0 .1 .1 .1 .1 .5  0  0 .1 .1  0 .1  0  0 .1
4E1  0  0  0  0  0  0  0  0  0  0  0  0  0  0  0  0  0  0  0  0  0  0  0 40  0
4E2  0  0  0  0  0 .5 .1  0  1  0 .1  0  1 .5  0  0  0  0 .1  0  0  0  2  0  0
4E3  0 .1 .1 .1 .1 .1  0  0 .1  0  0 .1  0  0  0
4G1  0  0  0  0  0  0  0  0  0  0  0  0 .5 .5  0  0  0  0  0  0  0 .1 .1 70  0
4G2  0  0  0  0  0 .1  0  0 .5  0 .1 .1  1 .5  0  0  0  0  0  0  0  0  1  0  0
4G3  0 .1 .1 .1  0 .1  0  0 .5 .1  0 .1  0  0  0
4I1  0  0  0  0  0  0  0  0  0  0  0  0  0  1  0  0  0  0  0  0  0 .1  0 75  0
4I2  0  0  0  0  0  0 .1  0 .5  0  0  0 .5  1 .5  0  0  0 .1  0  0  0  3  0  0
4I3  0 .1 .1 .1 .1 .1  0  0 .1  0  0 .1  0  0  0
8A1  0  0 .5  0  0  0  0  0  0  0 .5  0  0  0  0  0 .5  0  0  0  0  0  0 15  0
8A2  0  0  0  0 .1 .5  0  0  1  0 .1 .1 .5 .5 .5  0  0  0  0  0  0 .1  0  0  0
8A3  0 .1 .1 .5  0 .1  0 .1 .5 .1  0 .1  0  0  0
8C1  0  0 .5  1  0  0  0  0  0  0 .5  0 .1  0  0  0  0  0  0  0  0  0  0 55  0
8C2  0  0  0  0  0 .1  0  0  1  0 .1 .1 .5 .5  0  0  0  0  0  0  0  0 .5  0  0
8C3  0 .1 .1 .1 .1 .5  0 .1 .5 .1  0 .1  0  0  0
8E1  0  0  0 .1  0  0  0  0  0  0 .5  0  1  0  0  0  0  0  0  0  0  0 .1 70 .1
8E2  0  0  0  0  0  0 .1  0 .5  0 .1  0 .1 .1  0  0  0  0  0  0  0  0  0  0  0
8E3  0 .1 .1 .1 .1 .1  0 .1  1 .5  0 .1  0  0  0
8G1  0  0  0 .1  0  0  0  0  0  0  0  0  1  0  0  0  0  0  0  0  0  0  0 25  0
8G2  0  0  0  0  0  0  0  0 .5  0 .1 .1 .5  1  0  0  0  0  0  0  0  0 .5  0  0
8G3  0 .1 .1 .1 .1 .5  0  0 .1 .1  0 .1  0  0  0
8I1  0  0  0  0  0  0  0  0  0  0  0  0 .1 .1  0  0  0  0  0  0  0 .1  0 80  0
8I2  0  0  0  0  0 .1  0  0  1  0 .1  0 .5 .5 .5  0  0  0  0  0  0  0  3  0  0
8I3 .1 .1 .1 .1 .1 .1  0  0 .1 .1  0 .1  0  0  0
0A1  0  0  0  0  0  0  0  0  0  0  0  0  0  0  0  0  0  0  0  0  0 .5  0 80 .1
0A2 .1  0  0  0  0 .1  0  0 .5  0 .5 .1 .5  0 .5  0  0  0 .1  0  0  0 .5  0  0
0A3  0  0  0 .5 .1  0  0  0 .5  0  0  0  0  0  0
0C1  0  0  0  0  0  0  0  0  0  0  0  0  0  0  0  0  0  0  0  0  0 .1  0 75  0
0C2 .5  0  0  0  0 .5  0  0 .5  0 .5 .1 .5 .1 .1  0  0  0 .5  0  0  0 .5  0  0
0C3  0 .1 .1 .5 .1  0  0  0 .1 .1  0  0  0  0  0
0E1  0  0  0  0  0  0  0  0  0  0  0  0  0 .1  0  0  0  0  0  0  0  1  0 80 .1
0E2  1  0  0  0  0 .1  0  0 .1  0 .5 .1 .5  0 .1  0  0  0 .5  0  0  0 .5  0  0
0E3  0  0  0 .1  0  0  0  0 .1  0  0  0  0  0  0
0G1  0  0  0  0  0  0  0  0  0  0  0  0  0 .5  0  0  0  0  0  0  0 .5  0 70  0
0G2 .1  0  0  0  0 .1  0  0 .5  0 .5  1 .1 .5 .5  0  0  0  0  0  0  0 .5  0  0
0G3  0  0 .1 .5  0  0  0  0 .5 .1  0  0  0  0  0
0I1  0  0  0  0  0  0  0  0  0  0  0  0  0  1  0  0  0  0  0  0  0 .5 .1 70  0
0I2 .1  0  0  0  0 .1  0  0 .1  0 .5  1 .5 .5 .1  0  0  0 .5  0  0  0  0  0  0
0I3  0 .1  0 .5 .1  0  0  0 .5 .1  0 .1  0  0  0
4A1  0  0  0  0  0  0  0  0  0  0  0  0  0 .5  0  0  0  0  0  0  0  1  0 95  0
4A2 .5  0  0  0  0  0  0  0 .1  0 .1  0 .1 .1 .1  0  0  0 .5  0  0  0  0  0  0
4A3  0  0  0 .5  0  0  0  0 .5  0  0  0  0  0  0
4C1  0  0  0  0  0  0  0  0  0  0  0  0  0 .1  0  0  0  0  0  0  0 .5  0 85  0
4C2 .5  0  0  0  0  0  0  0 .5  0 .1 .1 .5  0 .1  0  0  0  1  0  0  0 .5  0  0
4C3  0 .1 .1 .5  0  0  0  0 .1 .1  0 .5  0  0  0
4E1  0  0  0  0  0  0  0  0  0  0  0  0  0  0  0  0  0  0  0  0  0 .5 .1 65 .1
4E2 .5  0  0  0  0  0  0  0 .5  0 .1  0 .1  0 .1  0  0  0 .5  0  0  0  0  0  0
4E3  0 .1  0 .5 .1 .1  0  0 .5  0  0 .1  0  0  0
4G1  0  0  0  0  0  0  0  0  0  0  0  0  0  0  0  0  0  0  0  0  0 .5 .1 60  0
4G2 .1  0  0  0  0 .1  0  0 .1  0 .1  0 .1  0  0  0  0  0 .5  0  0  0  0  0  0
4G3  0 .1 .1 .5 .1 .5  0  0  1 .1  0 .1  0  0  0
4I1  0  0  0  0  0  0  0  0  0  0  0  0  0 .5  0  0  0  0  0  0  0 .5  0 70  0
4I2 .1  0  0  0  0 .1  0  0 .1  0 .5 .1 .1  0 .5  0  0  0 .5  0  0  0  0  0  0
4I3  0 .1 .5 .5 .1 .5  0  0 .5 .5  0 .1  0  0  0
8A1  0  0  0  0  0  0  0  0  0  0  0  0  0  0  0  0  0  0  0  0  0 .5  0 75  0
8A2 .5  0  0  0  0 .5  0  0 .1  0 .5  0 .5 .1 .1  0  0  0  0  0  0  0  0  0  0
8A3  0  0 .1 .5  0 .5  0  0 .5  0  0 .1  0  0  0
8C1  0  0  0  0  0  0  0  0  0  0  0  0  0  0  0  0  0  0  0  0  0 .5 .1 65 .1
8C2 .5  0 .1  0  0 .5  0  0 .5  0  0 .5 .5  0 .5  0  0  0  0  0  0  0  0  0  0
8C3  0  0 .1 .5  0  0  0  0 .5 .1  0 .1  0  0  0
8E1  0  0  0  0  0  0  0  0  0  0  0  0  0  0  0  0  0  0  0  0  0 .5  0 80 .1
8E2 .5  0  0  0  0  0  0  0  1  0 .5 .5 .5  0  0  0  0  0 .5  0  0  0  0  0  0
8E3  0  0  0 .5 .5  0  0  0  0  0  0 .1  0  0  0
8G1  0  0  0  0  0  0  0  0  0  0  0  0  0  0  0  0  0  0  0  0  0 .5 .1 95  0
8G2 .5  0  0  0  0 .1  0  0 .5  0 .5 .1 .5  0 .1  0  0  0  0  0  0  0  0  0  0
8G3  0  0  0 .5  0  0  0  0 .1  0  0 .1  0  0  0
8I1  0  0  0  0  0  0  0  0  0  0  0  0  0  0  0  0  0  0  0  0  0 .5 .1 65  0
8I2 .5  0  0  0  0 .5  0  0 .5  0 .5  0 .5 .1 .5  0  0  0  0  0  0  0  0  0  0
8I3  0  0  0 .5  0  0  0  0 .5  0  0  0  0  0  0
0A1  0  0  0 .5  0  0  0  0 .5  0  6  0  0  0 .1  0 .5  0  0  0  0  0  0 60 .5
0A2 .1  0  0  0  0 .1  0  0 .1  0  0 .1 .1 .1  0  0  0  0  0  0  0  0  1  0  0
0A3  0 .1 .1 .1 .1 .1  0  0 .1  0  0 .1  0  0  0
0C1  0  0  0 .1  0  0  0  0  1  0  8  0  0  0  0 .1 .5 .1  0  0  0  0  0 40 .1
0C2  0  0  0  0  0 .1  0  0 .5  0  0  0 .1 .1  0  0  0  0  0  0  0  1  3  0  0
0C3  0 .1 .5 .1 .1  1  0 .1 .5 .1  0 .1  0  0  0
0E1  0  0  0 .5  0  0  0  0 .5  0  5  0  0  0 .1 .1 .5  0  0  0  0  0  0 60  0
0E2  0  0  0  0  0 .5  0  0 .5  0  0 .1 .1  0  0  0  0  0 .1  0  0  0  2  0  0
0E3  0 .1 .1 .1 .1 .1  0 .1 .1 .1  0 .1  0  0  0
0G1  0  0  0 .5  0  0  0  0 .5  0  3  0 .1  0  0  0 .1  0  0  0  0  0  0 60  0
0G2 .1  0  0  0  0 .1  0  0 .5  0  0  0 .1 .1  0  0  0  0  0  0  0  0  0  0  0
0G3  0 .1 .1 .1 .1 .5  0 .1 .1  0  0 .1  0  0 .1
0I1  0  0  0  0  0  0  0  0  0  0 .1  0  0  0  0  0  0  0  0  0  0  0  0 65  0
0I2  0 .1  0  0  0 .1  0  0 .1  0 .1  0 .1 .1 .1  0  0  0  0  0  0  0  2  0  0
0I3  0  0  0 .1 .1 .1  0  0 .1 .1  0 .1  0  0  0
4A1  0  0  0 .5  0  0  0  0  1  0 65  0  0  0  0  0  2  0  0  0  0  0  0  2  0
4A2  0  0  0  0  0 .5  0  0 .1  0  0  0 .1  0  0  0  0  0  0  0  0 .1  0  0  0
4A3  0 .1 .1 .1 .1 .1  0  0 .1  0  0 .5  0  0  0
4C1  0  0  0 .1  0  0  0  0 .5  0  1  0  0  0 .5  0 .5  0  0  0  0  0  0 30  0
4C2  0  0  0  0  0  0  0  0 .1  0  0  0 .1 .5  0  0  0  0  0  0  0  1  1  0  0
4C3  0 .1 .1 .1 .1 .1  0 .1 .1  0  0 .5  0  0  0
4E1  0 .1  0 .5  0  0  0  0 .5  0 10  0  1  0 .5  0  0  0  0  0  0  0  0 20  0
4E2  0  0  0  0  0 .1  0  0 .5  0  0  0 .1 .1  0  0  0  0  0  0  0  1 .5  0  0
4E3  0 .1 .1 .1 .1 .1  0  0 .1  0  0 .1  1  0  0
4G1  0  0  0  1  0  0  0  0 .5  0 40  0  0  0 .1  0  1  0  0  0  0  0  0  7  0
4G2  0  0  0  0  0  0  0  0 .1  0  0  0 .1 .1  0  0  0  0  0  0  0  0 .5  0  0
4G3  0 .1 .1 .1 .1  0  0  0 .1  0  0 .1  2  0  0
4I1  0  0  0 .5  0  0  0  0 .5  0 30  0  0  0 .5  0 .5  0  0  0  0  0  0 30 .1
4I2 .5  0  0  0  0 .1  0  0 .5  0  0 .1 .5 .5  0  0  0  0  0  0  0  1  1  0  0
4I3  0 .1 .1 .1 .1 .5  0 .1 .1  0  0 .5  0  0 .1
8A1  0  0  0 .1  0  0  0  0  1  0 50  0  0  0 .5 .1  1  0  0  0  0  0  0 30  0
8A2  1  0  0  0  0  0  0  0 .1  0  0  0 .1 .1 .1  0  0  0 .1  0  0  0 .5  0  0
8A3  0 .1 .1 .1  0 .1  0  0 .1  0  0 .1  0  0  0
8C1  0  0  0 .1  0  0  0  0 .5  0  4  0  0  0  0  0  1  0  0  0  0  0  0 80 .5
8C2 .5 .1  0  0  0  0  0  0  0  0  0  0 .1 .5  0  0  0  0 .5  0  0  1  2  0  0
8C3  0 .1 .1 .1 .1  0  0  0 .1  0  0 .1  1  0  0
8E1  0  0  0 .5  0  0  0  0 .5  0  5  0 .1  0  0  0 .5  0  0  0  0  0  0 15  0
8E2 .1  0  0  0  0 .1  0  0 .5  0  0  0 .1 .1  0  0  0  0 .1  0  0  0  1  0  0
8E3  0 .1 .1 .1 .1 .5  0  0 .1  0  0 .5  0  0 .1
8G1  0  0  0  1  0  0  0  0 .5  0 10  0  0  0  0  0  0  0  0  0  0  0  0 60  0
8G2 .1  0  0  0  0 .1  0  0 .1  0  0 .1 .5  0  0  0  0  0  0  0  0  0  2  0  0
8G3  0 .1 .1 .1 .1 .1  0  0 .1 .1  0 .1  0  0  0
8I1  0  0  0 .5  0  0  0  0  0  0  2  0  0  0  0  0  0  0  0  0  0  0  0 65  0
8I2  0  0  0  0  0 .1  0  0  0  0 .1  0 .5 .5  0  0  0  0 .1  0  0 .5  2  0  0
8I3  0 .1 .1 .1 .1 .1  0  0 .1  0  0 .1  0  0  0
0A1  0  0  0 .1  0  0  0  0  0  0  0  0  0 .1 .1  0  0  0  0  0  0 .5  0 65  0
0A2  1  0  0  0  0  0  0  0 .5  0 .1  0 .5 .5  0  0  0  0 .5  0  0  0 .5  0  0
0A3  0 .1  0 .1 .1 .5  0  0 .5  0  0 .1  0  0  0
0C1  0  0  0  1 .1  0  0  0 .1  0  1  0  0  0  0  0  0  0  0  0  0 .5  0 70 .1
0C2  1  0  0  0 .5  0  0  0 .5  0  0  0 .5  0  0  0  0  0 .5  0  0  0 .5  0  0
0C3  0 .1 .1 .5 .1 .1  0  0 .5  0  0 .1  0  0  0
0E1  0  0  0  2 .5  0  0  0  0  0  1  0  0  0  0  0 .5  0  0  0  0 .5  0 80  0
0E2  2  0  0  0  0 .1  0  0  2  0  0  0 .5 .1  0  0  0  0 .5  0  0  0  1  0  0
0E3  0 .1 .5 .5 .1 .5  0  0 .5  0  0 .1  0  0  0
0G1  0  0  0  2 .5  0  0  0 .1  0  3  0  0  0  0  0 .1  0  0  0  0 .1 .1 70  0
0G2  1  0  0  0  0 .1  0  0  1  0  0  0 .5  0  0  0  0  0  0  0  0  0  1  0  0
0G3  0 .1 .1 .5 .1 .1  0  0 .5  0  0 .1  0  0  0
0I1  0  0  0 .5  0  0  0  0 .1  0  2  0  0  0 .1  0 .5  0  0  0  0  0 .1 40  0
0I2 .5  0  0  0  0  0  0  0 .5  0  0  0 .5 .5  0  0  0  0 .5  0  0  0 .5  0  0
0I3  0 .1 .1 .1 .1 .5  0  0 .5  0  0 .5  0  0  0
4A1  0  0 .1  1  0  0  0  0  0  0 .5  0  0  0  0  0  0  0  0  0  0 .5 .1 60  0
4A2 .5 .1  0  0  0 .1  0  0  4  0  0  0 .5  0 .1  0  0  0 .5  0  0  0  0  0  0
4A3  0 .1  0 .1 .1 .5  0  0 .5 .1  0 .1  0  0  0
4C1  0  0  0 .5  0  0  0  0  0  0  1  0  0  0 .5  0  0  0  0  0  0 .5  0 60 .1
4C2  1  0  0  0  0  0  0  0  2  0  0  0 .5  0  0  0  0  0 .1  0  0  0  1  0  0
4C3  0 .1  0 .5 .1 .1  0  0 .5 .1  0 .1  0  0  0
4E1  0  0  0  1  0  0  0  0  0  0  2  0  0  0  0 .1  0  0  0  0  0 .5 .1 65  0
4E2  1  0  0  0  0  0  0 .1  2  0 .1  0  1 .1 .5  0  0  0 .5  0  0  0  1  0  0
4E3  0 .1 .1 .5 .1 .5  0  0  1  0  0 .1  0  0  0
4G1  0  0  0  1 .1  0  0  0 .5  0  1  0  0  0 .5  0 .1  0  0  0  0 .1  0 60  0
4G2 .5  0  0  0  0 .1  0  0  3  0 .5  0  0  0 .5  0  0  0  0  0  0  0 .5  0  0
4G3  0 .1  0 .1 .1 .1  0  0 .1  0  0 .1  0  0  0
4I1  0  0  0  1  0  0  0  0 .1  0 .1  0  0  0  0  0  0  0  0  0  0  0  0 70  0
4I2  1  0  0  0  0  0  0  0  2  0  0  0 .1 .5  0  0  0  0 .5  0  0  0  1  0  0
4I3  0 .1 .1 .1 .1 .1  0  0 .1  0  0 .1  0  0  0
8A1  0  0  0  1 .1  0  0  0  0  0  1  0  0  0 .5  0 .5  0  0  0  0  0  0 60  0
8A2 .5  0  0  0  0 .1  0  0  3  0 .1  0 .1 .1 .5  0  0  0 .1  0  0  0  1  0  0
8A3  0 .1  0 .5 .1 .1  0  0 .5 .1  0 .5  0  0  0
8C1  0  0  0 .5 .1  0  0  0 .1  0 .5  0  0  0  0 .1 .5  0  0  0  0  0  0 65  0
8C2 .5 .1  0  0  0 .1  0  0  2  0 .1  0 .5  0  0  0  0  0 .1  0  0  0  1  0  0
8C3  0 .1  0 .1 .1 .5  0  0 .5  0  0 .1  0  0  0
8E1  0  0  0  1  0  0  0  0  0  0  1  0 .1  0 .1  0 .5  0  0  0  0 .1 .1 50 .1
8E2  1  0  0  0  0 .1  0  0  1  0  0  0  0  0 .5  0  0  0 .5  0  0  0 .5  0  0
8E3  0 .1 .1 .1 .1 .1  0  0 .1 .1  0 .1  0  0  0
8G1  0  0  0 .5  0  0  0  0  0  0 .5  0  0  0  0  0 .1  0  0  0  0 .1  0 60  0
8G2  1  0  0  0  0 .1  0  0  1  0  0 .1 .5 .5 .5  0  0  0 .5  0  0  0  1  0  0
8G3  0 .1  0 .1 .1 .1  0  0 .1  0  0 .1  0  0  0
8I1  0  0  0  1  0  0  0  0  0  0 .5  0  0  0  0  0 .1  0  0  0  0 .5  0 75 .1
8I2 .5  0  0  0  0  0  0  0  1  0  0  0  1 .5 .5  0  0  0 .5  0  0  0 .5  0  0
8I3  0 .1  0 .1 .1 .1  0  0 .1  0  0 .1  0  0  0
0A1  0  0  0  1 .1  0  0  0 .1  0 10  0  0  0  0  0  0  0  0  0  0  0  0  0  0
0A2  0  0  0  0  0 .1  0  0 .5  0 .5 .1 .5  0  0  0  0  0  0  0  0  0  0  0  0
0A3  0  0  0 .5  0 .1  0 .1 .5  0  0 .5  0  0  0
0C1  0  0  0  1  0  0  0  0 .5  0 80  0  0  0  0 .5  0  0  0  0  0  0  0  0  0
0C2  0  0  0  0  0 .1  0  0 .5  0  0  0 .5  0  0  0  0  0  0  0  0  0  0  0  0
0C3  0  0  0 .5  0 .5  0  0 .5  0  0  1  0  0  0
0E1  0  0  0  2  0  0  0  0  1  0 65  0 .1  0  0 .5  0  0  0  0  0  0  0  0  0
0E2  0  0  0  0  0 .1  0  0 .1  0  0 .1 .5  0  0  0  0  0  0  0  0  0  0  0  0
0E3  0 .1 .5 .5  0 .1  0 .1 .5  0  0 .5  0  0  0
0G1  0  0  0 20  0  0  0  0 .1  0 40  0  1  0  0  0  0  0  0  0  0  0  0 .5  0
0G2  0  0 .1  0  0  0  0  0 .5  0 .5  0 .5  0  0  0  0  0  0  0  0  0  0  0  0
0G3  0  0 .1 .5  0 .1  0  0 .5 .1  0 .5  0  0  0
0I1  0  0  0  5 .1  0  0  0 .5  0 35  0 .5  0  0  0  0  0  0  0  0  0  0 .5  0
0I2  0  0  0  0  0  0  0  0 .1  0 .1  0 .5  0  0  0  0  0  0  0  0  1  4  0  0
0I3  0 .5  0 .5  0  1  0  0 .1  0  0  2  0  0  0
4A1  0  0  0  2  0  0  0  0  1  0 85  0  0  0  0 .5  0  0  0  0  0  0  0  0  0
4A2  0  0  0  0  0 .5  0  0  0  0 .1  0 .1  0  0  0  0  0  0  0  0  0  0  0  0
4A3  0  0 .1 .5  0  1  0  0 .1 .5  0 .5  0  0  0
4C1  0  0  0  3  0  0  0  0 .1  0 30  0  0  0  0 .1  0  0  0  0  0  0  0  0  0
4C2  0  0  0  0  0 .5  0 .1 .5  0 .1  0 .5 .1  0  0  0  0  0  0  0  0  0  0  0
4C3  0 .1 .1 .5  0 .5  0  0 .5 .5  0 .5  0  0  0
4E1  0  0  0  2 .1  0  0  0 .5  0 35  0  0  0  0 .1  0  0  0  0  0  0  0  0  0
4E2  0  0  0  0  0 .1  0  0 .1  0 .1 .1 .1  0  0  0  0  0  0  0  0  0  0  0  0
4E3  0 .1  0 .5  0 .5  0 .1 .5 .1  0 .1  0  0  0
4G1  0  0  0  1  0  0  0  0  1  0 80  0  0  0  0 .5  0  0  0  0  0  0  0  0  0
4G2  0  0  0  0  0 .1  0  0 .1  0  0  0 .1  0  0  0  0  0  0  0  0  0 .5  0  0
4G3  0 .5  0 .5  0 .5  0 .1 .5 .1  0 .5  0  0  0
4I1  0  0  0  2  0  0  0  0  5  0 85  0  0  0  0 .1  0  0  0  0  0  0  0 .1  0
4I2  0  0  0  0  0  0  0  0  0  0  0  0 .5  0  0  0  0  0  0  0  0  0  0  0  0
4I3  0 .5 .1 .5  0 .5  0 .1 .1 .1  0 .5  0  0  0
8A1  0  0  0  1  0  0  0  0  4  0 80  0  0  0  0 .5  0  0  0  0  0  0  0  0  0
8A2  0  0  0  0  0 .5  0  0  0  0 .1  0  0  0  0  0  0  0  0  0  0  0  0  0  0
8A3  0 .1 .1 .5  0 .5  0 .1 .5 .5  0 .5  0  0  0
8C1  0  0  0  1  0  0  0  0 .5  0 80  0  0  0  0 .5  0  0  0  0  0  0  0  0  0
8C2  0  0  0  0  0  0  0  0 .1  0  0 .1  0  0  0  0  0  0  0  0  0  0  0  0  0
8C3  0 .1 .1 .5  0 .5  0 .1 .5 .1  0 .5  0  0  0
8E1  0  0  0  2 .1  0  0  0  1  0 90  0  0  0  0 .5  0  0  0  0  0  0  0  0  0
8E2  0  0  0  0  0 .1  0  0  0  0  0  0  0  0  0  0  0  0  0  0  0  0  0  0  0
8E3  0  0 .1 .5  0 .5  0 .1 .5 .1  0 .5  0  0  0
8G1  0  0  0  3 .1  0  0  0  2  0 75  0  0  0  0 .5  0  0  0  0  0  0  0  4  0
8G2 .1  0  0  0  0  0 .1  0 .1  0 .1  0 .5  0  0  0  0  0 .5  0  0  0  0  0  0
8G3  0 .1  0 .1  0  0  0 .1 .1  0  0 .5  0  0  0
8I1  0  0  0  3  0  0  0  0  1  0 85  0  0  0  0 .1  0  0  0  0  0  0  0  0  0
8I2  0  0  0  0  0  0  0  0  0  0  0  0  0  0  0  0  0  0  0  0  0  0  0  0  0
8I3  0 .1 .1 .5  0  0  0 .1 .1 .1  0 .5  0  0  0
0A1  0  0  0 .5 .5  0  0  0  1  0  8  0  1 .1  0 .5  0  0  0  0  0 .1  0 35  0
0A2 .1  0  0  0  0 .1 .1  0 .5  0  0 .1 .5 .1 .5  0  0  0 .1  0  0 .1  2  0  0
0A3  0 .1 .1 .1 .1 .1  0 .1 .1  0  0 .1  0  0  0
0C1  0  0  0  1 .5  0  0  0  1  0  2  0  1  0  0 .1  0  0  0  0  0 .5  0 60  0
0C2 .1  0  0  0  0 .5 .1  0 .5  0  0  0 .5 .1  1  0  0  0 .1  0  0 .5  5  0  0
0C3  0 .1 .1 .1 .1 .1  0  0 .1  0  0 .1  0  0  0
0E1  0  0  0 .5  1  0  0  0  2  0  3  0 .5  0  0 .1  0  0  0  0  0 .5  0  4  0
0E2  0  0  0  0  0 .5 .1  0 .5  0  0  0  1  0  2  0  0  0 .1  0  0  0  1  0  0
0E3 .1 .1 .1 .1  0 .1  0 .1 .1  0  0 .1  0  0  0
0G1  0  0  0 .1  1  0  0  0  4  0 25  0 .5  0  0 .5  0  0  0  0  0  0 .1 30 .1
0G2  0 .1  0  0  0 .1 .1  0  1  0  0 .1 .5 .1  2  0  0  0 .1  0  0  0  3  0  0
0G3  0 .1 .1 .1 .1 .5  0 .1 .1  0  0 .1  0  0  0
0I1  0  0 .1  2  3  0  0  0  0  0 .1  0 .5 .1  0  0  0  0  0  0  0 .1 .1  3  0
0I2 .1  0  0  0 .1 .5 .5  0 .5  0  0 .1  2 .1  1  0  0  0  1  0  0 .5  1  0  0
0I3  0 .1 .1 .1  0 .1  0  0 .1  0  0 .1  0  0  0
4A1  0  0  0 .1 .1  0  0  0  0  0  0  0 .5  0  0 .5  0  0  0  0 .5 .5  0 70  0
4A2 .1 .1  0  0  0  0 .1  0 .1  0  0  0  5  0  2  0  0  0 .5  0  0  0  4  0  0
4A3  0 .1 .1 .1 .1 .1  0  0 .1  0  0 .1  0  0  0
4C1  0  0  0 .5  3  0  0  0  0  0 .5  0  2  0  0  1  0  0  0  0  0 .5  0 20 .1
4C2 .1  0  0  0  0 .5 .5  0 .5  0  0 .1  2  0 .5  0  0  0  1  0  0  0 .5  0  0
4C3  0 .1 .1 .1  0 .1  0 .1 .1  0  0 .1  0  0  0
4E1  0  0  0 .1 .5  0  0  0  0  0  0  0  2  0  0 .5  0  0  0  0  0 .1  0 15  0
4E2  0 .1  0  0  0 .5 .5  0  1  0  0 .1  4  0 .5  0  0  0 .5  0  0  0  1  0  0
4E3  0 .1 .1 .1  0 .1  0  0 .1  0  0 .1  0  0  0
4G1  0  0  0 .5  1  0  0  0  0  0  1  0 .5 .1  0 .1  0  0  0  0  0 .1  0  8 .1
4G2  0  0  0  0  0 .5 .1  0  2  0  0  0  5  0 .1  0  0  0 .5  0  0  0  3  0  0
4G3  0 .1 .1 .1 .1 .1  0  0 .1  0  0 .1  0  0  0
4I1  0  0 .1 .5  1  0  0  0 .1  0 .5  0  2 .1  0 .5  0  0  0  0  0 .1  0 15  0
4I2  0  0  0  0  0 .1 .5  0 .5  0  0  0  2  0 .1  0  0  0 .5  0  0 .5  4  0  0
4I3  0 .1 .1 .1 .1 .5  0 .1 .1 .1  0 .1  0  0  0
8A1  0  0  0 .5 .5  0  0  0  0  0  0  0  1  0  0  0  0  0  0  0  0  0  0 20  0
8A2 .5 .1  0  0  0 .1 .1  0 .5  0 .1  0  1 .1 .5  0  0  0 .5  0  0  0  1  0  0
8A3  0 .1 .1 .1 .1 .1  0 .1 .1  0  0 .5  0  0  0
8C1  0  0  0 .5  2  0  0  0  0  0 .5  0  4  0  0 .1  0  0  0  0  0 .1 .1 35 .1
8C2 .5 .1  0  0  0 .1 .1  0 .5  0  0  0  1  0  1  0  0  0  1  0  0 .1  3  0  0
8C3  0 .1 .1 .1 .1 .1  0  0 .1  0  0 .1  0  0  0
8E1  0  0  0 .5 .5  0  0  0  0  0 .5  0 .1 .1  0 .1  0  0  0  0  0  0  0 20  0
8E2 .5  0  0  0  0 .5 .5  0 .5  0  0  0 .5  0 .1  0  0  0 .5  0  0  0  4  0  0
8E3  0 .1 .1 .1 .1 .1  0  0 .1  0  0 .1  0  0  0
8G1  0  0  0 .1 .1  0  0  0  0  0  0  0 .5  0  0 .1  0  0  0  0  0  0  0 30  0
8G2 .5  0  0  0  0 .5 .5  0 .1  0  0  0  3  0  1  0  0  0  1  0  0  0  2  0  0
8G3  0 .1 .1 .1 .1 .5  0 .1 .1 .1  0 .1  0  0  0
8I1  0  0  0 .1 .5  0  0  0  0  0  0  0  1 .1  0  0  0  0  0  0  0 .5  0  4  0
8I2 .1  0  0  0  0 .1 .1  0  1  0  0  0 .5  0 .5  0  0  0 .5  0  0  0 .5  0  0
8I3  0 .1 .1 .1  0 .1  0  0 .1  0  0 .1  0  0  0
0A1  0  0  0  0  0  0  0  0  0  0  0  0  0  0  0  0  0  0  0  0  0 .1  0 25  0
0A2  0  0  0  0  0 .5 .1  0  3  0 .1  0 40  0  0  0  0  0  3  0  0  0 .5  0  0
0A3  0 .1 .1 .1 .1 .1  0  0 .1 .1  0 .1  0  0  0
0C1  0  0  0  0  0  0  0  0  0  0  0  0  0  0  0  0  0  0  0  0  0  0  0 20  0
0C2 .1  0  0  0  0 .1 .1  0  4  0 .1 .1 40  0 .5  0  0  0  4  0  0  0  1  0  0
0C3  0  0  0 .1  0  0  0  0  0  0  0  0  0  0  0
0E1  0  0  0  0  0  0  0  0  0  0  0  0  0  0  0  0  0  0  0  0  0 .1  0 35  0
0E2  0  0  0  0  0  0 .5  0 10  0  0 .1 30  0 .5  0  0  0  2  0  0  0  0  0  0
0E3  0 .1 .1 .1 .1 .5  0  0 .1  0  0  0  0  0  0
0G1  0  0  0  0  0  0  0  0  0  0  0  0  0  0  0  0  0  0  0  0  0 .1 .1 25  0
0G2 .1  0  0  0  0 .1  1  0  5  0 .1  0 35  0  0  0  0  0  2  0  0  0  0  0  0
0G3  0  0  0  0  0  0  0  0  0  0  0  0  0  0  0
0I1  0  0  0  0  0  0  0  0  0  0  0  0  0  0  0  0  0  0  0  0  0  0  0 40  0
0I2  0 .1  0  0  0 .5 .5  0  3  0 .1 .1 30  0  0  0  0  0  2  0  0  0 .5  0  0
0I3  0 .1 .1 .1 .1 .1  0  0 .1 .1  0 .1  0  0  0
4A1  0  0  0  0  0  0  0  0  0  0  0  0  0  0  0  0  0  0  0  0  0 .1  0 40  0
4A2  0 .1  0  0  0 .1 .5  0  4  0 .1  0 45  0 .5  0  0  0  3  0  0  0  2  0  0
4A3  0 .1 .1 .1 .1 .5  0  0 .1 .1  0 .1  0  0  0
4C1  0  0  0  0  0  0  0  0  0  0  0  0  0  0  0  0  0  0  0  0  0  0  0 30  0
4C2  0  0  0  0  0 .1 .1  0  5  0  0  0 30  0 .5  0  0  0  1  0  0  0  1  0  0
4C3  0 .1 .1 .1 .1 .1  0  0 .1  0  0 .1  0  0  0
4E1  0  0  0  0  0  0  0  0  0  0  0  0  0  0 .5  0  0  0  0  0  0 .1  0 20  0
4E2  0  0  0  0  0 .5 .1  0 10  0 .1  0 15  0  0  0  0  0  1  0  0  0  0  0  0
4E3  0 .1 .1 .1 .1 .5  0  0 .1  0  0 .5  0  0  0
4G1  0  0  0  0 .1  0  0  0  0  0  0  0  0  0  0  0  0  0  0  0  0  0  0 20  0
4G2  0  0  0  0  0 .5 .1  0 15  0  0  0 30  0 .5  0  0  0  2  0  0  0 .5  0  0
4G3  0 .1 .1 .1  0 .1  0  0 .1 .1  0 .1  0  0  0
4I1  0  0  0  0  0  0  0  0  0  0  0  0  0  0  0  0  0  0  0  0  0 .1  0 40  0
4I2  0  0  0  0  0 .5 .1  0  4  0  0  0 30  0  0  0  0  0  1  0  0  0  1  0  0
4I3  0 .1 .1 .1  0  0  0 .1 .1  0  0 .1  0  0  0
8A1  0  0  0  0 .1  0  0  0  0  0  0  0  0  0  0  0  0  0  0  0  0 .1  0 15  0
8A2  0  0  0  0  0  0  0  0  5  0 .1  0 60  0  0  0  0  0  1  0  0  0 .5  0  0
8A3  0 .1 .1 .1 .1 .1  0  0 .1  0  0 .1  0  0  0
8C1  0  0  0  0 .5  0  0  0  0  0  0  0  0  0  0  0  0  0  0  0  0 .1  0 35  0
8C2  0  0  0  0  0 .1 .5  0  8  0 .1  0 35  0  0  0  0  0  1  0  0  0  0  0  0
8C3  0 .1 .1 .1  1 .1  0  0 .1 .1  0 .5  0  0  0
8E1  0  0  0  0 .5  0  0  0  0  0  0  0  0  0  0  0  0  0  0  0  0  0  0 30  0
8E2 .1  0  0  0  0 .1 .1  0  5  0  0  0 40  0  0  0  0  0  1  0  0  0  0  0  0
8E3  0 .1 .1 .1  1 .1  0 .1 .1 .1  0 .5  0  0  0
8G1  0  0  0  0  0  0  0  0  0  0  0  0  0  0  0  0  0  0  0  0  0 .1  0 15  0
8G2  0 .1  0  0  0 .1 .1  0 15  0  0 .1 25  0  0  0  0  0 .5  0  0  0  0  0  0
8G3  0 .1 .1 .1 .1 .1  0  0 .1  0  0 .1  0  0  0
8I1  0  0  0  0 .5  0  0  0  0  0  0  0  0  0  0  0  0  0  0  0  0  0  0 25  0
8I2  0  0  0  0  0 .5 .1  0  5  0 .1 .1 35  0  0  0  0  0  1  0  0  0  0  0  0
8I3  0 .1 .1 .1 .1 .1  0  0 .1  0  0 .1  0  0  0
0A1  0  0  0 .1  0  0  0  0  0  0  0  0  0 .1  0  0  0  0  0  0  0 .5  0 .5  0
0A2  0  0  0  0  0 .5 .1  0 .5  0 .1  0  1  0  0  0  0  0  1  0  0  0  1  0  0
0A3  0 .1 .1 .1 .1 .1  0  0 .1 .1  0 .5  0  0  0
0C1  0  0  0  0  0  0  0  0  0  0  0  0 .1  0  0  0  0  0  0  0  0  0  0 .1  0
0C2  0  0  0  0  0 .5 .1  0 .5  0 .1  0 .5  0  0  0  0  0  0 .1  0  0  2  0  0
0C3  0 .1 .1 .1 .5 .1  0 .1 .1 .1  0 .5  0  0  0
0E1  0  0 .5 .1 .1  0  0  0  0  0  0  0  0  0  0  0  0  0  0  0  0  0  0 .5  0
0E2  0  0  0  0  0 .1  0  0 .5  0  0  0 .1  0  0  0  0  0  0  0  0  0  2  0  0
0E3  0 .1  0 .1 .1 .1  0 .1 .1 .1  0 .1  0  0  0
0G1  0  0  0  0  0  0  0  0  0  0  0  0  0  0  0  0  0  0  0  0  0  0  0  2  0
0G2  0  0  0  0  0 .5  0 .1  0  0 .1 .1 .5  0  0  0  0  0 .1  0  0  0  1  0  0
0G3  0 .1 .1 .1 .5 .1  0  0 .5 .1  0 .5  0  0  0
0I1  0  0  0 .1  0  0  0  0  0  0  0  0 .1 .1  0  0  0  0  0  0  0  0  0 .1  0
0I2  0  0  0  0  0  1 .1  0 .5 .1  0  0  1  0  0  0  0  0  1  0  0  0  1  0  0
0I3  0 .1  0 .1 .5 .1  0 .1 .1  0  0 .5  0  0  0
4A1  0  0  0 .1 .1  0  0  0  0  0  0  0  0  0  0  0  0  0  0  0  0  0  0 .5  0
4A2  0  0  0  0  0 .5 .1  0 .5  0  0  0  1  0  0  0  0  0 .1  0  0  0  1  0  0
4A3  0 .1 .1 .1 .1 .5  0 .1 .1  0  0 .5  0  0  0
4C1  0  0  0 .1 .5  0  0  0  0  0 .1  0  0 .1  0 .1  0  0  0  0  0  0  0 .1  0
4C2  0  0  0  0  0 .5  0  0 .5  0  0  0  1  0  0  0  0  0 .5  0  0  0  1  0  0
4C3  0 .1 .1 .1 .1 .1  0 .1 .1 .5  0 .5  0  0  0
4E1  0  0  0 .1 .5  0  0  0  0  0 .5  0  0  0  0  0  0  0  0  0  0  0  0 .1  0
4E2  0  0  0  0  0 .1  0 .1  1  0 .1  0  1  0  0  0  0  0 .1  0  0  0  6  0  0
4E3  0 .1  0 .1 .1 .1  0  0 .1  0  0 .1  0  0  0
4G1  0  0  0 .5 .5  0  0  0 .1  0 .5  0  0  0  0  0  0  0  0  0  0  0  0 .1  0
4G2  0  0  0  0  0 .1  0  0 .5  0  0  0 .5  0  0  0  0  0 .1  0  0  0  2  0  0
4G3  0 .1 .1 .1 .1 .5  0 .1 .1 .1  0 .5  0  0  0
4I1  0  0  0 .5 .5  0  0  0  0  0 .5  0  0  0  0  0  0  0  0  0  0  0  0 .5  0
4I2  0  0  0  0  0  0 .1  0 .5  0  0  0 .5  0  0  0  0  0 .1  0  0  0  1  0  0
4I3  0 .1 .1 .1 .1 .5  0 .1 .1  0  0 .5 
8A1  0  0  0 .1 .5  0  0  0 .1  0 .5  0  0  0  0  0  0  0  0  0  0 .1  0 .1  0
8A2  0  0 .1  0  0 .1  0 .1 .1 .1 .1 .1 .1  0  0  0  0  0  0  0  0  0  1  0  0
8A3  0 .1 .1 .1 .1 .1  0 .1 .1  0  0  1  0  0  0
8C1  0  0 .1 .5  1  0  0  0  0  0  2  0  0  0  0  0  0  0  0  0  0 .1  0 .1  0
8C2  0  0  0  0  0 .1  0 .1  0  0 .1 .1 .1  0  0  0  0  0  0  0  0  0  2  0  0
8C3  0 .1 .1 .1  0 .1  0 .1 .5 .1  0 .5  0  0  0
8E1  0  0  0 .5 .5  0  0  0  0  0  1  0 .5  0  0  0  0  0  0  0  0  0  0 .1  0
8E2  0  0  0  0  0 .1 .1  0  1  0 .1  0 .5  0  0  0  0  0  1  0  0  0  1  0  0
8E3  0 .1 .1 .1 .1 .5  0  0 .1  0  0 .5  0  0  0
8G1  0  0  0 .5  1  0  0  0  0  0  2  0 .1  0  0  0  0  0  0  0  0 .1  0 .1  0
8G2  0  0  0  0 .1 .1  0  0 .5  0  0 .1 .1  0  0  0  0  0 .1  0  0  0  1  0  0
8G3  0 .1  0 .1  0 .5  0 .1 .5 .1  0 .5  0  0  0
8I1  0  0  0 .1 .1  0  0  0  0  0 .5  0  0  0  0  0  0  0  0  0  0 .1  0  2  0
8I2  0  0  0  0  0  0  0  0 .1  0  0  0 .1  0  0  0  0  0 .1  0  0 .5  3  0  0
8I3  0 .1  0 .1  0 .1  0 .1 .1  0  0 .1  0  0  0
0A1  0 .1  0 .1  0  0 .5  0  0  2  3  0  0  0  0  0  1  0  0  0  0  0  0 .1  0
0A2  0  0  0  0 .1  0  0  0 .5  0 .1  0 .1 .1  0  0  0  0  0  0  0  0  0  0  0
0A3  0 .1 .5 .1  0 .5  0  0 .1 .1  0 .1  0  0  0
0C1  0 .1  0  0  0  0 .5  0  0 20  2  0  0  0  0  0  2  0  0 .1  0  0 .1 .1  0
0C2  0  0  0  0 .1  0  0  0 .1  0  0  0  0 .5 .1  0  0  0  0  0  0  1  0  0  0
0C3  0 .1 .1 .1  0 .5  0  0 .1  0  0 .1  0  0  0
0E1  0  0  0  0  0  0 .1  0  0  1 .5  0  0  0  0  0 .5  0  0  0  0  0 .1 .1  0
0E2  0  0  0  0  0  0  0  0 .5  0 .1  0 .1 .5  0  0  0  0  0 .1  0  2  0  0  0
0E3  0 .1 .1 .1  0 .5  0  0 .1 .1  0 .1 .5  0  0
0G1  0  0  0 .1  0  0 .1  0  0  1  2  0  0  0  0 .1  1  0  0  0  0  0  0  2  0
0G2  0  0  0  0  0  0  0  0 .5  0  0  0 .1  1 .1  0  0  0  0  0  0 .5  0  0  0
0G3 .1 .1 .1 .1  0 .5  0 .1 .1  0  0 .1  0  0  0
0I1  0  0  0 .5  0  0  0  0  0  1  3  0  0  0  0  0 .5  0  0  0  0  0 .1 25  0
0I2 .1  0  0  0  0 .1  0  0 .5  0  0 .1 .1 .1  0  0  0  0  0  0  0 .5  0  0  0
0I3  0 .1 .1 .1  0 .1  0  0 .1  0  0 .1  0  0  0
4A1  0  0 .1 .1  0  0 .1  0  0  2  1  0 .1  0  0 .1  1  0  0  0  0  0  0  1  0
4A2  0  0  0  0  0 .1  0  0 .1  0 .1  0 .5  1  0  0  0  0  0  0  0  1  0  0  0   
4A3 .5 .1 .1 .1  0 .5  0  0 .1 .5  0 .1 .5  0 .1
4C1  0  0  0 .1 .1  0  0  0  0  1 .5  0  0  0  0 .5 .5  0  0  0  0  0 .1  2  0
4C2  0  0  0  0 .1 .1 .1  0 .5  0 .1 .1 .5  1  0  0  0  0  0  0  0  0  0  0  0
4C3  0 .1 .1 .1  0 .1  0  0 .5 .1  0 .1  0  0  0
4E1  0 .1  0  0  0  0  0  0  0 .5  3  0  0  0  0  0 .5  0  0  0  0  0  0  7  0
4E2  0  0  0  0 .1 .1  0  0 .5  0  0  0 .5 .5 .1  0  0  0  0  0  0  0  1  0  0
4E3  0 .1 .1 .1  0 .1  0 .1 .1  0  0 .1  0  0  0
4G1  0  0  0  0  0  0  0  0  0  0 .5  0  0  0  0  0  0  0  0  0  0  0 .1  5  0
4G2  0  0  0  0 .1  0 .1  0 .5  0 .1  0 .1 .5 .5  0  0  0  0  0  0  0  0  0  0
4G3  0 .1 .1 .1  0 .5  0 .1 .1 .1  0 .1 .5  0  0
4I1  0 .5  0 .1  0  0  0  0  0  0 .5  0  0  0  0  0  0  0  0  0  0  0  0 15  0
4I2  0  0  0  0 .5 .1  0  0 .5  0 .1 .1 .5 .5 .1  0  0  0  0  0  0 .5  1  0  0
4I3  0 .1 .1 .1  0 .1  0 .1 .1 .1  0 .1  0  0  0
8A1  0 .1 .1  0  0  0 .1  0  0 .5  1  0 .1  0  0  0  1  0  0  0  0  0  0  5  0
8A2  0  0  0  0  0  0 .1  0  2  0  0  0 .5 .5 .5  0  0  0  0  0  0 .1  0  0  0
8A3  0 .1 .5 .1  0 .1  0 .1 .1 .1  0 .1 .5  0  0
8C1  0  0  0  0  0  0 .1  0  0  1  2  0  0  0  0 .5  1  0  0  0  0  0  0  2  0
8C2  0  0  0  0  0  0 .1  0 .1  0 .1  0 .1 .1  0  0  0  0  0  0  0  1  1  0  0
8C3  0 .1 .1 .5  0 .1  0  0 .1 .1  0 .1  0  0  0
8E1  0  0  0 .1  0  0  0  0  0 .5  1  0  0  0  0  0 .5  0  0  0  0  0  0  3  0
8E2  0  0  0  0 .1  0  0  0 .5  0  0 .1 .1 .1  0  0  0  0  0  0  0  0  0  0  0   
8E3  0 .1 .1 .1  0 .5  0  0 .1 .1  0 .1  0  0  0
8G1  0  0  0  0  0  0 .1  0  0  1  5  0  0  0  0  0  2  0  0  0  0  0  0  2  0
8G2  0  0  0  0  0 .1  0  0 .5  0 .1  0 .5 .5 .1  0  0  0  0  0  0  0  1  0  0
8G3  0 .1 .1 .1  0 .5  0  0 .5 .1  0 .1 .1  0  0
8I1  0  0 .5  0  0  0 .5  0  0 .1  1  0 .1  0  0  0 .5  0  0  0  0  0  0  5  0
8I2  0  0  0  0  0  0  0  0 .1  0 .1  0 .5 .5  0  0  0  0  0  0  0  0  0  0  0
8I3 .1 .1 .1 .1  0 .1  0  0 .1  0  0 .1  0 .1  0
0A1  0 .5 .5 .1  0  0  0  0 .5  0 10  0 .1  0  0  0 .1  0  0  0  0  0  0 .5  0
0A2  0  0  0  0  0 .1  0 .1 .5  0 .1  0 .5 .1  0  0  0  0  0  0  0  1  0  0  0
0A3 .5 .1 .1 .1  0 .1 .1  0 .1 .1  0 .1 .5  0  0
0C1  0  0  0  0  0  0  0  0 .5  0 50  0  1  0  0  0 .5  0  0  0  0  0  0 .1  0
0C2  0  0  0  0  0 .5  0  0 .5  0  0 .1 .5 .5  0  0  0  0  0  0  0  1  0  0  0
0C3  0 .1 .1 .1  0 .1  0 .1 .1  0  0 .1 .5  0  0
0E1  0  0  0 .5  0  0  0  0  1  0 30  0  1  0  0  0  0  0  0  0  0  0  0 .5  0
0E2  0  0  0  0  0 .1  0  0  1  0 .1 .1 .5 .5  0  0  0  0  0  0  0 .5  0  0  0
0E3  1 .1 .1 .1  0 .1  0  0 .5 .1  0 .1 .5  0  0
0G1  0  0 .1 .1  0  0  0  0  5  0 40  0 .5  0  0  0 .1  0  0  0  0  0  0  1  0
0G2  0  0  0  0  0 .5  0  0 .5  0  0 .1 .5 .1  0  0  0  0  0  0  0  1  0  0  0
0G3 .5 .1 .1 .1 .1 .1  0  0 .1  0  0 .1  1  0  0
0I1  0 .1  0 .1  0  0  0  0  0  0  5  0 .5  0  0  0  0  0  0  0  0  0  0 .5  0
0I2 .1  0  0  0  0 .1  0  0  2  0  0 .1 .5 .5  0  0  0  0  0  0  0  2  0  0  0
0I3  0 .1 .1 .1  0 .1  0  0 .1  0  0 .1  0  0  0
4A1  0  0 .5  0  0  0  0  0 15  0 45  0 .1  0  0  0  5  0  0  0  0  0  0 .5  0
4A2  0  0  0  0  0 .1  0  0 .1  0  0  0 .1 .5  0  0  0  0  0  0  0 .5  0  0  0
4A3 .1 .1 .1 .1 .1 .1  0 .1 .1 .1  0 .1  0  0  0
4C1 .1  0  0  0  0  0  0  0  5  0 40  0  0  0  0  0  2  0  0  0  0  0  0 .5  0
4C2  0  0  0  0 .1 .1  0 .1 .1  0 .1 .1 .1 .5  0  0  0  0  0  0  0 .1  0  0  0
4C3  0 .1 .1 .1  0 .5  0  0 .1  0  0 .1 .5  0  0
4E1  0 .1  0 .1  0  0  0  0  5  0 30  0 .1  0  0  0  3  0  0  0  0  0  0 .5  0
4E2  0  0  0  0  0 .1  0  0 .1  0  0  0 .5 .1  0  0  0  0  0  0  0  0 .5  0  0
4E3  0 .1 .1 .1  0 .1  0 .1 .1  0  0 .1 .5  0  0
4G1  0  0  0 .1  0  0  0  0 15  0 20  0  0  0  0  0  1  0  0  0  0  0  0 .5  0
4G2  0  0  0  0  0 .1  0  0 .5  0  0  0 .5 .1  0  0  0  0  0  0  0  0  0  0  0
4G3 .1 .1 .1 .1  0 .5 .1 .1 .1 .1  0 .1 .5  0  0
4I1  0  0  0 .1  0  0  0  0 10  0 20  0 .5  0  0  0  5  0  0  0  0  0  0 .1  0
4I2  0  0  0  0  0  0  0  0 .5  0  0  0 .5 .5  0  0  0  0  0  0  0  0  0  0  0
4I3  0 .1 .1 .5  0 .5  0  0 .1 .5  0 .1  0  0  0
8A1  0  0  0 .1  0  0  0  0  2  0 15  0  2  0  0  0 .5  0  0  0  0  0  0  1  0
8A2  0  0  0  0  0 .1 .1  0 .5  0  0  0 .5 .5  0  0  0  0  0  0  0 .1  0  0  0
8A3 .5 .1 .1 .1  0 .1  0  0 .1 .1  0 .1 .1  0  0
8C1  0  0  0  0  0  0  0  0  1  0 10  0  0  0  0  0 .5  0  0  0  0  0  0 .1  0
8C2  0  0  0  0 .1 .1  0  0  0  0  0  0 .1  0  0  0  0  0  0  0  0  0  0  0  0
8C3  0 .1 .1 .1  0 .1  0  0 .1  0  0 .1 .1  0  0
8E1  0  0  0  0  0  0  0  0 10  0 20  0 .1  0  0  0 .5  0  0  0  0  0  0 .5  0
8E2 .1  0  0  0 .1 .1  0  0 .5  0  0 .1 .1 .5  0  0  0  0  0  0  0  1  0  0  0
8E3  0 .1 .1 .1  0 .1  0  0 .1  0  0 .1 .5  0  0
8G1  0  0  0  0  0  0  0  0  2  0  7  0  3  0  0  0  1  0  0  0  0  0  0 .5  0
8G2 .1  0  0  0  0 .5  0  0  3  0  0 .1  1  1  0  0  0  0  0  0  0  0  0  0  0
8G3  0 .1 .1 .1  0 .5  0  0 .1  0  0 .1  0  0  0
8I1  0  0  0 .1  0  0  0  0 .5  0  2  0  1 .1  0 .1  1 .1  0  0  0  0  0  0  0
8I2  0  0  0  0  0 .1  0  0  2  0 .1  0  1 .5  0  0  0  0  0  0  0  0  0  0  0
8I3 .1 .1 .1 .1  0 .1  0 .1 .1  0  0 .1  0  0  0
