  12.6400 0 2.72000 15.3600 11.5584 0.09879  1.0867 12.7439  1.7782 0.098790 &
  13.1391 15.0161 3.85281 0.000000 0.197580 4.05039 13.1391 0.000000 1.18548 &
  14.3245  5.7298 0.000000 0.00000  5.7298 26.2781 0.000000 4.64313 30.9212 &
   74.976 0.19758 22.9719  98.146
  13.3600 0 0.00000 13.3600 13.2379 0.09879  0.4939 13.8306  2.6673 0.000000 &
   0.6915  3.3589 4.54434 0.000000 0.098790 4.64313 11.1633 0.000000 1.18548 &
  12.3487  6.3226 0.000000 0.00000  6.3226 33.8849 0.000000 0.09879 33.9837 &
   85.180 0.09879  2.5685  87.848
   6.0800 0 0.08000  6.1600  8.5947 1.28427  0.2964 10.1754  1.8770 0.296370 &
   0.0988  2.2722 2.27217 0.000000 0.098790 2.37096  7.6068 0.000000 0.09879 &
   7.7056  5.5322 0.098790 0.09879  5.7298 19.1653 0.000000 0.29637 19.4616 &
   51.128 1.67943  1.0679  53.876
        * *       *       *  8.1008 2.27217  0.4939 10.8669  1.8770 0.197580 &
   0.1976  2.2722 2.07459 0.098790 0.395160 2.56854  7.6068 0.098790 1.77822 &
   9.4838  6.3226 0.098790 0.09879  6.5201 31.0201 0.000000 0.09879 31.1188 &
        *       *       *       *
        * *       *       * 25.7842 0.19758 12.5463 38.5281 12.0524 0.000000 &
   0.3952 12.4475 7.50804 0.000000 0.098790 7.60683  9.5826 0.000000 0.29637 &
   9.8790 10.1754 0.000000 0.19758 10.3729 33.8849 0.000000 0.09879 33.9837 &
        *       *       *       *
        * *       *       *  4.7419 0.09879  0.0988  4.9395  4.1492 0.000000 &
   0.0000  4.1492 3.75402 0.000000 0.000000 3.75402  1.5806 0.000000 0.00000 &
   1.5806  3.2601 0.000000 0.09879  3.3589 15.7076 0.000000 0.88911 16.5967 &
        *       *       *       *
        * *       *       *  5.6310 3.26007  0.0988  8.9899  8.8911 0.296370 &
   0.0988  9.2863 1.28427 0.000000 0.395160 1.67943  3.2601 0.098790 0.59274 &
   3.9516  2.9637 0.098790 0.00000  3.0625 15.0161 0.000000 0.00000 15.0161 &
        *       *       *       *
   2.6400 0 8.80000 11.4400  7.8044 0.19758  0.0988  8.1008  3.4576 0.098790 &
   0.0000  3.5564 2.07459 0.000000 0.197580 2.27217  4.1492 0.000000 0.00000 &
   4.1492  4.4455 0.000000 0.09879  4.5443 16.5967 0.000000 0.09879 16.6955 &
   41.168 0.29637  9.2939  50.758
  10.2400 0 0.24000 10.4800 13.4354 0.79032  0.3952 14.6209 27.6612 0.098790 &
   1.7782 29.5382 5.72982 0.000000 0.098790 5.82861  4.6431 0.000000 0.00000 &
   4.6431 10.5705 0.098790 2.17338 12.8427 50.5805 0.098790 2.07459 52.7538 &
  122.861 1.08669  6.7601 130.707
        * *       *       * 15.2137 6.32256  0.1976 21.7338  9.3850 0.098790 &
   0.5927 10.0766 4.93950 0.197580 0.296370 5.43345 10.0766 0.000000 0.00000 &
  10.0766  8.5947 0.000000 0.09879  8.6935 32.8971 0.098790 0.29637 33.2922 &
        *       *       *       *
   8.9920 0 2.36800 11.3600 11.4102 1.46209  1.5806 14.4530  7.3796 0.118548 &
   1.6992  9.1973 3.80341 0.029637 0.187701 4.02075  7.2808 0.019758 0.51371 &
   7.8143  6.3917 0.039516 0.28649  6.7177 27.5031 0.019758 0.85947 28.3824 &
   72.761 1.68930  7.4952  81.945
   4.5490 0 3.77048  3.4576  6.1309 2.02127  3.8645  9.5906  8.0238 0.112155 &
   4.0547 12.1908 1.94217 0.066678 0.135374 2.14423  3.7734 0.041654 0.64831 &
   4.4633  2.6492 0.051015 0.66588  3.0965 11.2571 0.041654 1.47124 11.6832 &
   38.325 2.33443 14.6105  46.626
