1B1  0  0  0  0  0  0  0  1  0  0  0  0 .1  0  0 .1  0  0  0 .1  0  0 .1 10 .5
1B2  0  0  0  0  0  0  0  0  0  0  0  0  0  0 
1D1  0  0  0  0  0  0  0  0  0  0  0  0  0  0  0 .1  0  0  0  0  0 .1  0  5 .5
1D2  0  0  0  0  0  0  0  0  0  0  0  0  0  0 
1F1  0  0  0  0  0  0  0  0  0  0 .1  0  0  0  0  0  0  0  0  0  0  0  0  4 .1
1F2  0  0  0  0  0  0  0  0  0  0  0  0  0  0 
1H1  0  0  0  0  0  1  0  0  0  0  0  0  0  0  0  0  0  0 .1  0  0  0  0  3 .1
1H2  0  0  0  0  0  0  0  0  0  0  0  0  0  0 
1J1  0  0  1  0  0  5  0  0  0  0  0  0  0  0  0 .1  0  0  0  0  0 .1 .1 20  0
1J2  0  0  0  0  0  0  0  0  0  0  0  0  0  0 
3J1  0  0  0  0  0 .5  0  0  0  0  0  0  0  0  0  0  0  0  0  0  0  0  0 20 .5
3J2  0  0  0  0  0  0  0  0  0  0  0  0  0  0 
3H1  0  0  1  0  0  2  0  0  0  0 .5  0  0  0  0  0  0  0  0  0  0  0  0 85 .5
3H2  0  0  1  0  0  0  0  0  0  0  0  0  0  0 
3F1  0  0  1  0  0  2  0  0  0  0 .1  0 .1  0  0 .1  0  0  0  0  0  0  0 15 .5
3F2  0  0  0  0  0  0  0  0 10  0  0  0  0  0 
3D1  0  0  1  0  0 10  0  0  0  0  0  0  0  0  0 .1  0  0  0  0  0  0 .1 25  1
3D2  0  0  0  0  0  0  0  0  1  0  0  0  0  0 
3B1  0  0  0  0  0 .5  0  0  0  0  0  0  0  0  0  0  0  0  0  0  0  0  0 80 .5
3B2  0  0 .5  0  0  0  0  0  0  0  0  1  0  0 
5B1  0  0  0  0  0  0 .5  2  0  0  0  0 .1  0 .1 .5  0  0  0 .5  0 .5 .1  6 .5
5B2 .5  0  0  0  0 .1  0  0  0  0  0  0 .1  0 
5D1  0  4  0  0  0  0 .1  0  0  0  0  0  0  0  0 .1  0  0  0  0  0  0  0 60 .5
5D2  0  0  0  0  0  0  0  0  1  0 .5  0  0  0 
5F1  0  0  0  0  0 .5  0  0  0  0  0  0  0  0  0 .1  0  0  0  0  0  0  0 25 .1
5F2  0  0  0  0  0  0  0  1  5  0  1  0  0  0 
5H1  0  0  0  0  0  0  1  0  0  0  0  0  0  0  0  0 .5  0  0 .5  0 .5 .5 10 .1
5H2  0  0  0  0  0  0  0  0  0  0  0  0  0  0 
5J1  0  0  0  0  0  0  0  0  0  0  0  0 .1  0  0 .5  0  0  0 .1  0  0  0  0  0
5J2  0  0  0  0  0  0  0  0  0  0  0  0  0  0 
7J1  0  0  0  0  0  0  0  0  0  0  0  0  0  0  0  0  0  0  0  0  0  0  0 10 .5
7J2  0  0  0  0  0  0  0  0 .5  0  0  0  0  0 
7H1  0  0  0  0  0  0  0  0  0  0 .1  0  0  0  0  0  0  0  0 .1  0  0  0 85 .5
7H2 .1  0  1  0  0  0  0  0  0  0  0  0  0  0 
7F1  0  0  0  0  0  0  0  0  0  0  1  0  0  0  0 .1 .1 .1  0  0  0 .1 .5 70 .5
7F2  0  0  0  0  0  0  0  0  0  0  0  0  0  0 
7D1  0  0  0  0  0  0  0  0  0  0  0  0  0  0  0  0  0  0  0  0  0  0 .1 55 .5
7D2  0  0  0  0  0  0  0  0  0  0  0  0  0  0 
7B1  0  0  0  0  0  0  0  0  0  0 .1  0  0  0  0 .1 .5  0  0  0  0  0  0 80  1
7B2  0  0 .5  0  0 .1  0  0  0  0  0  0  0  0 
9B1  0  0  0  0  0  0  0  0  0  0  0  0  0  0  0  0  0  0  0  0  0  0  0 50 .5
9B2  0  0  0  0  0  0  0  0  0  0  0  0  0  0 
9D1  0  0  0  0  0  0  0  0  0  0  0  0  0  0  0  0  0  0  0  0  0  0  0 10  0
9D2  0  0  0 .5  0  0  0  0  0  0  0  0  0  0 
9F1  0  0  0  0  0  0  0 .5  0  0  0  0  0  0  0  0  0  0  0  0  0  0  0 95  1
9F2 .5  0 .1  0  0  0  0  0  0  0  0  0  0  0 
9H1  0  0  0  0  0 .1  0  0  0  0  0  0 .5  0  0  0 .1  0  0  0  0  0  0  5 .1
9H2  0  0  0  0  0  0  0  0  0  0  0  0  0  0 
9J1  0  0  0  0  0  0  0  0  0 .1  0  0  0  0  0  0 .1  0  0  0  0  0  0 65 .5
9J2  0  0  0  0  0  0  0  0  0  0  0  0  0  0 
1B1  0  0  0  0  0  0  0  1  0  0  1  0  0  0  0 .5 .5  0  0  0  0  0 .5 15 .5
1B2  0 .1  0  0  0  0  0  0  0  0  0  0  0  0 
1D1  0  0  0  0  0  0  0  0  0  0  0  0  0  0  0 .1  0  0  0  0  0 .1  0 10  1
1D2  0  0  0  0  0  0  0  0  0  0  0  0  0  0 
1F1  0  0  0  0  0  0  0  0  0  0 .5  0  0  0  0  0  0  0  0  0  0  0  0  3 .5
1F2  0  0  0  0  0  0  0  0  0  0  0  0  0  0 
1H1  0  0  0  0  0  1  0  0  0  0  0  0  0  0  0  0  0  0  0  0  0  0  0  4  1
1H2  0  0  0  0  0  0  0  0  0  0  0  0  0  0 
1J1  0  0  1  0  0 10  0  0  0  0  0  0  0  0  0 .5 .1  0  0  0  0 .1  0 20  0
1J2  0  0  0  0  0  0  0  0  0  0  0  0 .1  0 
3J1  0  0  0  0  0 .1  0  0  0  0  0  0  0  0  0  0  0 .1  0  0  0  0  0 35 .5
3J2  0  0  0  0  0  0  0  0  0  0  0  0  0  0 
3H1  0  0 .5  0  0  1  0  0  0  0 .1  0  0  0  0 .1  0  0  0  0  0  0  0 80 .5
3H2  0  0  1  0  0  0  0  0  0  0  0  0  0  0 
3F1  0  0  1  0  0 .5  0  0  0  0 .5  0  0  0  0  0  0  0  0  0  0  0 .1 30  1
3F2  0  0  0  0  0  0  0  0 25  0  0  0  0  0 
3D1  0  0  1  0  0 25  0  0  0  0  0  0  0  0 .1  0  0  0  0  0  0 .1 .5 35  1
3D2  0  0  0  0  0  0  0  0  1  0  0  0 .1  0 
3B1  0  0  0  0  0  0  0  0  0  0  0  0  0  0  0  0  0  0  0  0  0  0  0 80 .5
3B2  0  0  0  0  0  0  0  0 .5  0  0  1  0  0 
5B1  0  0  0  0  0  0 .1  3  0  0  0  0 .1  1  0  1  0  0  0  0  0  1  1  7  0
5B2  0  0  0  0  0 .1  0  0  0  0  0  0 .5  0 
5D1  0  5  0  0  0  0 .1 .1  0  0 .5  0  0  0  0 .5  0  0  0  0  0  0 .5 55 .5
5D2  0  0  0  0  0  0  0  0  2  0  0  0  0  0 
5F1  0  0  0  0  0 .1  0  0  0  0  0  0  0  0  0 .5  0  0  0  0  0  0 .5 35 .5
5F2  0  0  0  0  0  0  1 10  0  0  0  0  0  0 
5H1  0  0 .1  0  0  0  1  0  0  0  0  0  0  0 .5 .1  1  0  0  0  0  1  1 10  0
5H2 .5  0  0  0  0 .1  0  0  0  0  0  0 .5  0 
5J1  0  0  0  0  0  0  0  0  0  0  0  0 .5  0  0 .5  0 .1  0  0  0  0  0  2  0
5J2  0  0  0  0  0  0  0  0  0  0  0  0 .1  0 
7J1  0  0  0  0  0  0  0  0  0  0  0  0  0  0  0  0  0  0  0  0  0  0 .1 20  1
7J2  0  0  0  0  0  0  0 .5  0  0  0  0  0  0 
7H1  0  0  0  0  0  0  0  0  0  0  0  0 .1  0  0 .1  0  0  0  0  0  0 .1 80 .5
7H2  0  0  0  0  0  0  0  0  0  0  0  0  0  0 
7F1  0  0  0  0  0  0  0  0  0  0  2  0 .1  0  0 .1 .1  0  0  0  0 .5  0 60 .5
7F2  0  0  0  0  0  0  0  0  0  0  0  0  0  0 
7D1  0  0  0  0  0  0  0  0  0  0 .5  0  0  0  0  0  0  0  0  0  0  0  0 75 .5
7D2  0  0  0  0  0  0  0  0  0  0  0  0  0  0 
7B1  0  0  0  0  0  0  0 .5  0  0 .1  0  0  0  0 .1 .1  0  0  0  0 .1 .1 85 .5
7B2  0  0  1  0  0 .1  0  0  0  0  0  0  0  0 
9B1  0  0  0  0  0  0  0  0  0  0  0  0  0  0  0  0  0  0  0  0  0  0 .1 80  1
9B2  0 .1  0  0  0  0  0  0  0  0  0  0  0  0 
9D1  0  0  0  0  0  0  0  0  0  0  0  0  0  0  0  0  0  0  0  0  0  0  0 15 .1
9D2  0  0  0  0  0  0  0  0  0  0  0  0  0  0 
9F1  0  0  0  0  0  0  0 .5  0  0  0  0  0  0  0  0  0  0  0  0  0  0 .1 90  0
9F2  1 .1  0  0  0  0  0  0  0  0  0  0  0  0 
9H1  0  0  0  0  0 .1  0  0  0  0  0  0  1  0  0 .5  0  0  0  0  0  0  0  6 .1
9H2  0  0  0  0  0  0  0  0  0  0  0  0  0  0 
9J1  0  0  0  0  0  0  0  0  0  0  0  1 .1  0  0  0  0  0  0  0  0  0 .1 75  2
9J2  0  0  0  0  0  0  0 .5  0  0  0  0  0  0 
1B1  0  0  0  0  0  0  0 .5  0  0 .5  0  0  0  0 .1  0  0  0  0  0  0 .5 15 .5
1B2 .1  0  0  0  0  0  0  0  0  0  0  0  0  0 
1D1  0  0  0  0  0  0  0  0  0  0  0  0  0  0  0 .1  0  0  0  0  0 .1  0  7  1
1D2  0  0  0  0  0  0  0  0  0  0  0 .1  0  0 
1F1  0  0  0  0  0  0  0  0  0  0  0  0  0  0  0  0  0  0  0  0  0  0  0  3 .5
1F2  0  0  0  0  0  0  0  0  0  0  0  0 .1  0 
1H1  0  0  0  0  0  2  0  0  0  0  0  0  0  0  0  0  0  0  0  0  0  0  0  3  1
1H2  0  0  0  0  0  0  0  0  0  0  0  0  0  0 
1J1  0  0  1  0  0 10  0  0  0  0  0  0  0  0 .1 .5 .1  0  0  0  0  0  0 25  0
1J2  0  0  0  0  0  0  0  0  0  0  0  0 .5  0 
3J1  0  0  0  0  0 .5  0  0  0  0  0  0  0  0  0  0  0  0  0  0  0  0  0 25  0
3J2  0  0  0  0  0  0  0  0  0  0  0  0 .1  0 
3H1  0  0 .5  0  0 .5  0  0  0  0  0  0  0  0  0  0  0  0  0  0  0  0  0 80  1
3H2  0  0  1  0  0  0  0  0  0  0  0  0  0  0 
3F1  0  0 .5 .5  0  1  0  0  0  0 .5  0  0  0  0  0  0  0  0  0  0  0 .1 20 .5
3F2  0  0  0  0  0  0  0  0  5  0  0  0  0  0 
3D1  0  0  1  0  0 10  0  0  0 .1  0  0  0  0 .1 .1  0  0  0  0  0  0  0 30  1
3D2  0  0  0  0  0  0  0  0  1  0  0  0 .1  0 
3B1  0  0  0  0  0 .1  0 .1  0  0  0  0  0  0  0  0  0  0  0  0  0  0  0 65 .5
3B2  0  0  0  0  0  0  0  0  0  0  0  1  0  0 
5B1  0  0  0  0  0  0 .5  1  0  0  0  0  0  0 .1 .5  0  0  0 .5  0 .5 .5  8  0
5B2  0  0  0  0  0  0  0  0  0  0 .1  0 .5  0 
5D1  0  5  0  0  0  0 .5  0  0  0 .5  0  0  0  0 .5 .1  0  0  0  0  0  0 65 .5
5D2  0  0  0  0  0  0  0  0  2  0 .5  0  0  0 
5F1  0  0  0  0  0  0  0  0  0  0  0  0  0  0  0 .5  0  0  0  0  0  0 .5 45 .1
5F2  0  0  0  0  0  0  0  1  5  0  2  0  0  0 
5H1  0  0  0  0  0 .5 .5  0  0  0  0  0  0  0  0  0  1  0  0  0  0  1  1 10  0
5H2 .5  0  0  0  0  0  0  0  0  0  0  0 .5  0 
5J1  0  0  0  0  0  0  0  0  0  0  0  0 .1  0  0 .5  0  0  0  0  0  0  0  0  0
5J2  0  0  0  0  0  0  0  0  0  0  0  0 .1  0 
7J1  0  0  0  0  0  0  0  0  0  0  0  0  0  0  0  0  0  0  0  0  0  0  0 25 .5
7J2  0  0  0  0  0  0  0  0  0  0  0  0  0  0 
7H1  0  0  0  0  0  0  0  0  0  0 .1  0  0  0  0  0  0  0  0  0  0  0 .5 85 .5
7H2  0  0  0  0  0  0  0  0  0  0  0  0 .5  0 
7F1  0  0  0  0  0  0  0  0  0  0  1  0  0  0  0  0 .5  0  0  0  0  0 .5 60 .5
7F2  0  0  0  0  0  0  0  0  0  0  0  0  0  0 
7D1  0  0  0  0  0  0  0  0  0  0  0  0  0  0  0  0  0  0  0  0  0  0  0 70 .1
7D2  0  0  0  0  0  0  0  0  0  0  0  0  0  0 
7B1  0  0  0  0  0  0  0  0  0  0  0  0  0  0  0  0  0  0  0  0  0  0  0 85  1
7B2  0  0  0 .5  0  0  0  0  0  0  0  0  0  0 
9B1  0  0  0  0  0  0 .1  0  0  0  0  0  0  0  0  0  0  0  0  0  0  0  0 75  1
9B2  0  0  0  0  0  0  0  0  0  0  0  0  0  0 
9D1  0  0  0  0  0  0  0  0  0  0  0  0  0  0  0  0  0  0  0  0  0  0  0 15  0
9D2  0  0  0  0  0  0  0  0  0  0  0  0  0  0 
9F1  0  0  0  0  0  0  0 .1  0  0  0  0  0  0  0  0  0  0  0  0  0  0 .1 90  0
9F2  1  0  0  0  0  0  0  0  0  0  0  0  0  0 
9H1  0  0  0  0  0  0  0  0  0  0  0  0  0  0  0  0  0  0  0  0  0  0 .1 10 .5
9H2  0  0  0  0  0  0  0  0  0  0  0  0 .5  0 
9J1  0  0  0  0  0  0  0  0  0 .1  0  0  0  0  0  0  0  0  0  0  0  0  0 70  1
9J2  0  0  0  0  0  0  0  0  0  0  0  0  0  0 
1B1  0  0  0  0  0  0  0 .5  0  0 .5  0 .1  0  0 .1 .5  0  0  0  0  0  0 15 .5
1B2  0  0  0  0  0  0  0  0  0  0  0  0  0  0 
1D1  0  0  0  0  0  0  0  0  0  0  0  0 .1  0  0 .5  0  0  0  0  0  0  0  4 .5
1D2  0  0  0  0  0  0  0  0  0  0  0 .5  0  0 
1F1  0  0  0  0  0  0  0  0  0  0  0  0  0  0  0  0  0  0  0  0  0  0  0  3 .5
1F2  0  0  0  0  0  0  0  0  0  0  0  0  0  0 
1H1  0  0  0  0  0  2  0  0  0  0  0  0  0  0  0  0  0  0  0  0  0  0  0  3  1
1H2  0  0  0  0  0  0  0  0  0  0  0  0  0  0 
1J1  0  0 .5  0  0 10  0  0  0  0  0  0  0  0  0 .5  0  0  0  0  0  0  0 20 .1
1J2  0  0  0  0  0  0  0  0  0  0  0  0 .5  0 
3J1  0  0  0  0  0  1  0  0  0  0  0  0  0  0  0  0  0  0  0  0  0 .5  0 25  0
3J2  0  0  0  0  0  0  0  0  0  0  0  0  0  0 
3H1  0  0 .5  0  0  5  0  0  0 .1  0  0  0  0  0  0  0  0  0  0  0  0  0 80 .1
3H2  0  0  1  0  0  0  0  0  0  0  0  0  0  0 
3F1  0  0  0  0  0  2  0  0  0 .1 .1  0  0  0  0  0  0  0  0  0  0  0 .5 20 .1
3F2  0  0  0  0  0  0  0  0 15  0  0  0  0  0 
3D1  0  0  1  0  0 20  0  0  0  0  0  0  0  0 .1  0  0  0  0  0  0  0 .1 20 .5
3D2  0  0  0  0  0  0  0  0  1  0  0  0  0  0 
3B1  0  0  0  0  0  0  0  0  0  0  0  0  0  0  0  0  0  0  0  0  0  0  0 75 .1
3B2  0  0  0  0  0  0  0  0  0  0  0 .5  0  0 
5B1  0  0  0  0  0  0  0  1  0  0  0  0  0  0  0  1  0  0  0 .5  0 .5 .5  7 .5
5B2  0  0  0  0  0  0  0  0  0  0 .1  0 .5  0 
5D1  0  5  0  0  0  0  0  0  0  0  0  0  0  0  0 .1  0  0  0  0  0  0  0 60 .5
5D2  0  0  0  0  0  0  0  0  3  0 .5  0  0  0 
5F1  0  0  0  0  0 .5  0  0  0  0  0  0  0  0  0 .5  0  0  0  0  0  0 .1 30 .1
5F2  0  0  0  0  0  0  0 .5  5  0  0  0  0  0 
5H1  0  0  0  0  0 .5 .5  0  0  0  0  0  0  0  0  0 .5  0  0  0  0  1 .5  7 .5
5H2  0  0  0  0  0 .1  0  0  0  0  0  0  0  0 
5J1  0  0  0  0  0  0  0  0  0  0  0  0 .1  0  0 .1  0 .1  0  0  0  0  0  2  0
5J2  0  0  0  0  0  0  0  0  0  0  0  0  0  0 
7J1  0  0  0  0  0  0  0  0  0  0  0  0  0  0 .1  0  0  0  0  0  0  0  0 20 .5
7J2  0  0  0  0  0  0  0  0  0  0  0  0  0  0 
7H1  0  0  0  0  0  0  0  0  0  0 .5  0  0  0  0  0  0  0  0 .1  0  0  0 80 .5
7H2  0  0  0  0  0  0  0  0  0  0  0  0  0  0 
7F1  0  0  0  0  0  0  0  0  0  0  1  0  0  0  0 .5 .1 .1  0  0  0  0  0 60  1
7F2  0  0  0  0  0  0  0  0  0  0  0  0  0  0 
7D1  0  0  0  0  0  0  0  0  0  0  0  0  0  0  0  0  0  0  0  0  0  0  0 75 .5
7D2  0  0  0  0  0  0  0  0  0  0  0  0  0  0 
7B1  0  0  0  0  0  0  0  0  0  0  0  0  0  0  0 .5  0  0 .1 .1  0  0  0 80 .5
7B2  0  0  0  0  0  0  0  0  0  0  0  0  0  0 
9B1  0  0  0  0  0  0  0  0  0  0  0  0  0  0  0  0  0  0  0  0  0  0 .1 75  1
9B2  0  0  0  0  0  0  0  0  0  0  0  0  0  0 
9D1  0  0  0  0  0  0  0  0  0  0  0  0  0  0  0  0  0  0  0  0  0  0  0 10 .1
9D2  0  0  0  0  0  0  0  0  0  0  0  0  0  0 
9F1  0  0  0  0  0  0  0 .1  0  0  0  0  0  0  0  0  0  0  0  0  0  0 .5 85 .5
9F2  1 .1  0  0  0  0  0  0  0  0  0  0  0  0 
9H1  0  0  0  0  0  0  0  0  0  0  0  0 .5  0  0  0  0  0  0  0  0  0 .1  5 .5
9H2  0  0  0  0  0  0  0  0  0  0  0  0  0  0 
9J1  0  0  0  0  0  0  0  0  0  0  0 .5  0  0  0  0  0  0  0  0  0  0  0 75 .5
9J2  0  0  0  0  0  0  0  0  0  0  0  0  0  0 
1B1  0  0  0  0  0  0 .1 .1  0  0  1  0 .1  0  0  0  0  0  0  0  0  0  0 10 .5
1B2  0  0  0  0  0  0  0  0  0  0  0  0  0  0 
1D1  0  0  0  0  0  0  0  0  0  0  0  0  0  0  0 .5  0  0  0  0  0  0  0  5 .1
1D2  0  0  0  0  0  0  0  0  0  0  0 .1  0  0 
1F1  0  0  0  0  0  0  0  0  0  0 .1  0  0  0  0  0  0  0  0  0  0  0  0  5  0
1F2  0  0  0  0  0  0  0  0  0  0  0  0  0  0 
1H1  0  0  0  0  0  2  0  0  0  0  0  0  0  0  0  0  0  0  0  0  0  0  0  3 .5
1H2  0  0  0  0  0  0  0  0  0  0  0  0  0  0 
1J1  0  0  0  0  0 10  0  0  0  0  0  0  0  0  0 .5  0  0  0  0  0 .5  0 20 .1
1J2  0  0  0  0  0  0  0  0  0  0  0  0 .1  0 
3J1  0  0  0  0  0  0  0  0  0  0  0  0  0  0  0  0  0  0  0  0  0 .5  0 30 .5
3J2  0  0  0  0  0  0  0  0  0  0  0  0  0  0 
3H1  0  0  0  0  0  3  0  0  0  0 .5  0  0  0  0  0  0  0  0  0  0  0  0 85 .5
3H2  0  0 .5  0  0  0  0  0  0  0  0  0  0  0 
3F1  0  0 .5  0  0  1  0  0  0 .1  0  0  0  0  0  0  0  0  0  0  0  0 .1 25 .5
3F2  0  0  0  0  0  0  0  0 25  0  0  0  0  0 
3D1 .1  0  1  0  0 25  0  0  0  0  0  0  0  0 .1  0  0  0  0  0  0  0  0 30  1
3D2  0  0  0  0  0  0  0  0  1  0  0  0  0  0 
3B1  0  0  0  0  0 .1  0  0  0  0  0  0  0  0  0  0  0  0  0  0  0  0  0 75 .1
3B2  0  0  0  0  0  0  0  0  0  0  0 .5  0  0 
5B1  0  0  0  0  0  0 .1  2  0  0  0  0  0  0  0 .5  0  0 .1 .5  0  1 .5 10  4
5B2  0  0  0  0  0  0  0  0  0  0  0  0 .5  0 
5D1  0  2  0  0  0  0 .1  0  0  0 .5  0  0  0  0 .1  0  0  0 .1  0  0 .1 40 .5
5D2  0  0  0  0  0  0  0  0  2  0 .5  0  0  0 
5F1  0  0  0  0  0 .5  0  0  0  0  0  0  0  0  0 .5  0  0  0  0  0  0 .5 50  0
5F2  0  0  0  0  0  0  0  1 10  0 .5  0  0  0 
5H1  0  0  0  0  0  0 .5  0  0  0  0  0  0  0 .5 .5 .5  0  0 .5  0  1 .5 20 .5
5H2  0  0  0  0  0 .1  0  0  0  0  0  0  0  0 
5J1  0  0  0  0  0  0 .5  0  0  0  0  0 .5  0  0 .5  0  0  0  0  0  0  0  2 .1
5J2  0  0  0  0  0  0  0  0  0  0  0  0 .5  0 
7J1  0  0  0  0  0  0  0  0  0  0  0  0  0  0  0  0  0  0  0  0  0  0  0 15 .5
7J2  0  0  0  0  0  0  0 .5  0  0  0  0  0  0 
7H1  0  0  0  0  0  0  0  0  0  0 .5  0  0  0  0 .1  0  0  0  0  0  0 .5 80  0
7H2  0  0  0  0  0  0  0  0  0  0  0  0  0  0 
7F1  0  0  0  0  0  0  0  0  0  0  1  0  0  0  0 .5 .1  0  0  0  0  0  0 60 .5
7F2  0  0  0  0  0  0  0  0  0  0  0  0  0  0 
7D1  0  0  0  0  0  0  0  0  0  0 .5  0  0  0  0  0  0  0  0  0  0  0  0 65 .5
7D2  0  0  0  0  0  0  0  0  0  0  0  0  0  0 
7B1  0  0  0  0  0  0  0  0  0  0  0  0  0  0  0 .5 .1  0  0  0  0  0 .1 85 .5
7B2  0  0 .5  0  0  0  0  0  0  0  0  0  0  0 
9B1  0  0  0  0  0  0  0  0  0  0  0  0  0  0  0  0  0  0  0  0  0  0 .5 75 .5
9B2  0  0  0  0  0  0  0  0  0  0  0  0  0  0 
9D1  0  0  0  0  0  0  0  0  0  0  0  0  0  0  0 .1  0  0  0  0  0  0  0  7 .5
9D2  0  0  0  0  0  0  0  0  0  0  0  0  0  0 
9F1  0  0  0  0  0  0 .1 .5  0  0  0  0  0  0  0  0  0  0  0  0  0  0 .1 90  0
9F2  1  0  0  0  0  0  0  0  0  0  0  0  0  0 
9H1  0  0  0  0  0 .5  0  0  0  0  0  0 .5  0  0 .5  0  0  0  0  0  0  0  6 .5
9H2  0  0  0  0  0  0  0  0  0  0  0  0  0  0 
9J1  0  0  0 .1  0  0  0  0  0 .1  0  1  0  0  0  0  0  0  0  0  0  0  0 70 .5
9J2  0  0  0  0  0  0  0  0  0  0  0  0  0  0 
