 1B  1  0  0  0  0  0  0  0 .1  0  0  0 .1  0.01  0.01  0  0  0  0  0 .1 80  0 
 1B  1  0  0  0  1  0  0  0  1  0  0  0  0  0 
 1D  1  0  0  0  0  0  2  0  0  0  0 .1  0  0  3  0  0  0  0  0  0  0  0 20  0 
 1D  0  0  0  0  0  0  0  0  0  0  0  0  0  0 
 1F  0  0  0  0  0  0  1  0  0  0  0  0  0  0  0  0  0  0 .1  0  0  0.01 60 .1 
 1F .1  0  1  0  0  0  0  0  5  0  0  0  0  0 
 1H  0  0  0  0  0  0  0  0  0  0  0  0  0  0.01  0  0  0  0  0  0  0 .1  3 .1 
 1H  0  0  0  0  0  0  0  0  0  0  0  0  0  0 
 1J  0  0  0  0  0  0 .1  0  0  0  0  0  0  0.01  0  0  0.01  0  0  0.01  2.01 
 1J  0  0  0  0  0  0  0  0  0  0  0  0  0  0 
 3J  1  0 .1  0  0  2 30  0  0  0 .1  0  0  0  0  0  0  0  0  0  0  0  0  0  0 
 3J  0  0  0  0  0  0  0  0  0  0  0  0  0  0 
 3H  0  0.01  0  0 .1 75  0  0  0  5  0  0  0  0  0  0  0  0  0  0  0  0  0  0 
 3H  0  0  0  0  0  0  0  0  0  0  0  0  0  0 
 3F  0  0 .1  0  0  0 .1  0  0  0  0  0  0  0.01  0  0  0  0  0  0  0.01 30 .1 
 3F  0  0  0  0  0  0  0  7  5  0  1  0  0  0 
 3D.01  0  0  0  0  0.01  0  0  0  0  0  0  0  0  0  0  0  0  0  0  0.01  1  1 
 3D  0  0  0  0  0  0  0  0  0  0  0  0  0  0 
 3B  0  0  0  0  0  0  7  0  0  0.01  0  0  0.01  0  0  0  0  0  0  0  0 35 .1 
 3B  0  0  0  0  0  0  0  0  0  0  0  0  0  0 
 5B  0  0  0  0  0  0  0  0  6  0  0  0  0  0  0  0.01  0 .1  0.01  0  1 40  0 
 5B  0  0  0  0  0  0  0  0.01  0 .1  0  0  0 
 5D  0  0  0  0  0  0  0  0  0  0  0  0  0  0.01  0  0  0 .1  0  0  0.01 25  0 
 5D  1  0  0  0  0  0  0  0  0  0  0  0  0  0 
 5F  0  0  0  0  0  0  1  0  0  0  1  0  0  0  0  0  0  0  0  0  0  0  0 60 .1 
 5F  0  0  0  0  0  0  0  0  0  0  0  0  0  0 
 5H  0  0  0  0  0  0  0  0  0  0  0.01  0  0.01.01  0.01  0  0  0  0 .1 20.01 
 5H.01  0  0  0  0  0  0  0  0  0  0  0  0  0 
 5J  0  0  0  0  0  0  0  0.01  0  0  0  0  0 .1  0  0  0.01  0  0  0  0 85  0 
 5J  0  0  0 .1  0  0  0  0  0  0  0  0  0  0 
 7J .1  0  0  0  0  0.01  0  0  0 .1  0  0  0  0  0  0  0  0  0  0  0  0  2 .1 
 7J  0  0  0  0  0  0  0  0  0  0  0  0  0  0 
 7H  0  0  0  0  0  0  0.01  0  0  0  0  0  0.01  0.01  0  0  0  0  0 .1 75  0 
 7H  1  0  0  0  0  0  0  0  0  0  0  0  0  0 
 7F  0  0.01  0  0  0.01  0  0  0  0  0  1  0  0  0  0  0  0  0  0  0.01 70  0 
 7F  0  0  0  0.01  0  0  0  0  0  0  0  0  0 
 7D  0  0  0  0  0  0  0  0  0  0  0  0  0  0.01  0  0  0  0  0  0  0.01 30 .1 
 7D  0  0  0  0  0  0  0  0  0  0  0  0  0  0 
 7B  0  0  0  0  0  0  0  0  0  0  0  0  0  0  0  0  0  0  0  0  0  0  0  3 .1 
 7B  0  0  0  0  0  0  0  0  0  0  0  0  0  0 
 9B  0  0  0  0  0  1 80  0  0  0  0  0  0  0.01  0  0  0  0  0  0  0  0  2  0 
 9B  0  0  0  0  0  0  0  0  0  0  0  0  0  0 
 9D .1  0 .1  0  0  0  1  0  0  0  1 .1  0  0  0  0  0  0  0  0  0  0  0 .1  0 
 9D  0  0  0  0  0  0  0  0  0  0  0.01  0  0 
 9F  1  0  0  0  0  0 15  0  0  0  7  0  0  0  0  0  0  0  0  0  0  0  0 .1  0 
 9F  0  0  0  0  0  0  0  0  0  0  0  0  0  0 
 9H  0  0.01  0  0  0  3  0  0  0.01  0  0  0.01  0  0  0  0  0  0  0  0 40  0 
 9H  0  0  0  0  0  0  0  0  1  0  0  0  0  0 
 9J  0  0  0  0  0  0  0  0  0  0  0  0  0  0.01.01  0  0  0  0  0  0  0  0  0 
 9J  0  0  0  0  0  0 .1  0  0  0  0  0  0  0 
 1B  0  0  0  0  0  0  0  0  0  0  0  0  1  0 .1  0.01  0  0  0  0  0 .1 75  0 
 1B .1  0  1  0 .1  0  0  0  1  0  0  0  0  0 
 1D  1  0  0  0  0  0 .1  0  0  0  0  0  0  0  2  0  0  0  0  0  0  0  0 20  0 
 1D  0  0  0  0  0  0  0  0  0  0  0  0  0  0 
 1F  0  0  0  0  0  0 .1  0  0  0  0  0  0  0  0  0  0  0  0  0  0  0  0 65 .1 
 1F .1  0 .1  0  0  0  0  0  2  0  0  0  0  0 
 1H  0  0  0  0  0  0  0  0  0  0  0  0.01  0.01  0  0  0  0  0  0  0  0  4 .1 
 1H  0  0  0  0  0  0  0  0  0  0  0  0  0  0 
 1J  0  0  0  0  0  0  0  0  0  0  0  0  0  0.01  0  0  0  0  0  0  0.01  2 .1 
 1J  0  0  0  0  0  0  0  0  0  0  0  0  0  0 
 3J  1  0  0  0  0  5 25  0  0  0 .1  0  0  0  0  0  0  0  0  0  0  0  0  0  0 
 3J  0  0  0  0  0  0  0  0  0  0  0  0  0  0 
 3H  0  0 .1  0  0  2 80  0  0  0  3  0  0  0  0  0  0  0  0  0  0  0  0  0  0 
 3H  0  0  0  0  0  0  0  0  0  0  0  0  0  0 
 3F  0  0.01  0  0  0.01  0  0  0  0  0  0  0  0  0  0  0  0  0  0  0  0 25  1 
 3F  0  0  0  0  0  0  0  7 10  0  0  0  0  0 
 3D  0  0  0  0  0  0  0  0  0  0  0  0  0  0.01  0  0  0  0  0  0  0  0  1  1 
 3D  0  0  0  0  0  0  0  0  0  0  0  0  0  0 
 3B  0  0  0  0  0  0  6  0  0  0 .1  0  0  0.01  0  0  0  0  0  0  0  0 30  0 
 3B  0  0  0  0  0  0  0  0  0  0  0  0  0  0 
 5B  0  0  0  0  0  0  0  0 10  0  0  0 .1  0.01  0  0  0  0  0.01  0  1 50.01 
 5B .1  0  0  0  0  0  0  0  0  0  0  0  0  0 
 5D  0  0  0  0  0  0  0  0  0  0  0  0  0  0.01  0  0  0  0  0  0  0.01 10 .1 
 5D  1  0  0  0  0.01  0  0  0  0  0  0  0  0 
 5F  0  0  0  0  0  0  1  0  0  0 .1  0  0  0  0  0  0  0  0  0  0  0  0 65 .1 
 5F .1  0  0  0  0  0  0  0  0  0  0  0  0  0 
 5H  0  0  0  0  0  0  0  0  0  0  0  0  0  0  0 .1  0  0  0  0  0  0 .1 20  0 
 5H .1  0  0  0  0  0  0  0  0  0  0  0  0  0 
 5J  0  0  0  0  0  0  0  0  0  0  0  0  0  0 .1  0  0  0  0  0  0  0  0 85  0 
 5J  0  0  0 .1  0  0  0  0  0  0  0  0  0  0 
 7J .1  0  0  0  0  0  0  0  0  0.01  0  0  0  0  0.01  0  0  0  0  0  0  2.01 
 7J  0  0  0  0  0  0  0  0  0  0  0  0  0  0 
 7H  0  0  0  0  0  0  0.01  0  0  0  0  0  0 .1  0  0  0  0  0  0  0.01 75  0 
 7H  1  0  0  0  0  0  0  0  0  0  0  0  0  0 
 7F  0  0.01  0  0  0  0  0  0  0  0  0  1  0  0  0  0  0  0  0  0  0.01 80  0 
 7F  0  0  0  0  0  0  0  0  0  0  0  0  0  0 
 7D  0  0  0  0  0  0  0  0  0  0  0  0  0  0  0  0  0  0 .1  0  0  0.01 25 .1 
 7D  0  0  0  0  0  0  0  0  0  0  0  0  0  0 
 7B  0  0  0  0  0  0  0  0  0  0  0  0  0  0  0  0  0  0  0  0  0  0  0  3  1 
 7B  0  0  0  0  0  0  0  0  0  0  0  0  0  0 
 9B  0  0  0  0  0  1 90  0  0  0  0  0  0  0.01  0  0  0  0  0  0  0  0  1.01 
 9B  0  0  0  0  0  0  0  0  0  0  0  0  0  0 
 9D  1  0 .1  0  0  0 .1  0  0  0  1 .1  0  0  0  0  0  0  0  0  0  0  0  0  0 
 9D  0  0  0  0  0  0  0  0  0  0  0  0  0  0 
 9F  1  0  0  0  0  0 15  0  0  0 10  0  0  0  0  0  0  0  0  0  0  0  0 .1  0 
 9F  0  0  0  0  0  0  0  0  0  0  0  0  0  0 
 9H  0  0  0  0  0  0  5  0  0  0  0  0  0  0.01  0  0  0  0  0  0  0  0 60  0 
 9H  0  0  0  0  0  0  0  0  1  0  0  0  0  0 
 9J  0  0  0  0  0  0  0  0  0  0  0  0  0  0 .1 .1  0  0  0  0  0  0  0  0  0 
 9J  0  0  0  0  0  0  0  0  0  0  0  0  0  0 
 1B  0  0  0  0  0  0  0  0  1  0  0  0  1  0  0  0.01  0  0  0  0  0  1 80  0 
 1B .1  0.01  0  0  0  0  0 .1  0 .1  0  0  0 
 1D  1  0  0  0  0  0  2  0  0  0.01  0  0  0  2  0  0  0  0  0  0  0  0 20  0 
 1D  0  0  0  0  0  0  0  0  0  0  0  0  0  0 
 1F  0  0.01  0  0  0 .1  0  0  0  0  0  0  0  0  0  0  0  0  0  0  0  0 40  1 
 1F .1  0  0  0  0  0  0  0  4  0  0  0  0  0 
 1H  0  0  0  0  0  0  0  0  0  0  0  0.01  0.01  0  0  0  0  0  0  0  0  4 .1 
 1H  0  0  0  0  0  0  0  0  0  0  0  0  0  0 
 1J  0  0  0  0  0  0 .1  0  0  0  0  0  0  0  0  0  0  0  0  0  0  0.01  2 .1 
 1J  0  0  0  0  0  0  0  0  0  0  0  0  0  0 
 3J  2  0 .1  0  0  5 45  0  0  0 .1  0  0  0  0  0  0  0  0  0  0  0  0  0  0 
 3J  0  0  0  0  0  0  0  0  0  0  0  0  0  0 
 3H  0  0 .1  0  0  1 80.01  0  0  5  0  0  0  0  0  0  0  0  0  0  0  0  0  0 
 3H  0  0  0  0  0  0  0  0  0  0  0  0  0  0 
 3F  0  0 .1  0  0  0 .1.01  0  0.01  0.01  0  0  0  0  0  0  0  0  0 .1 30  1 
 3F  0  0  0  0  0  0  0  5  7  0  0  0  0  0 
 3D  0  0  0  0  0  0.01  0  0  0  0  0  0  0  0  0  0  0  0  0  0  0.01  1  1 
 3D  0  0  0  0  0  0  0  0  0  0  0  0  0  0 
 3B  0  0  0  0  0  0  4  0  0  0 .1  0  0  0  0  0  0  0  0  0  0  0  0 35  0 
 3B.01  0.01  0  0  0  0  0 .1  0  0  0  0  0 
 5B  0  0  0  0  0  0  0  0  3  0  0  0  0  0  0  0  0  0.01  0.01  0  1 55  0 
 5B.01  0  0  0  0  0  0  0 .1  0  0  0  0  0 
 5D  0  0  0  0  0  0  0  0  0  0  0  0  0  0  0  0  0  0 .1  0  0  0.01 20  0 
 5D  1  0  0  0  0  0  0  0  0  0  0  0  0  0 
 5F  0  0  0  0  0  0 .1  0  0  0  0  0  0  0  0  0  0  0  0  0  0  0 .1 65 .1 
 5F  0  0  0  0  0  0  0  0  0  0  0  0  0  0 
 5H  0  0  0  0  0  0  0  0  0  0  0  0  0  0.01 .1  0  0.01  0  0  0.01 20  0 
 5H  0  0  0  0  0  0  0  0  0  0  0  0  0  0 
 5J  0  0  0  0  0  0  0  0  0  0  0  0  0  0  1  0  0  0  0  0  0  0  0 85  0 
 5J  0  0  0 .1  0  0  0  0  0  0  0  0  0  0 
 7J .1  0  0  0  0  0  0  0  0  0  0  0  0  0  0  0  0  0  0  0  0  0  0  1  0 
 7J  0  0  0  0  0  0  0  0  0  0  0  0  0  0 
 7H  0  0  0  0  0  0  0.01  0  0  0  0  0  0.01  0  0  0.01  0  0  0 .1 70.01 
 7H .1  0  0  0  0  0  0  0  0  0  0  0  0  0 
 7F  0  0.01  0  0  0  0  0  0  0  0  0 .1  0  0  0  0  0  0  0  0  0.01 80  0 
 7F  0  0  0  0  0  0  0  0  0  0  0  0  0  0 
 7D  0  0  0  0  0  0  0  0  0  0  0  0  0  0  0  0  0  0  0  0  0  0.01 25 .1 
 7D  0  0  0  0  0  0  0  0  0  0  0  0  0  0 
 7B  0  0  0  0  0  0  0  0  0  0  0  0  0  0  0  0  0  0  0  0  0  0  0  2 .1 
 7B  0  0  0  0  0  0  0  0  0  0  0  0  0  0 
 9B  0  0  0  0  0 .1 85  0  0  0  0  0  0  0  0  0  0  0  0  0  0  0  0 .1  0 
 9B  0  0  0  0  0  0  0  0  0  0  0  0  0  0 
 9D  1  0 .1  0  0  0 .1  0  0  0  1  0  0  0  0  0  0  0  0  0  0  0  0  0  0 
 9D  0  0  0  0  0  0  0  0  0  0  0  0  0  0 
 9F  0  0  0  0  0  0 15  0  0  0  3  0  0  0  0  0  0  0  0  0  0  0  0 .1  0 
 9F  0  0  0  0  0  0  0  0  0  0  0  0  0  0 
 9H  0  0.01  0  0 .1  2  0  0  0  0  0  0  0  0  0  0  0  0  0  0  0  0 60  0 
 9H  0  0  0  0  0  0  0  0  1  0  0  0  0  0 
 9J  0  0  0  0  0  0  0  0  0  0  0  0  0  0.01  0  0  0  0  0  0  0  0  0  0 
 9J  0  0  0  0  0  0 .1  0  0  0  0  0  0  0 
 1B  0  0  0  0  0  0  0  0 .1  0  0  0  1  0  0  0  0  0  0  0.01  0 .1 65  0 
 1B .1  0  0  0  0  0  0  0  1  0.01  0  0  0 
 1D .1  0  0  0  0  0  1  0  0  0.01  0  0  0  1  0  0  0  0  0  0  0  0 20 .1 
 1D  0  0  0  0  0  0  0  0  0  0  0  0  0  0 
 1F  0  0.01  0  0  0 .1  0  0  0  0  0  0  0  0  0  0  0.01  0  0  0  0 40 .1 
 1F .1  0 .1  0  0  0  0  0  8  0  0  0  0  0 
 1H  0  0  0  0  0  0  0  0  0  0  0  0  0  0.01  0  0  0  0  0  0  0.01  4 .1 
 1H  0  0  0  0  0  0  0  0  0  0  0  0  0  0 
 1J  0  0  0  0  0  0 .1  0  0  0  0  0  0  0  0  0  0  0  0  0  0  0  0  2.01 
 1J  0  0  0  0  0  0  0  0  0  0  0  0  0  0 
 3J  3  0.01  0  0  1 50  0  0  0  0  0  0  0  0  0  0  0  0  0  0  0  0  0  0 
 3J  0  0  0  0  0  0  0  0  0  0  0  0  0  0 
 3H  0  0 .1  0  0 10 60  0  0 15  0  0  0  0  0  0  0  0  0  0  0  0  0  0  0 
 3H  0  0  0  0  0  0  0  0  0  0  0  0  0  0 
 3F  0  0 .1  0  0  0 .1  0  0  0  0  0  0  0  0.01  0  0.01  0  0  0  0 25  1 
 3F  0  0  0  0  0  0  0  5 20  0  0  0  0  0 
 3D  0  0  0  0  0  0.01  0  0  0  0  0  0  0  0  0  0  0  0  0  0  0  0  1  1 
 3D  0  0  0  0  0  0  0  0  0  0  0  0  0  0 
 3B  0  0  0  0  0  0 10  0  0  0  1  0  0  0.01  0  0  0  0  0  0  0  0 30.01 
 3B  0  0  0  0  0  0  0  0  0  0  0  0  0  0 
 5B  0  0  0  0  0  0  0  0  6  0  0  0  0  0  0  0  0  0.01  0  0  0  1 60  0 
 5B .1  0  0  0  0  0  0  0  0  0.01  0  0  0 
 5D  0  0  0  0  0  0  0  0  0  0  0  0  0  0  0  0  0  0 .1  0  0  0  0 10.01 
 5D  1  0  0  0  0  0  0  0  0  0  0  0  0  0 
 5F  0  0  0  0  0  0 .1  0  0  0 .1  0  0  0.01  0  0  0  0  0  0  0 .1 70 .1 
 5F  0  0  0  0  0  0  0  0  0  0  0  0  0  0 
 5H  0  0  0  0  0  0  0  0  0  0  0  0  0  0  0.01  0  0.01  0  0  0  0 20.01 
 5H .1  0  0  0  0  0  0  0  0  0  0  0  0  0 
 5J  0  0  0  0  0  0  0  0  0  0  0  0.01  0 .1  0  0  0  0  0  0  0.01 85  0 
 5J  0  0  0 .1  0  0  0  0  0  0  0  0  0  0 
 7J  0  0  0  0.01  0 .1  0  0  0 .1  0  0  0  0  0  0  0  0  0  0  0  0  1 .1 
 7J  0  0  0  0  0  0  0  0  0  0  0  0  0  0 
 7H  0  0  0  0  0  0  0.01  0  0  0  0  0  0  0  0 .1  0  0  0  0  0  0 60 .1 
 7H .1  0  0  0  0  0  0  0  0  0  0  0  0  0 
 7F  0  0.01  0  0  0 .1  0  0  0  0  0 .1  0  0  0  0  0  0  0  0  0  0 80  0 
 7F .1  0  0  0 .1  0  0  0  0  0  0  0  0  0 
 7D  0  0  0  0  0  0  0  0  0  0  0  0  0  0  0  0  0  0  0  0  0  0.01 25 .1 
 7D  0  0  0  0  0  0  0  0  0  0  0  0  0  0 
 7B  0  0  0  0  0  0  0  0  0  0  0  0  0  0.01  0  0  0  0  0  0  0  0  3 .1 
 7B  0  0  0  0  0  0  0  0  0  0  0  0  0  0 
 9B  0  0  0  0  0 .1 85  0  0  0  0  0  0  0  0  0  0  0  0  0  0  0  0  1  0 
 9B  0  0  0  0  0  0  0  0  0  0  0  0  0  0 
 9D  2  0 .1  0.01  0  1  0  0  0  1  0  0  0  0  0  0  0  0  0  0  0  0  0  0 
 9D  0  0  0  0  0  0  0  0  0  0  0  0  0  0 
 9F .1  0  0  0  0  0 10  0  0  0  2  0  0  0  0  0  0  0  0  0  0  0  0 .1  0 
 9F  0  0  0  0  0  0  0  0  0  0  0  0  0  0 
 9H  0  0 .1  0  0  0  3  0  0  0.01  0  0  0  0  0  0  0  0  0  0  0  0 65  0 
 9H  0  0  0  0  0  0  0  0  3  0  0  0  0  0 
 9J  0  0  0  0  0  0  0  0  0  0  0  0  0  0.01.01  0  0  0  0  0  0  0  0  0 
 9J  0  0  0  0  0  0  0  0  0  0  0  0  0  0 
 1B  0  0  0  0  0  0  0  0.01  0  0  0 .1  0.01  0.01  0  0  0  0  0.01 60  0 
 1B .1  0 .1  0 .1  0  0  0 .1  0  0  0  0  0 
 1D  1  0  0  0  0  0  1  0  0  0 .1  0  0  0  1  0  0  0  0  0  0  0  0 15 .1 
 1D  0  0  0  0  0  0  0  0  0  0  0  0  0  0 
 1F  0  0.01  0  0  0.01  0  0  0  0  0  0  0  0  0  0  0.01  0  0  0  0 60  1 
 1F  0  0 .1  0  0  0  0  0  3  0  0  0  0  0 
 1H  0  0  0  0  0  0  0  0  0  0  0  0.01  0.01  0  0  0  0  0  0  0 .1  3 .1 
 1H  0  0  0  0  0  0  0  0  0  0  0  0  0  0 
 1J  0  0  0  0  0  0 .1  0  0  0  0  0  0  0  0  0  0  0  0  0  0  0  0  2.01 
 1J  0  0  0  0  0  0  0  0  0  0  0  0  0  0 
 3J  2  0 .1  0  0  1 30  0  0  0.01  0  0  0  0  0  0  0  0  0  0  0  0  0  0 
 3J  0  0  0  0  0  0  0  0  0  0  0  0  0  0 
 3H  0  0 .1  0  0  2 80  0  0  0  5  0  0  0  0  0  0  0  0  0  0  0  0  0  0 
 3H  0  0  0  0  0  0  0  0  0  0  0  0  0  0 
 3F  0  0 .1 .1  0  0  1  0  0  0.01  0  0  0  0  0  0  0  0  0  0  0  0 30 .1 
 3F  0  0  0  0  0  0  0  8 15  0  0  0  0  0 
 3D  0  0  0  0  0  0  0  0  0  0  0  0  0  0  0  0  0  0  0  0  0  0  0 .1 .1 
 3D  0  0  0  0  0  0  0  0  0  0  0  0  0  0 
 3B  0  0  0  0  0  0  5  0  0  0 .1  0  0  0.01  0  0  0  0  0  0  0  0 20.01 
 3B  0  0  0  0  0  0  0  0  0  0  0  0  0  0 
 5B  0  0  0  0  0  0  0  0  8  0  0  0  0  0  0  0  0  0  0  0.01  0 .1 40  0 
 5B .1  0  0.01  0  0  0  0.01  0  0  0  0  0 
 5D  0  0  0  0  0  0  0  0  0  0  0  0  0  0  0  0  0  0 .1  0  0  0  0 15.01 
 5D  1  0  0  0  0.01  0  0  0  0  0  0  0  0 
 5F  0  0  0  0  0  0  1  0  0  0  1  0  0  0  0  0  0  0  0  0  0  0 .1 55.01 
 5F.01  0  0  0  0  0  0  0  0  0  0  0  0  0 
 5H  0  0  0  0  0  0  0  0  0  0  0  0  0  0.01.01  0  0.01  0  0  0  0 20.01 
 5H .1  0  0  0  0  0  0  0  0  0  0  0  0  0 
 5J  0  0  0  0  0  0  0  0  0  0  0  0  0  0 .1  0  0  0  0  0  0  0  0 85  0 
 5J  0  0.01 .1  0  0  0  0  0  0  0  0  0  0 
 7J.01  0  0  0  0  0  0  0  0  0 .1  0  0  0  0  0  0  0  0  0  0  0  0  2  0 
 7J  0  0  0  0  0  0  0  0  0  0  0  0  0  0 
 7H  0  0  0  0  0  0  0.01  0  0  0  0  0  0  0  0  0  0  0  0  0  0  0 60 .1 
 7H .1  0  0  0  0  0  0  0  0  0  0  0  0  0 
 7F  0  0.01  0  0  0.01  0  0  0  0  0 .1  0  0  0  0  0.01  0  0  0.01 80  0 
 7F  0  0  0  0  0  0  0  0  0  0  0  0  0  0 
 7D  0  0  0  0  0  0  0  0  0  0  0  0  0  0  0  0  0  0.01  0  0  0  0 35 .1 
 7D  0  0  0  0  0  0  0  0  0  0  0  0  0  0 
 7B  0  0  0  0  0  0  0  0  0  0  0  0  0  0  0  0  0  0  0  0  0  0  0  3 .1 
 7B  0  0  0  0  0  0  0  0  0  0  0  0  0  0 
 9B  0  0  0  0  0 .1 85  0  0  0  0  0  0  0  0  0  0  0  0  0  0  0  0  1  0 
 9B  0  0  0  0  0  0  0  0  0  0  0  0  0  0 
 9D  2  0.01  0  0  0 .1  0  0  0  1  0  0  0  0  0  0  0  0  0  0  0  0  0  0 
 9D  0  0  0  0  0  0  0  0  0  0  0  0  0  0 
 9F  1  0  0  0  0  0 20  0  0  3  0  0  0  0  0  0  0  0  0  0  0  0  0 .1  0 
 9F  0  0  0  0  0  0  0  0  0  0  0  0  0  0 
 9H  0  0.01  0  0 .1  2  0  0  0 .1  0  0  0  0  0  0  0  0  0  0  0  0 30  0 
 9H  0  0  0  0  0  0  0  0  1  0  0  0  0  0 
 9J  0  0  0  0  0  0  0  0  0  0  0  0  0  0.01  0  0  0  0  0  0  0  0  0  0 
 9J  0  0  0  0  0  0  0  0  0  0  0  0  0  0 
