STAND 1, SURVEY DATE: 2 Jul 1983, OBSERVERS: G.H. La Roi (#1), ROWS: 4C,4E,4G,4I,6,8, M.S. Ross (#3), ROWS: 0,2,4A, DATA ENTRY: 18 Nov 1995  (Data sheet says thermometer "M" used by MSR reads 2 degr F too high)

QUAD  0A    0C	  0E	0G    0I    2I	  2G	2E    2C    2A	  4A	4C    4E    4G	  4I	6I    6G    6E	  6C	6A    8A    8C	  8E	8G    8I    4a	  4c	4e    4g    4i

PIBA   0.5   9.0   3.0	 4.0   7.0   3.0  10.0	 5.0  10.0  11.0   4.0	 7.0   4.0   5.0   5.0	 5.0   6.0   4.0   1.0	16.0   1.0  16.0   2.0	11.0   7.0
PIGL   0.0   0.0   0.0	 0.0   0.0   0.0   0.0	 0.0   0.0   0.0   0.0	 0.0   0.0   0.0   0.5	 0.0   0.0   0.0   0.0	 0.0   0.0   0.0   0.0	 0.0   0.0
POTR   0.0   0.0   0.0	 0.0   0.0   0.0   0.0	 0.0   0.0   0.0   0.0	 0.0   2.0   0.0   0.0	 0.0   0.0   0.0   0.0	 0.0   0.0   0.0   0.0	 0.0   0.0
ALCR   0.0   0.0   1.0	 0.5  15.0   5.0   0.0	 0.0   0.0   1.0   0.0	 0.0   0.0   0.0   0.0	 0.0   0.0   0.0   0.0	 0.0   0.0   0.0   0.0	 0.0   0.0
AMAL   1.0   0.5   0.1	 0.1   1.0   0.01  1.0	 3.0   1.0   0.1   2.0	 3.0   3.0   0.1   0.0	 0.1   1.0   2.0   2.0	 3.0   0.0   0.5   2.0	 1.0   0.5
ARUV   6.0   1.0   9.0	 5.0   3.0   5.0   4.0	 9.0   8.0   5.0   5.0	13.0  10.0  20.0  20.0	15.0  26.0  17.0  14.0	16.0  11.0  25.0  15.0	24.0  27.0
PRPE   0.1   0.01  0.0	 0.1   0.0   1.0   0.0	 0.01  0.0   0.0   0.0	 0.0   0.0   0.0   1.0	 0.0   0.0   0.0   0.0	 0.0   0.0   0.0   0.0	 0.0   0.0
PRVI   0.0   0.0   0.0	 0.0   0.0   0.0   0.0	 0.0   0.0   0.0   0.0	 0.0   0.0   0.0   0.0	 0.0   0.0   0.0   0.0	 0.0   0.0   0.0   0.0	 0.0   0.1
ROAC   0.5   0.01  0.0	 0.1   0.5   0.5   0.0	 0.01  0.5   1.0   0.0	 2.0   4.0   2.0   0.1	 0.1   2.0   1.0   0.0	 1.0   0.0   0.0   0.1	 0.5   0.1
RUID   0.0   0.0   0.0	 0.1   0.1   0.5   0.0	 0.0   0.0   0.0   0.0	 0.0   0.0   0.0   0.0	 0.0   0.0   0.0   0.0	 0.0   0.0   0.0   0.0	 0.0   0.0
SABE   0.0   0.0   0.0	 0.0   0.0   0.0   0.0	 0.0   0.0   0.0   0.0	 0.0   1.0   0.0   0.0	 0.0   0.0   0.0   0.0	 0.0   0.0   0.0   0.0	 0.0   0.0
SHCA   0.0   0.0   0.5	 0.0   0.0   0.0   0.5	 0.0   0.0   2.0   0.0	 0.0   0.0   0.1   0.1	 0.0   0.0   0.0   0.0	 0.0   0.0   0.0   0.0	 0.0   0.0
SYAL   0.0   0.0   0.0	 0.0   0.0   0.0   0.0	 0.0   0.0   0.0   0.0	 0.0   0.0   0.0   0.0	 0.0   0.0   0.0   0.0	 0.0   0.0   0.0   0.0	 0.0   0.0
VAMY   0.01  0.01  0.01  0.1   0.5   3.0   0.5	 0.5   0.5   2.0   0.1	 0.5   4.0   3.0   0.1	 3.0   0.5   1.0   0.5	 0.5   0.0   2.0   0.1	 1.0   0.0
VAVI   1.0   0.01  7.0	10.0   7.0   4.0   8.0	 6.0   2.0   4.0   1.0	 4.0  11.0  10.0  10.0	10.0   9.0  11.0   6.0	 4.0   0.1  10.0   2.0	 4.0   3.0
ACMI   0.01  0.0   0.0	 0.0   0.0   0.0   0.0	 0.0   0.0   0.0   0.0	 0.0   0.01  0.0   0.0	 0.0   0.0   0.0   0.0	 0.0   0.0   0.0   0.0	 0.0   0.01
ANMU   0.1   0.01  0.01  0.1   0.01  0.5   0.1	 0.01  0.5   0.1   0.1	 0.01  0.01  0.01  0.0	 0.01  0.01  0.01  0.1	 0.01  0.01  0.1   0.0	 0.5   0.01

QUAD  0A    0C	  0E	0G    0I    2I	  2G	2E    2C    2A	  4A	4C    4E    4G	  4I	6I    6G    6E	  6C	6A    8A    8C	  8E	8G    8I    4a	  4c	4e    4g    4i
ANPA   0.0   0.0   0.0	 0.0   0.0   0.0   0.0	 0.0   0.0   0.0   0.0	 0.0   0.5   0.1   0.1	 0.1   0.0   0.1   0.1	 0.01  0.0   0.01  0.0	 0.1   0.01
ANRA   0.0   0.0   0.0	 0.0   0.0   0.0   0.0	 0.0   0.0   0.0   0.0	 0.0   0.5   0.0   0.0	 0.0   0.0   0.0   0.0	 0.0   0.0   0.0   0.0	 0.0   0.0
ARCA   0.0   0.0   0.0	 0.0   0.0   0.0   0.0	 0.0   0.0   0.0   0.0	 0.0   0.0   0.0   0.0	 0.0   0.0   0.0   0.0	 0.0   0.01  0.0   0.1	 0.0   0.0
ASLA   0.5   0.1   0.1	 0.1   0.01  0.5   0.1	 0.5   0.5   0.01  0.5	 0.5   0.5   0.5   0.1	 0.1   0.1   0.5   0.5	 2.0   1.0   0.5   1.0	 1.0   1.0
CARO   0.01  0.0   0.0	 0.01  0.0   0.0   0.01  0.01  0.01  0.0   0.0	 0.0   0.1   0.01  0.01  0.01  0.01  0.1   0.01  0.01  0.0   0.01  0.0	 0.0   0.01
EPAN   0.0   0.0   0.0	 0.0   0.01  0.0   0.0	 0.0   0.0   0.0   0.0	 0.0   0.0   0.0   0.0	 0.0   0.0   0.0   0.0	 0.01  0.0   0.0   0.0	 0.0   0.0
ERGL   0.0   0.0   0.0	 0.01  0.0   0.0   0.0	 0.0   0.0   0.0   0.0	 0.0   0.1   0.0   0.0	 0.0   0.0   0.0   0.0	 0.1   0.0   0.0   0.01  0.0   0.0
FRVI   0.0   0.0   0.0	 0.01  0.0   0.1   0.0	 0.0   0.0   0.0   0.0	 0.0   0.5   0.0   0.0	 0.0   0.0   0.0   0.0	 0.0   0.0   0.0   0.0	 0.0   0.0
GABO   0.1   0.1   0.01  0.1   0.1   0.5   0.5	 0.01  0.1   0.0   0.5	 0.1   0.1   0.5   0.01  0.5   0.01  0.1   0.01  1.0   0.1   1.0   0.5	 0.1   0.5
GELI   0.0   0.0   0.0	 1.0   2.0   0.0   0.0	 0.0   0.0   0.0   0.0	 0.0   0.0   0.0   0.0	 0.0   0.0   0.0   0.0	 0.0   0.0   0.0   0.0	 0.0   0.0
HIUM   0.0   0.0   0.0	 0.0   0.0   0.0   0.0	 0.01  0.0   0.0   0.01  0.1   0.0   0.0   0.1	 0.01  0.0   0.01  0.1	 0.01  0.1   0.1   0.1	 0.1   0.01
LAOC   0.0   0.0   0.0	 0.0   0.0   0.0   0.0	 0.0   0.0   0.0   0.0	 0.0   0.0   0.0   0.0	 0.0   0.0   0.0   0.0	 0.0   0.0   0.0   0.0	 0.0   0.0
LIBO   0.0   0.0   0.0	 0.0   1.0   3.0   0.0	 0.0   0.0   0.5   0.0	 0.5   5.0   3.0   0.0	 0.0   0.0   0.0   0.1	 0.5   0.0   0.5   0.5	 0.1   0.1
LIPH   0.0   0.0   0.0	 0.0   0.0   0.0   0.0	 0.0   0.0   0.0   0.0	 0.0   0.01  0.0   0.0	 0.0   0.0   0.0   0.0	 0.0   0.0   0.0   0.0	 0.0   0.0
MACA   0.5   0.1   1.0	 1.0   3.0   2.0   1.0	 0.5   2.0   0.1   0.5	 2.0   2.0   2.0   1.0	 1.0   0.5   2.0   1.0	 0.5   0.1   1.0   0.1	 2.0   0.5
ORSE   0.0   0.0   0.0	 0.0   0.0   0.0   0.0	 0.0   0.0   0.1   0.0	 0.0   0.0   0.0   0.0	 0.0   0.0   0.0   0.0	 0.0   0.0   0.0   0.0	 0.0   0.0
PYCH   0.0   0.0   0.0	 0.0   0.0   0.0   0.0	 0.0   0.0   0.0   0.0	 0.0   0.5   0.0   0.5	 0.0   0.0   0.0   0.0	 0.0   0.1   0.0   0.0	 0.0   0.0
SOSP   0.01  0.01  0.01  0.1   0.01  0.0   0.01  0.5   0.1   0.0   0.01  0.1   0.1   0.1   0.1	 0.0   0.1   0.01  0.01  0.01  0.1   0.01  0.1	 0.1   0.0
VIAD   0.01  0.0   0.01  0.0   0.01  0.0   0.01  0.0   0.0   0.0   0.01  0.0   0.1   0.1   0.1	 0.0   0.0   0.01  0.1	 0.0   0.0   0.1   0.0	 0.01  0.1
CXSI   0.0   0.01  0.0	 0.0   0.0   0.0   0.0	 0.0   0.0   0.0   0.0	 0.0   0.0   0.0   0.0	 0.0   0.0   0.0   0.0	 0.0   0.0   0.0   0.0	 0.0   0.0
CXRI   0.1   0.5   0.01  0.1   0.1   0.1   0.1	 0.5   0.1   0.0   0.5	 0.5   0.5   0.1   1.0	 0.1   0.1   1.0   1.0	 1.0   1.0   0.1   0.5	 0.5   0.5

QUAD  0A    0C	  0E	0G    0I    2I	  2G	2E    2C    2A	  4A	4C    4E    4G	  4I	6I    6G    6E	  6C	6A    8A    8C	  8E	8G    8I    4a	  4c	4e    4g    4i
ELGL   0.0   0.0   0.0	 0.0   0.0   0.0   0.0	 0.0   0.0   0.0   0.0	 0.0   0.0   0.0   0.0	 0.0   0.0   0.01  0.0	 0.0   0.01  0.0   0.01  0.01  0.0
ELIN   0.1   0.1   0.1	 0.1   1.0   0.5   0.1	 0.5   0.01  0.01  0.1	 0.01  0.1   0.5   0.1	 0.0   0.0   0.1   0.0	 0.01  0.5   0.01  0.0	 0.0   0.1
ORAS   0.01  0.01  0.0	 0.1   0.1   0.1   0.0	 0.0   0.0   0.0   0.0	 0.0   0.5   0.1   0.1	 0.1   0.0   0.01  0.0	 0.0   0.0   0.01  0.01  0.0   0.0
ORPU   0.5   0.1   0.5	 1.0   0.01  0.1   0.1	 1.0   0.01  0.1   2.0	 0.1   0.1   0.5   0.1	 0.1   0.01  0.1   0.1	 0.1   0.5   0.1   0.1	 0.1   0.1
SCPU   0.0   0.0   0.0	 0.0   0.0   0.0   0.0	 0.0   0.0   0.0   0.0	 0.01  1.0   0.0   0.0	 0.0   0.0   0.0   0.0	 0.0   0.0   0.0   0.0	 0.01  0.0
EQVA   0.1   0.01  0.01  0.01  0.0   0.0   0.01  0.1   0.1   0.01  0.01  0.01  0.1   0.01  0.0	 0.01  0.01  0.01  0.01  0.1   0.1   0.1   0.01  0.01  0.01
LYCO   0.0   0.0   0.0	 0.0   0.0   0.0   0.0	 0.0   1.0   2.0   0.0	 0.1   2.0   0.0   0.0	 0.0   0.0   0.0   0.0	 0.0   0.0   0.0   0.0	 0.0   0.0
GEAM   0.0   0.0   0.0	 0.0   0.0   0.0   0.0	 0.0   0.0   0.0   0.0	 0.0   0.0   0.0   0.0	 0.0   0.0   0.0   0.0	 0.0   0.0   0.0   0.0	 0.0   0.0
ROWO   0.0   0.0   0.0	 0.0   0.0   0.0   0.0	 0.0   0.0   0.0   0.0	 0.0   0.0   0.0   0.0	 0.0   0.0   0.0   0.0	 0.0   0.0   0.0   0.0	 0.0   0.0
MELI   0.0   0.0   0.0	 0.0   0.0   0.0   0.0	 0.0   0.0   0.0   0.0	 0.0   0.0   0.0   0.0	 0.0   0.0   0.0   0.0	 0.0   0.0   0.0   0.0	 0.0   0.0
AGSC   0.0   0.0   0.0	 0.0   0.0   0.0   0.0	 0.0   0.0   0.0   0.0	 0.0   0.0   0.0   0.0	 0.0   0.0   0.0   0.0	 0.0   0.0   0.0   0.0	 0.0   0.0
ARLY   0.0   0.0   0.0	 0.0   0.0   0.0   0.0	 0.0   0.0   0.0   0.0	 0.0   0.0   0.0   0.0	 0.0   0.0   0.0   0.0	 0.0   0.0   0.0   0.0	 0.0   0.0
VIRE   0.0   0.0   0.0	 0.0   0.0   0.0   0.0	 0.0   0.0   0.0   0.0	 0.0   0.0   0.0   0.0	 0.0   0.0   0.0   0.0	 0.0   0.0   0.0   0.0	 0.0   0.0
AGSU   0.0   0.0   0.0	 0.0   0.0   0.0   0.0	 0.0   0.0   0.0   0.0	 0.0   0.0   0.0   0.0	 0.0   0.0   0.0   0.0	 0.0   0.0   0.0   0.0	 0.0   0.0
temp  60    60	  61	60    58    60	  61	62    65    61	  67	62    63    62	  60	60    60    60	  59	60    60    60	  59	59    58
