STAND 1, SURVEY DATE: 30 Jul 1989, OBSERVER: G.H. La Roi (#1), ROWS:0,2,4,6,8,	DATA ENTRY: 18 Oct 1995

QUAD  0A    0C	  0E	0G    0I    2I	  2G	2E    2C    2A	  4A	4C    4E    4G	  4I	6I    6G    6E	  6C	6A    8A    8C	  8E	8G    8I    4a	  4c	4e    4g    4i

PIBA   3.0  19.0   8.0	 9.0  14.0   7.0  13.0	10.0  13.0  17.0   7.0	 7.0   4.0   7.0   7.0	 6.0  20.0   5.0   9.0	 9.0   4.0  20.0   2.0	18.0  12.0
PIGL   0.0   0.0   0.0	 0.0   0.0   0.0   0.0	 0.0   0.0   0.0   0.0	 0.0   0.0   0.0   0.5	 0.0   0.0   0.0   0.0	 0.0   0.0   0.0   0.0	 0.0   0.0
POTR   0.0   0.0   0.0	 0.0   0.0   0.0   0.0	 0.0   0.0   0.0   0.0	 0.0   1.0   0.0   0.0	 0.0   0.0   0.0   0.0	 0.0   0.0   0.0   0.0	 0.0   0.0
ALCR   0.0   0.0   2.0	 2.0   8.0   6.0   0.0	 0.0   0.0   3.0   0.0	 0.0   0.0   0.0   0.0	 0.0   0.0   0.0   0.0	 0.1   0.0   0.0   0.0	 0.0   0.0
AMAL   1.0   1.0   0.1	 0.1   2.0   0.1   1.0	 3.0   0.5   0.1   1.0	 1.0   3.0   0.0   0.0	 0.1   0.5   2.0   2.0	 2.0   0.0   0.5   1.0	 0.5   0.5
ARUV  19.0   2.0  17.0	18.0   3.0   8.0  12.0	20.0  16.0  11.0   7.0	11.0   9.0  18.0  18.0	23.0  25.0  14.0  10.0	12.0  15.0  35.0  18.0	23.0  27.0
PRPE   1.0   0.0   0.0	 1.0   0.0   1.0   0.5	 0.1   0.0   0.0   0.0	 0.0   0.0   0.0   0.5	 0.0   0.0   0.0   0.0	 0.0   0.0   0.0   0.0	 0.0   0.0
PRVI   0.0   0.0   0.0	 0.0   0.0   0.0   0.0	 0.0   0.0   0.0   0.0	 0.0   0.0   0.0   0.0	 0.0   0.0   0.0   0.0	 0.0   0.0   0.0   0.0	 0.0   0.1
ROAC   2.0   0.0   0.0	 0.1   0.5   0.0   0.0	 0.1   1.0   1.0   0.5	 3.0   5.0   1.0   0.5	 0.1   2.0   2.0   0.0	 0.5   0.0   0.0   0.0	 0.1   0.5
RUID   0.0   0.0   0.0	 0.0   0.5   0.5   0.0	 0.0   0.0   0.0   0.0	 0.0   0.0   0.0   0.0	 0.0   0.0   0.0   0.0	 0.0   0.0   0.0   0.0	 0.0   0.0
SABE   0.0   0.0   0.0	 0.0   0.0   0.0   0.0	 0.0   0.0   0.0   0.0	 0.0   0.5   0.0   0.0	 0.0   0.0   0.0   0.0	 0.0   0.0   0.0   0.0	 0.0   0.0
SHCA   0.0   0.0   2.0	 0.0   0.0   0.0   0.0	 2.0   0.0   3.0   0.0	 0.5   0.0   0.5   1.0	 0.0   0.0   0.0   0.0	 0.0   0.0   0.0   0.0	 0.0   0.0
SYAL   0.0   0.0   0.0	 0.0   0.0   0.0   0.0	 0.0   0.0   0.0   0.0	 0.0   0.0   0.0   0.0	 0.0   0.0   0.0   0.0	 0.0   0.0   0.0   0.0	 0.0   0.0
VAMY   1.0   0.1   0.5	 0.5   1.0   4.0   0.5	 1.0   1.0   1.0   0.5	 1.0   5.0   4.0   1.0	 3.0   0.5   1.0   2.0	 1.0   0.0   2.0   0.5	 2.0   0.0
VAVI   2.0   0.01  5.0	12.0   5.0   4.0  12.0	10.0   8.0   4.0   2.0	 6.0  12.0   8.0  10.0	 7.0   8.0   4.0   5.0	 2.0   2.0   6.0   0.5	 5.0   4.0
ACMI   0.01  0.0   0.0	 0.0   0.0   0.0   0.0	 0.0   0.0   0.0   0.0	 0.0   0.0   0.0   0.0	 0.0   0.0   0.0   0.0	 0.0   0.0   0.0   0.0	 0.0   0.0
ANMU   0.1   0.01  0.01  0.1   0.0   0.1   0.01  0.01  0.1   0.01  0.1	 0.01  0.1   0.0   0.1	 0.1   0.0   0.1   0.1	 0.1   0.0   0.1   0.01  0.5   0.1

QUAD  0A    0C	  0E	0G    0I    2I	  2G	2E    2C    2A	  4A	4C    4E    4G	  4I	6I    6G    6E	  6C	6A    8A    8C	  8E	8G    8I    4a	  4c	4e    4g    4i
ANPA   0.1   0.01  0.01  0.1   0.1   0.5   0.01  0.1   0.1   0.1   0.1	 0.0   0.5   0.1   0.1	 0.1   0.1   0.1   0.1	 0.0   0.01  0.0   0.0	 0.1   0.5
ANRA   0.0   0.0   0.0	 0.5   0.0   0.0   0.0	 0.0   0.0   0.0   0.0	 0.0   0.0   0.0   0.0	 0.0   0.0   0.0   0.0	 0.0   0.0   0.0   0.0	 0.0   0.0
ARCA   0.0   0.0   0.0	 0.0   0.0   0.0   0.0	 0.0   0.0   0.0   0.0	 0.0   0.0   0.0   0.0	 0.0   0.0   0.0   0.0	 0.0   0.01  0.0   0.01  0.0   0.0
ASLA   1.0   0.1   0.5	 0.5   0.5   0.1   0.5	 1.0   0.5   0.0   1.0	 0.5   1.0   0.5   0.5	 0.5   0.5   1.0   2.0	 1.0   0.5   0.5   2.0	 1.0   2.0
CARO   0.0   0.0   0.01  0.01  0.01  0.0   0.01  0.01  0.01  0.0   0.0	 0.0   0.01  0.01  0.0	 0.01  0.01  0.01  0.0	 0.01  0.1   0.0   0.0	 0.01  0.0
EPAN   0.0   0.0   0.0	 0.0   0.0   0.01  0.0	 0.0   0.0   0.0   0.5	 0.0   0.0   0.0   0.0	 0.0   0.0   0.0   0.0	 0.1   0.0   0.0   0.0	 0.0   0.0
ERGL   0.1   0.0   0.1	 0.1   0.0   0.0   0.0	 0.5   0.5   0.0   0.01  0.0   0.5   0.0   0.0	 0.0   0.0   0.0   0.0	 0.1   0.01  0.1   0.5	 0.0   0.0
FRVI   0.1   0.0   0.0	 0.1   0.0   0.1   0.0	 0.0   0.0   0.0   0.0	 0.0   0.5   0.0   0.0	 0.0   0.0   0.0   0.0	 0.0   0.0   0.0   0.0	 0.0   0.0
GABO   0.5   0.1   0.1	 0.5   0.1   0.1   0.5	 0.1   0.1   0.01  0.5	 1.0   0.5   0.5   0.1	 0.5   0.1   0.5   0.1	 0.5   0.1   0.5   0.5	 0.1   0.1
GELI   0.0   0.0   0.0	 3.0   1.0   0.0   0.0	 0.0   0.0   0.0   0.0	 0.0   0.0   0.0   0.0	 0.0   0.0   0.0   0.0	 0.0   0.0   0.0   0.0	 0.0   0.0
HIUM   0.01  0.0   0.0	 0.0   0.0   0.1   0.0	 0.0   0.0   0.0   0.01  0.01  0.0   0.0   0.1	 0.0   0.0   0.1   0.5	 0.0   0.1   0.1   0.5	 0.1   0.0
LAOC   0.0   0.0   0.1	 0.0   0.0   0.0   0.0	 0.0   0.0   0.0   0.0	 0.0   0.0   0.0   0.0	 0.0   0.0   0.0   0.0	 0.0   0.0   0.0   0.0	 0.0   0.0
LIBO   0.0   0.0   0.0	 2.0   3.0   4.0   0.5	 0.0   0.0   1.0   0.0	 0.5   4.0   3.0   0.0	 0.5   0.1   0.0   1.0	 1.0   0.0   0.0   0.0	 0.0   0.0
LIPH   0.0   0.0   0.0	 0.0   0.0   0.0   0.0	 0.0   0.0   0.0   0.0	 0.0   0.1   0.0   0.0	 0.0   0.0   0.0   0.0	 0.0   0.0   0.0   0.0	 0.0   0.0
MACA   0.5   0.1   2.0	 2.0   4.0   4.0   2.0	 1.0   2.0   1.0   0.5	 2.0   2.0   3.0   2.0	 3.0   1.0   4.0   2.0	 0.5   0.1   2.0   1.0	 3.0   0.5
ORSE   0.0   0.0   0.0	 0.0   0.0   0.0   0.0	 0.0   0.0   0.1   0.0	 0.0   0.1   0.0   0.0	 0.0   0.0   0.0   0.0	 0.0   0.0   0.0   0.0	 0.0   0.0
PYCH   0.0   0.0   0.0	 0.0   0.0   0.1   0.0	 0.0   0.0   0.0   0.1	 0.0   0.1   0.1   0.5	 0.0   0.0   0.0   0.0	 0.1   0.01  0.0   0.0	 0.0   0.0
SOSP   0.1   0.01  0.1	 0.0   0.01  0.0   0.0	 0.5   0.1   0.0   0.1	 0.1   0.1   0.1   0.0	 0.0   0.0   0.1   0.0	 0.1   0.01  0.1   0.0	 0.1   0.0
VIAD   0.0   0.01  0.1	 0.1   0.1   0.0   0.0	 0.0   0.01  0.0   0.01  0.1   0.1   0.1   0.0	 0.0   0.0   0.0   0.01  0.1   0.0   0.1   0.1	 0.01  0.0
CXSI   0.0   0.01  0.0	 0.0   0.01  0.0   0.0	 0.0   0.0   0.01  0.0	 0.0   0.0   0.0   0.0	 0.0   0.0   0.0   0.0	 0.0   0.0   0.0   0.0	 0.0   0.0
CXRI   1.0   1.0   0.5	 0.1   0.1   0.5   0.1	 1.0   0.1   0.1   1.0	 1.0   0.5   0.5   0.5	 0.5   0.1   1.0   1.0	 0.5   1.0   0.01  1.0	 0.5   1.0

QUAD  0A    0C	  0E	0G    0I    2I	  2G	2E    2C    2A	  4A	4C    4E    4G	  4I	6I    6G    6E	  6C	6A    8A    8C	  8E	8G    8I    4a	  4c	4e    4g    4i
ELGL   0.0   0.01  0.0	 0.0   0.0   0.0   0.0	 0.0   0.0   0.0   0.0	 0.0   0.0   0.0   0.0	 0.0   0.0   0.0   0.0	 0.0   0.0   0.0   0.0	 0.0   0.0
ELIN   0.01  0.0   0.1	 0.1   1.0   0.5   0.0	 0.5   0.1   0.0   0.5	 0.0   1.0   0.5   0.1	 0.0   0.0   0.1   0.0	 0.0   0.1   0.0   0.0	 0.0   0.5
ORAS   0.01  0.0   0.01  0.1   0.01  0.1   0.1	 0.1   0.0   0.0   0.01  0.1   0.5   0.1   0.1	 0.01  0.0   0.0   0.0	 0.0   0.0   0.1   0.01  0.0   0.1
ORPU   0.1   0.1   0.1	 0.1   0.01  0.1   0.1	 0.5   0.1   0.01  0.5	 0.1   0.5   0.1   0.1	 0.1   0.01  0.1   0.1	 0.1   0.1   0.1   0.01  0.1   0.1
SCPU   0.0   0.0   0.0	 0.0   0.0   0.0   0.0	 0.0   0.0   0.0   0.0	 0.0   1.0   0.0   0.0	 0.0   0.0   0.0   0.0	 0.0   0.0   0.0   0.0	 0.0   0.0
EQVA   0.01  0.01  0.01  0.01  0.01  0.0   0.01  0.1   0.1   0.01  0.1	 0.1   0.01  0.1   0.01  0.1   0.01  0.01  0.1	 0.1   0.1   0.1   0.01  0.0   0.01
LYCO   0.0   0.0   0.0	 0.0   0.0   0.0   0.0	 0.0   3.0   1.0   0.0	 3.0   2.0   0.0   0.0	 0.0   0.0   0.0   0.5	 0.0   0.0   0.0   0.0	 0.0   0.0
GEAM   0.0   0.0   0.0	 0.0   0.0   0.0   0.0	 0.0   0.0   0.0   0.0	 0.0   0.0   0.0   0.0	 0.0   0.0   0.0   0.0	 0.0   0.0   0.0   0.0	 0.0   0.0
ROWO   0.0   0.0   0.0	 0.0   0.0   0.0   0.0	 0.0   0.0   0.0   0.0	 0.0   0.0   0.0   0.0	 0.0   0.0   0.0   0.0	 0.0   0.0   0.0   0.1	 0.0   0.0
MELI   0.0   0.0   0.0	 0.0   0.0   0.1   0.0	 0.0   0.0   0.0   0.0	 0.0   0.0   0.1   1.0	 0.0   0.0   0.0   0.0	 0.0   0.0   0.0   0.0	 0.0   0.0
AGSC   0.0   0.0   0.0	 0.0   0.0   0.0   0.0	 0.0   0.0   0.0   0.0	 0.0   0.0   0.0   0.0	 0.0   0.0   0.0   0.0	 0.0   0.0   0.0   0.0	 0.0   0.0
ARLY   0.01  0.0   0.0	 0.0   0.0   0.0   0.0	 0.0   0.0   0.0   0.0	 0.0   0.0   0.0   0.0	 0.0   0.0   0.0   0.0	 0.0   0.0   0.0   0.0	 0.0   0.0
VIRE   0.0   0.0   0.0	 0.01  0.0   0.0   0.0	 0.0   0.0   0.0   0.0	 0.0   0.1   0.0   0.0	 0.0   0.0   0.0   0.1	 0.0   0.0   0.0   0.0	 0.0   0.1
AGSU   0.1   0.0   0.0	 0.0   0.0   0.0   0.0	 0.0   0.0   0.0   0.0	 0.0   0.0   0.0   0.0	 0.0   0.0   0.0   0.0	 0.0   0.0   0.0   0.0	 0.0   0.0
temp  64    62	  62	61    59    61	  61	61    61    61	  63	62    62    63	  63	64    65    64	  65	69    67    66	  69	67    66

