STAND 1, SURVEY DATE: 5 May 1984, OBSERVERS: G.H. La Roi (#1), ROWS: 0,2,4,  M.S.Ross (#3), ROWS: 4,6,8, DATA ENTRY: 23 Nov 1995  (MSR data from Row 4 in 4a-i below)

QUAD  0A    0C	  0E	0G    0I    2I	  2G	2E    2C    2A	  4A	4C    4E    4G	  4I	6I    6G    6E	  6C	6A    8A    8C	  8E	8G    8I    4a	  4c	4e    4g    4i

PIBA   1.0  20.0   7.0	 8.0  15.0   6.0  11.0	 6.0  18.0  16.0   9.0	 8.0   3.0   9.0   4.0	 4.0  15.0   2.0   6.0	 6.0   0.5  14.0   1.0	10.0   5.0   5.0   8.0	 2.0   4.0   7.0
PIGL   0.0   0.0   0.0	 0.0   0.0   0.0   0.0	 0.0   0.0   0.0   0.0	 0.0   0.0   0.0   0.5	 0.0   0.0   0.0   0.0	 0.0   0.0   0.0   0.0	 0.0   0.0   0.0   0.0	 0.0   0.0   0.5
POTR   0.0   0.0   0.0	 0.0   0.0   0.0   0.0	 0.0   0.0   0.0   0.0	 0.0   0.1   0.0   0.0	 0.0   0.0   0.0   0.0	 0.0   0.0   0.0   0.0	 0.0   0.0   0.0   0.0	 0.1   0.0   0.0
ALCR   0.0   0.0   0.1	 0.1   1.0   2.0   0.0	 0.0   0.0   0.1   0.0	 0.0   0.0   0.0   0.0	 0.0   0.0   0.0   0.0	 0.0   0.0   0.0   0.0	 0.0   0.0   0.0   0.0	 0.0   0.0   0.0
AMAL   0.01  0.01  0.01  0.01  0.01  0.0   0.01  0.1   0.01  0.01  0.1	 0.1   0.1   0.0   0.0	 0.01  0.01  0.1   0.1	 0.1   0.0   0.01  0.01  0.0   0.01  0.01  0.1	 0.0   0.0   0.0
ARUV  14.0   1.0  19.0	12.0   4.0   9.0  10.0	14.0  16.0   5.0   6.0	10.0  15.0  17.0  19.0	25.0  15.0  18.0  14.0	12.0   8.0  15.0   9.0	12.0  15.0   4.0   8.0	 8.0  15.0  22.0
PRPE   0.01  0.0   0.0	 0.01  0.0   0.1   0.01  0.01  0.0   0.0   0.0	 0.0   0.0   0.0   0.01  0.0   0.0   0.0   0.0	 0.0   0.0   0.0   0.0	 0.0   0.0   0.0   0.0	 0.0   0.0   0.0
PRVI   0.0   0.0   0.0	 0.0   0.0   0.0   0.0	 0.0   0.0   0.0   0.0	 0.0   0.0   0.0   0.0	 0.0   0.0   0.0   0.0	 0.0   0.0   0.0   0.0	 0.0   0.0   0.0   0.0	 0.0   0.0   0.0
ROAC   0.01  0.0   0.0	 0.01  0.01  0.01  0.01  0.0   0.01  0.01  0.01  0.01  0.1   0.01  0.01  0.01  0.01  0.01  0.0	 0.01  0.0   0.0   0.01  0.01  0.01  0.01  0.1	 0.1   0.01  0.01
RUID   0.0   0.0   0.0	 0.0   0.0   0.01  0.0	 0.0   0.0   0.0   0.0	 0.0   0.0   0.0   0.0	 0.0   0.0   0.0   0.0	 0.0   0.0   0.0   0.0	 0.0   0.0   0.0   0.0	 0.0   0.0   0.0
SABE   0.0   0.0   0.0	 0.0   0.0   0.0   0.0	 0.0   0.0   0.0   0.0	 0.0   0.01  0.0   0.0	 0.0   0.0   0.0   0.0	 0.0   0.0   0.0   0.0	 0.0   0.0   0.0   0.0	 0.01  0.0   0.0
SHCA   0.0   0.0   0.1	 0.0   0.0   0.0   0.0	 0.1   0.0   1.0   0.0	 0.0   0.0   0.0   0.01  0.0   0.0   0.0   0.0	 0.0   0.0   0.0   0.0	 0.0   0.0   0.0   0.0	 0.0   0.01  0.01
SYAL   0.0   0.0   0.0	 0.0   0.0   0.0   0.0	 0.0   0.0   0.0   0.0	 0.0   0.0   0.0   0.0	 0.0   0.0   0.0   0.0	 0.0   0.0   0.0   0.0	 0.0   0.0   0.0   0.0	 0.0   0.0   0.0
VAMY   0.01  0.01  0.01  0.01  0.1   0.5   0.01  0.01  0.01  0.1   0.0	 0.1   1.0   0.5   0.01  0.1   0.01  0.01  0.01  0.1   0.0   0.1   0.01  0.01  0.0   0.0   0.01  0.1   0.1   0.0
VAVI   4.0   0.01  5.0	20.0   6.0  12.0  12.0	10.0   4.0   5.0   1.0	 4.0  15.0  14.0  13.0	 5.0  12.0   8.0   8.0	 6.0   0.5   5.0   2.0	 4.0   3.0   1.0   2.0	 7.0   5.0   3.0
ACMI   0.0   0.0   0.0	 0.0   0.0   0.0   0.0	 0.0   0.0   0.0   0.0	 0.0   0.0   0.0   0.0	 0.0   0.0   0.0   0.0	 0.0   0.0   0.0   0.0	 0.0   0.0   0.0   0.0	 0.0   0.0   0.0
ANMU   0.0   0.01  0.0	 0.0   0.0   0.0   0.0	 0.0   0.0   0.0   0.0	 0.0   0.0   0.0   0.0	 0.0   0.0   0.0   0.0	 0.0   0.0   0.0   0.0	 0.0   0.0   0.0   0.0	 0.01  0.0   0.0

QUAD  0A    0C	  0E	0G    0I    2I	  2G	2E    2C    2A	  4A	4C    4E    4G	  4I	6I    6G    6E	  6C	6A    8A    8C	  8E	8G    8I    4a	  4c	4e    4g    4i
ANPA   0.01  0.0   0.0	 0.01  0.01  0.01  0.01  0.01  0.01  0.01  0.01  0.0   0.01  0.01  0.0	 0.01  0.0   0.01  0.0	 0.0   0.0   0.0   0.0	 0.01  0.01  0.0   0.0	 0.01  0.0   0.01
ANRA   0.0   0.0   0.0	 0.5   0.0   0.0   0.0	 0.0   0.0   0.0   0.0	 0.0   0.1   0.0   0.0	 0.0   0.0   0.0   0.0	 0.0   0.0   0.0   0.0	 0.0   0.0   0.0   0.01  0.01  0.0   0.0
ARCA   0.0   0.0   0.0	 0.0   0.0   0.0   0.0	 0.0   0.0   0.0   0.0	 0.0   0.0   0.0   0.0	 0.0   0.0   0.0   0.0	 0.0   0.0   0.0   0.0	 0.0   0.0   0.0   0.0	 0.0   0.0   0.0
ASLA   0.1   0.01  0.01  0.0   0.01  0.0   0.0	 0.0   0.0   0.0   0.1	 0.01  0.01  0.01  0.0	 0.0   0.0   0.0   0.0	 0.0   0.01  0.0   0.01  0.0   0.0   0.0   0.0	 0.0   0.0   0.0
CARO   0.0   0.0   0.0	 0.0   0.0   0.0   0.0	 0.0   0.0   0.0   0.0	 0.0   0.0   0.0   0.0	 0.0   0.0   0.0   0.0	 0.0   0.0   0.0   0.0	 0.0   0.0   0.0   0.0	 0.0   0.0   0.0
EPAN   0.0   0.0   0.0	 0.0   0.0   0.0   0.0	 0.0   0.0   0.0   0.0	 0.0   0.0   0.0   0.0	 0.0   0.0   0.0   0.0	 0.0   0.0   0.0   0.0	 0.0   0.0   0.0   0.0	 0.0   0.0   0.0
ERGL   0.0   0.0   0.01  0.1   0.0   0.0   0.0	 0.1   0.0   0.0   0.0	 0.0   0.0   0.0   0.0	 0.0   0.0   0.0   0.0	 0.0   0.0   0.0   0.0	 0.0   0.0   0.0   0.0	 0.0   0.0   0.0
FRVI   0.0   0.0   0.0	 0.0   0.0   0.0   0.0	 0.0   0.0   0.0   0.0	 0.0   0.01  0.0   0.0	 0.0   0.0   0.0   0.0	 0.0   0.0   0.0   0.0	 0.0   0.0   0.0   0.0	 0.01  0.0   0.0
GABO   0.01  0.01  0.0	 0.0   0.0   0.0   0.0	 0.0   0.0   0.0   0.01  0.0   0.0   0.0   0.0	 0.0   0.0   0.0   0.0	 0.0   0.0   0.0   0.0	 0.0   0.0   0.0   0.0	 0.0   0.0   0.0
GELI   0.0   0.0   0.0	 0.0   0.0   0.0   0.0	 0.0   0.0   0.0   0.0	 0.0   0.0   0.0   0.0	 0.0   0.0   0.0   0.0	 0.0   0.0   0.0   0.0	 0.0   0.0   0.0   0.0	 0.0   0.0   0.0
HIUM   0.0   0.0   0.0	 0.0   0.0   0.0   0.0	 0.0   0.0   0.0   0.0	 0.0   0.0   0.0   0.0	 0.0   0.0   0.0   0.0	 0.0   0.0   0.0   0.0	 0.0   0.0   0.0   0.0	 0.0   0.0   0.0
LAOC   0.0   0.0   0.0	 0.0   0.0   0.0   0.0	 0.0   0.0   0.0   0.0	 0.0   0.0   0.0   0.0	 0.0   0.0   0.0   0.0	 0.0   0.0   0.0   0.0	 0.0   0.0   0.0   0.0	 0.0   0.0   0.0
LIBO   0.0   0.0   0.0	 0.2   3.0   3.0   2.0	 0.0   0.0   0.5   0.0	 0.0   2.0   0.0   0.5	 0.0   0.0   0.0   0.0	 0.0   0.0   0.0   0.0	 0.0   0.0   0.0   0.0	 0.5   0.0   0.0
LIPH   0.0   0.0   0.0	 0.0   0.0   0.0   0.0	 0.0   0.0   0.0   0.0	 0.0   0.0   0.0   0.0	 0.0   0.0   0.0   0.0	 0.0   0.0   0.0   0.0	 0.0   0.0   0.0   0.0	 0.0   0.0   0.0
MACA   0.0   0.0   0.0	 0.0   0.0   0.0   0.0	 0.0   0.0   0.0   0.0	 0.0   0.0   0.0   0.0	 0.0   0.0   0.0   0.0	 0.0   0.0   0.0   0.0	 0.0   0.0   0.0   0.0	 0.0   0.0   0.0
ORSE   0.0   0.0   0.0	 0.0   0.0   0.1   0.01  0.0   0.0   0.1   0.0	 0.0   0.1   0.0   0.0	 0.0   0.0   0.0   0.0	 0.0   0.0   0.0   0.0	 0.0   0.0   0.0   0.0	 0.1   0.0   0.0
PYCH   0.0   0.0   0.0	 0.1   0.0   0.0   0.1	 0.01  0.0   0.0   0.0	 0.0   0.1   0.1   1.0	 0.0   0.0   0.0   0.01  0.0   0.01  0.0   0.0	 0.0   0.0   0.0   0.0	 0.1   0.01  0.5
SOSP   0.01  0.01  0.0	 0.01  0.0   0.0   0.0	 0.01  0.0   0.0   0.1	 0.01  0.01  0.0   0.01  0.0   0.0   0.0   0.0	 0.0   0.01  0.0   0.0	 0.0   0.0   0.0   0.0	 0.01  0.0   0.0
VIAD   0.0   0.0   0.0	 0.0   0.0   0.0   0.0	 0.0   0.0   0.0   0.0	 0.01  0.0   0.01  0.0	 0.0   0.0   0.0   0.0	 0.0   0.0   0.0   0.0	 0.0   0.0   0.0   0.01  0.0   0.0   0.0
CXSI   0.0   0.0   0.0	 0.0   0.0   0.0   0.0	 0.0   0.0   0.0   0.0	 0.01  0.0   0.0   0.0	 0.0   0.0   0.0   0.0	 0.0   0.0   0.0   0.0	 0.0   0.0   0.0   0.0	 0.0   0.0   0.0
CXRI   1.0   0.5   0.5	 0.1   0.1   0.1   0.1	 0.5   0.1   0.1   2.0	 1.0   1.0   0.5   1.0	 0.01  0.01  0.1   0.1	 0.5   0.5   0.1   0.1	 0.5   1.0   0.5   0.1	 0.5   0.0   0.1

QUAD  0A    0C	  0E	0G    0I    2I	  2G	2E    2C    2A	  4A	4C    4E    4G	  4I	6I    6G    6E	  6C	6A    8A    8C	  8E	8G    8I    4a	  4c	4e    4g    4i
ELGL   0.0   0.01  0.0	 0.0   0.0   0.01  0.0	 0.0   0.0   0.0   0.0	 0.0   0.0   0.01  0.01  0.0   0.0   0.0   0.0	 0.0   0.0   0.0   0.0	 0.0   0.0   0.0   0.0	 0.0   0.0   0.0
ELIN   0.0   0.0   0.01  0.0   0.01  0.01  0.0	 0.01  0.0   0.0   0.01  0.01  0.01  0.01  0.01  0.0   0.0   0.01  0.0	 0.0   0.01  0.01  0.0	 0.0   0.01  0.01  0.01  0.1   0.01  0.01
ORAS   0.01  0.0   0.01  0.01  0.0   0.01  0.01  0.0   0.0   0.0   0.01  0.01  0.01  0.01  0.0	 0.0   0.0   0.0   0.0	 0.0   0.0   0.0   0.0	 0.0   0.0   0.0   0.0	 0.0   0.0   0.0
ORPU   0.1   0.01  0.01  0.01  0.01  0.01  0.1	 0.01  0.01  0.01  0.1	 0.01  0.1   0.1   0.01  0.1   0.01  0.01  0.01  0.01  0.01  0.01  0.01  0.1   0.01  0.1   0.1	 0.1   0.1   0.01
SCPU   0.0   0.0   0.0	 0.0   0.0   0.0   0.0	 0.0   0.0   0.0   0.0	 0.0   0.0   0.0   0.0	 0.0   0.0   0.0   0.0	 0.0   0.0   0.0   0.0	 0.0   0.0   0.0   0.0	 0.0   0.0   0.0
EQVA   0.1   0.01  0.1	 0.01  0.0   0.0   0.01  0.1   0.1   0.01  0.1	 0.01  0.1   0.1   0.0	 0.01  0.1   0.01  0.01  0.1   0.1   0.5   0.01  0.01  0.01  0.01  0.1	 0.1   0.1   0.0
LYCO   0.0   0.0   0.0	 0.0   0.0   0.0   0.0	 0.0   2.0   2.0   0.0	 2.0   1.0   0.0   0.0	 0.0   0.0   0.0   0.0	 0.0   0.0   0.0   0.0	 0.0   0.0   0.0   0.5	 0.5   0.0   0.0
GEAM   0.0   0.0   0.0	 0.0   0.0   0.0   0.0	 0.0   0.0   0.0   0.0	 0.0   0.0   0.0   0.0	 0.0   0.0   0.0   0.0	 0.0   0.0   0.0   0.0	 0.0   0.0   0.0   0.0	 0.0   0.0   0.0
ROWO   0.0   0.0   0.0	 0.0   0.0   0.0   0.0	 0.0   0.0   0.0   0.0	 0.0   0.0   0.0   0.0	 0.0   0.0   0.0   0.0	 0.0   0.0   0.0   0.0	 0.0   0.0   0.0   0.0	 0.0   0.0   0.0
MELI   0.0   0.0   0.0	 0.0   0.0   0.0   0.0	 0.0   0.0   0.0   0.0	 0.0   0.0   0.0   0.0	 0.0   0.0   0.0   0.0	 0.0   0.0   0.0   0.0	 0.0   0.0   0.0   0.0	 0.0   0.0   0.0
AGSC   0.0   0.0   0.0	 0.0   0.0   0.0   0.0	 0.0   0.0   0.0   0.0	 0.0   0.0   0.0   0.0	 0.0   0.0   0.0   0.0	 0.0   0.0   0.0   0.0	 0.0   0.0   0.0   0.0	 0.0   0.0   0.0
ARLY   0.0   0.0   0.0	 0.0   0.0   0.0   0.0	 0.0   0.0   0.0   0.0	 0.0   0.0   0.0   0.0	 0.0   0.0   0.0   0.0	 0.0   0.0   0.0   0.0	 0.0   0.0   0.0   0.0	 0.0   0.0   0.0
VIRE   0.0   0.0   0.0	 0.0   0.0   0.0   0.0	 0.0   0.0   0.0   0.0	 0.0   0.0   0.0   0.0	 0.0   0.0   0.0   0.0	 0.0   0.0   0.0   0.0	 0.0   0.0   0.0   0.0	 0.0   0.0   0.0
AGSU   0.0   0.0   0.0	 0.0   0.0   0.0   0.0	 0.0   0.0   0.0   0.0	 0.0   0.0   0.0   0.0	 0.0   0.0   0.0   0.0	 0.0   0.0   0.0   0.0	 0.0   0.0   0.0   0.0	 0.0   0.0   0.0
temp  39    39	  39	41    37    38	  41	40    41    42	  45	41    43    43	  43	44    44    44	  43	44    44    47	  43	41    39    47	  43	44    43    43
