STAND 1, SURVEY DATE: 10 Jun 1982, OBSERVERS: G.H. La Roi (#1), ROWS:4E,4G,4I,6,8, R.A. Ellis (#2), ROWS: 0,2,4A,4C,  DATA ENTRY: 15 Nov 1995

QUAD  0A    0C	  0E	0G    0I    2I	  2G	2E    2C    2A	  4A	4C    4E    4G	  4I	6I    6G    6E	  6C	6A    8A    8C	  8E	8G    8I    4a	  4c	4e    4g    4i

PIBA   0.5  20.0   4.0	 4.0  15.0   3.0   8.0	 4.0   6.0   8.0   3.0	 4.0   5.0  10.0   5.0	 6.0  15.0   6.0   6.0	 6.0   1.0  20.0   3.0	15.0  10.0
PIGL   0.0   0.0   0.0	 0.0   0.0   0.0   0.0	 0.0   0.0   0.0   0.0	 0.0   0.0   0.0   0.1	 0.0   0.0   0.0   0.0	 0.0   0.0   0.0   0.0	 0.0   0.0
POTR   0.0   0.0   0.0	 0.0   0.0   0.0   0.0	 0.0   0.0   0.0   0.0	 0.0   1.0   0.0   0.0	 0.0   0.0   0.0   0.0	 0.0   0.0   0.0   0.0	 0.0   0.0
ALCR   0.0   0.0   0.5	 0.1   0.5   1.0   0.0	 0.0   0.0   0.1   0.0	 0.0   0.0   0.0   0.0	 0.0   0.0   0.0   0.0	 0.0   0.0   0.0   0.0	 0.0   0.0
AMAL   0.1   0.1   0.01  0.0   0.1   0.0   0.5	 0.1   0.1   0.0   0.1	 0.1   0.5   0.0   0.0	 0.01  0.01  0.1   0.5	 0.1   0.0   0.01  0.5	 0.01  0.01
ARUV   7.0   1.0  20.0	 7.0   3.0   5.0  12.0	20.0  15.0  10.0   5.0	10.0  15.0  15.0  25.0	25.0  20.0  10.0  20.0	15.0  10.0  30.0  15.0	25.0  25.0
PRPE   0.1   0.01  0.0	 0.1   0.0   0.01  0.1	 0.01  0.0   0.0   0.0	 0.0   0.0   0.0   0.1	 0.0   0.0   0.0   0.0	 0.0   0.0   0.0   0.0	 0.0   0.0
PRVI   0.0   0.0   0.0	 0.0   0.0   0.0   0.0	 0.0   0.0   0.0   0.0	 0.0   0.0   0.0   0.0	 0.0   0.0   0.0   0.0	 0.0   0.0   0.0   0.0	 0.0   0.01
ROAC   0.5   0.1   0.0	 0.1   0.5   0.5   0.0	 0.1   0.1   0.5   0.1	 1.0   0.5   0.01  0.01  0.01  0.1   1.0   0.0	 0.1   0.0   0.0   0.01  0.1   0.1
RUID   0.0   0.0   0.0	 0.01  0.01  0.1   0.0	 0.0   0.0   0.0   0.0	 0.0   0.0   0.0   0.0	 0.0   0.0   0.0   0.0	 0.0   0.0   0.0   0.0	 0.0   0.0
SABE   0.0   0.0   0.0	 0.0   0.0   0.0   0.0	 0.0   0.0   0.0   0.0	 0.0   0.01  0.0   0.0	 0.0   0.0   0.0   0.0	 0.0   0.0   0.0   0.0	 0.0   0.0
SHCA   0.0   0.0   0.1	 0.0   0.0   0.0   0.0	 0.1   0.0   0.5   0.0	 0.0   0.0   0.01  0.01  0.0   0.0   0.0   0.0	 0.0   0.0   0.0   0.0	 0.0   0.0
SYAL   0.0   0.0   0.0	 0.0   0.0   0.0   0.0	 0.0   0.0   0.0   0.0	 0.0   0.0   0.0   0.0	 0.0   0.0   0.0   0.0	 0.0   0.0   0.0   0.0	 0.0   0.0
VAMY   0.5   0.1   0.1	 0.1   0.5   1.0   0.5	 0.5   0.5   1.0   0.0	 0.1   1.0   1.0   0.0	 0.1   0.5   0.5   1.0	 0.5   0.0   1.0   0.5	 0.5   0.0
VAVI   3.0   0.0   5.0	12.0  10.0  10.0  12.0	 7.0   1.0   7.0   0.5	 3.0  15.0   6.0   5.0	12.0  15.0  10.0   5.0	 6.0   0.1   8.0   3.0	 4.0   1.0
ACMI   0.01  0.0   0.0	 0.0   0.0   0.0   0.0	 0.0   0.0   0.0   0.0	 0.0   0.0   0.0   0.0	 0.0   0.0   0.0   0.0	 0.0   0.0   0.0   0.0	 0.0   0.0
ANMU   0.1   0.1   0.01  0.1   0.1   0.1   0.1	 0.0   0.1   0.01  0.0	 0.1   0.01  0.01  0.01  0.01  0.01  0.01  0.01  0.01  0.0   0.01  0.01  0.01  0.01

QUAD  0A    0C	  0E	0G    0I    2I	  2G	2E    2C    2A	  4A	4C    4E    4G	  4I	6I    6G    6E	  6C	6A    8A    8C	  8E	8G    8I    4a	  4c	4e    4g    4i
ANPA   0.0   0.0   0.0	 0.0   0.0   0.1   0.0	 0.01  0.0   0.0   0.1	 0.0   0.0   0.01  0.01  0.01  0.0   0.01  0.01  0.0   0.01  0.01  0.0	 0.01  0.01
ANRA   0.0   0.0   0.0	 0.1   0.0   0.0   0.0	 0.0   0.0   0.0   0.0	 0.0   0.1   0.0   0.0	 0.0   0.0   0.0   0.0	 0.0   0.0   0.0   0.0	 0.0   0.0
ARCA   0.0   0.0   0.0	 0.0   0.0   0.0   0.0	 0.0   0.0   0.0   0.0	 0.0   0.0   0.0   0.0	 0.0   0.0   0.0   0.0	 0.0   0.0   0.0   0.01  0.0   0.0
ASLA   0.1   0.01  0.0	 0.1   0.0   0.0   0.01  0.1   0.01  0.0   0.1	 0.1   0.1   0.1   0.01  0.01  0.01  0.1   0.01  0.1   0.1   0.01  0.5	 0.01  0.01
CARO   0.01  0.0   0.1	 0.01  0.0   0.0   0.01  0.01  0.01  0.01  0.01  0.0   0.0   0.0   0.0	 0.01  0.0   0.01  0.01  0.0   0.0   0.0   0.0	 0.0   0.0
EPAN   0.0   0.0   0.0	 0.0   0.0   0.0   0.0	 0.0   0.0   0.0   0.0	 0.0   0.0   0.0   0.0	 0.0   0.0   0.0   0.0	 0.0   0.0   0.0   0.0	 0.0   0.0
ERGL   0.0   0.0   0.0	 0.0   0.0   0.0   0.0	 0.01  0.0   0.0   0.1	 0.01  0.01  0.0   0.0	 0.0   0.0   0.0   0.0	 0.1   0.01  0.01  0.01  0.0   0.01
FRVI   0.01  0.0   0.0	 0.01  0.0   0.1   0.0	 0.0   0.0   0.0   0.0	 0.0   0.1   0.0   0.0	 0.0   0.0   0.0   0.0	 0.0   0.0   0.0   0.0	 0.0   0.0
GABO   0.1   0.1   0.01  0.1   0.1   0.01  0.1	 0.1   0.1   0.0   0.1	 0.1   0.01  0.01  0.01  0.5   0.0   0.01  0.01  0.1   0.1   0.1   0.1	 0.01  0.1
GELI   0.0   0.0   0.0	 0.5   1.0   0.0   0.0	 0.0   0.0   0.0   0.0	 0.0   0.0   0.0   0.0	 0.0   0.0   0.0   0.0	 0.0   0.0   0.0   0.0	 0.0   0.0
HIUM   0.0   0.0   0.0	 0.0   0.0   0.0   0.0	 0.0   0.0   0.0   0.01  0.0   0.0   0.0   0.0	 0.0   0.0   0.01  0.01  0.0   0.01  0.01  0.01  0.1   0.0
LAOC   0.0   0.0   0.0	 0.0   0.0   0.0   0.0	 0.0   0.0   0.0   0.0	 0.0   0.0   0.0   0.0	 0.0   0.0   0.0   0.0	 0.0   0.0   0.0   0.0	 0.0   0.0
LIBO   0.0   0.0   0.0	 0.5   3.0   5.0   0.5	 0.0   0.0   0.5   0.0	 0.0   4.0   2.0   0.1	 0.0   0.1   0.0   0.1	 0.5   0.0   0.1   0.0	 0.1   0.01
LIPH   0.0   0.0   0.0	 0.0   0.0   0.0   0.0	 0.0   0.0   0.0   0.0	 0.0   0.0   0.0   0.0	 0.0   0.0   0.0   0.0	 0.0   0.0   0.0   0.0	 0.0   0.0
MACA   0.5   0.5   1.0	 1.0   1.0   0.5   1.0	 0.5   2.0   0.5   0.1	 0.5   0.1   1.0   0.1	 0.1   0.1   0.5   0.5	 0.1   0.01  0.1   0.1	 0.5   0.1
ORSE   0.0   0.0   0.0	 0.0   0.0   0.1   0.0	 0.0   0.0   0.1   0.0	 0.0   0.1   0.0   0.0	 0.0   0.0   0.0   0.0	 0.0   0.0   0.0   0.0	 0.0   0.0
PYCH   0.0   0.0   0.0	 0.01  0.0   0.0   0.0	 0.0   0.01  0.0   0.0	 0.0   0.5   0.0   1.0	 0.0   0.0   0.0   0.0	 0.0   0.01  0.0   0.0	 0.0   0.0
SOSP   0.0   0.1   0.1	 0.1   0.0   0.0   0.0	 0.1   0.01  0.0   0.1	 0.01  0.0   0.01  0.01  0.01  0.0   0.0   0.0	 0.01  0.1   0.01  0.0	 0.01  0.01
VIAD   0.1   0.01  0.01  0.0   0.1   0.01  0.0	 0.0   0.0   0.0   0.0	 0.01  0.01  0.0   0.01  0.0   0.0   0.01  0.01  0.0   0.0   0.01  0.0	 0.01  0.01
CXSI   0.0   0.0   0.0	 0.0   0.0   0.0   0.0	 0.0   0.0   0.0   0.0	 0.0   0.0   0.0   0.0	 0.0   0.0   0.0   0.0	 0.0   0.0   0.0   0.0	 0.0   0.0
CXRI   0.5   0.1   0.1	 0.1   0.1   0.5   0.5	 0.1   0.5   0.1   0.5	 0.1   0.5   0.1   0.5	 0.5   0.1   0.1   0.5	 0.5   0.5   1.0   0.1	 0.5   0.5

QUAD  0A    0C	  0E	0G    0I    2I	  2G	2E    2C    2A	  4A	4C    4E    4G	  4I	6I    6G    6E	  6C	6A    8A    8C	  8E	8G    8I    4a	  4c	4e    4g    4i
ELGL   0.0   0.0   0.0	 0.0   0.01  0.0   0.0	 0.0   0.0   0.0   0.0	 0.0   0.0   0.0   0.0	 0.0   0.0   0.0   0.0	 0.0   0.01  0.0   0.01  0.01  0.0
ELIN   0.01  0.01  0.01  0.1   0.5   0.1   0.01  0.5   0.1   0.01  0.1	 0.1   0.1   0.1   0.01  0.0   0.0   0.01  0.0	 0.01  0.1   0.01  0.0	 0.0   0.1
ORAS   0.01  0.0   0.01  0.01  0.0   0.0   0.0	 0.0   0.0   0.0   0.0	 0.0   0.01  0.0   0.01  0.01  0.0   0.0   0.0	 0.01  0.0   0.0   0.01  0.0   0.01
ORPU   0.1   0.1   0.1	 0.5   0.1   0.5   0.5	 0.5   0.5   0.1   1.0	 0.1   0.1   0.5   0.1	 0.1   0.01  0.01  0.1	 0.1   0.1   0.1   0.1	 0.5   0.5
SCPU   0.0   0.0   0.0	 0.0   0.0   0.0   0.0	 0.0   0.0   0.0   0.0	 0.0   0.0   0.0   0.0	 0.0   0.0   0.0   0.0	 0.0   0.0   0.0   0.0	 0.0   0.0
EQVA   0.01  0.01  0.01  0.01  0.01  0.01  0.01  0.1   0.01  0.01  0.01  0.01  0.01  0.01  0.0	 0.01  0.01  0.01  0.01  0.1   0.1   0.01  0.1	 0.0   0.01
LYCO   0.0   0.0   0.0	 0.0   0.0   0.0   0.0	 0.0   0.5   2.0   0.0	 1.0   2.0   0.0   0.0	 0.0   0.0   0.0   0.0	 0.0   0.0   0.0   0.0	 0.0   0.0
GEAM   0.0   0.0   0.0	 0.0   0.0   0.0   0.0	 0.0   0.0   0.0   0.0	 0.0   0.0   0.0   0.0	 0.0   0.0   0.0   0.0	 0.0   0.0   0.0   0.0	 0.0   0.0
ROWO   0.0   0.0   0.0	 0.0   0.0   0.0   0.0	 0.0   0.0   0.0   0.0	 0.0   0.0   0.0   0.0	 0.0   0.0   0.0   0.0	 0.0   0.0   0.0   0.0	 0.0   0.0
MELI   0.0   0.0   0.0	 0.0   0.0   0.0   0.0	 0.0   0.0   0.0   0.0	 0.0   0.0   0.0   0.0	 0.0   0.0   0.0   0.0	 0.0   0.0   0.0   0.0	 0.0   0.0
AGSC   0.0   0.0   0.0	 0.0   0.0   0.0   0.0	 0.0   0.0   0.0   0.0	 0.0   0.0   0.0   0.0	 0.0   0.0   0.0   0.0	 0.0   0.0   0.0   0.0	 0.0   0.0
ARLY   0.0   0.0   0.0	 0.0   0.0   0.0   0.0	 0.0   0.0   0.0   0.0	 0.0   0.0   0.0   0.0	 0.0   0.0   0.0   0.0	 0.0   0.0   0.0   0.0	 0.0   0.0
VIRE   0.0   0.0   0.0	 0.0   0.0   0.0   0.0	 0.0   0.0   0.0   0.0	 0.0   0.0   0.0   0.0	 0.0   0.0   0.0   0.0	 0.0   0.0   0.0   0.0	 0.0   0.0
AGSU   0.0   0.0   0.0	 0.0   0.0   0.0   0.0	 0.0   0.0   0.0   0.0	 0.0   0.0   0.0   0.0	 0.0   0.0   0.0   0.0	 0.0   0.0   0.0   0.0	 0.0   0.0
temp  48    48	  46	46    46    46	  45	47    50    48	  50	52    57    53	  51	50    50    50	  50	51    51    50	  49	49    47



