STAND 1, SURVEY DATE: 30 Jun 1988, OBSERVER: G.H. La Roi (#1), ROWS: 0,4,6,  DATA ENTRY: 14 Dec 1995  (note: GHLR used thermometer "Old #1"; Tent Caterpillars abundant!)

QUAD  0A    0C	  0E	0G    0I    0a	  0c	0e    0g    0i	  4A	4C    4E    4G	  4I	6I    6G    6E	  6C	6A    6i    6g	  6e	6c    6a    4a	  4c	4e    4g    4i

PIBA   2.0  23.0   6.0	 6.0  12.0   0.0   0.0	 0.0   0.0   0.0   8.0	 8.0   3.0   6.0   7.0	 4.0  16.0   3.0   7.0	 5.0   0.0   0.0   0.0	 0.0   0.0   0.0   0.0	 0.0   0.0   0.0
PIGL   0.0   0.0   0.0	 0.0   0.0   0.0   0.0	 0.0   0.0   0.0   0.0	 0.0   0.0   0.0   0.5	 0.0   0.0   0.0   0.0	 0.0   0.0   0.0   0.0	 0.0   0.0   0.0   0.0	 0.0   0.0   0.0
POTR   0.0   0.0   0.0	 0.0   0.0   0.0   0.0	 0.0   0.0   0.0   0.0	 0.0   2.0   0.0   0.0	 0.0   0.0   0.0   0.0	 0.0   0.0   0.0   0.0	 0.0   0.0   0.0   0.0	 0.0   0.0   0.0
ALCR   0.0   0.0   1.0	 1.0   3.0   0.0   0.0	 0.0   0.0   0.0   0.0	 0.0   0.0   0.0   0.0	 0.0   0.0   0.0   0.0	 0.01  0.0   0.0   0.0	 0.0   0.0   0.0   0.0	 0.0   0.0   0.0
AMAL   0.01  0.01  0.01  0.01  0.01  0.0   0.0	 0.0   0.0   0.0   0.1	 0.1   0.1   0.0   0.0	 0.01  0.01  0.1   0.1	 0.1   0.0   0.0   0.0	 0.0   0.0   0.0   0.0	 0.0   0.0   0.0
ARUV  13.0   1.0  12.0	14.0   4.0   0.0   0.0	 0.0   0.0   0.0   7.0	 8.0   8.0  12.0  16.0	15.0  17.0   9.0   8.0	 8.0   0.0   0.0   0.0	 0.0   0.0   0.0   0.0	 0.0   0.0   0.0
PRPE   0.1   0.01  0.0	 0.1   0.0   0.0   0.0	 0.0   0.0   0.0   0.0	 0.0   0.0   0.0   0.5	 0.0   0.0   0.0   0.0	 0.0   0.0   0.0   0.0	 0.0   0.0   0.0   0.0	 0.0   0.0   0.0
PRVI   0.0   0.0   0.0	 0.0   0.0   0.0   0.0	 0.0   0.0   0.0   0.0	 0.0   0.0   0.0   0.0	 0.0   0.0   0.0   0.0	 0.0   0.0   0.0   0.0	 0.0   0.0   0.0   0.0	 0.0   0.0   0.0
ROAC   1.0   0.1   0.0	 0.1   0.5   0.0   0.0	 0.0   0.0   0.0   0.1	 1.0   2.0   0.5   0.1	 0.1   1.0   1.0   0.0	 0.5   0.0   0.0   0.0	 0.0   0.0   0.0   0.0	 0.0   0.0   0.0
RUID   0.0   0.0   0.0	 0.01  0.5   0.0   0.0	 0.0   0.0   0.0   0.0	 0.0   0.0   0.0   0.0	 0.0   0.0   0.0   0.0	 0.0   0.0   0.0   0.0	 0.0   0.0   0.0   0.0	 0.0   0.0   0.0
SABE   0.0   0.0   0.0	 0.0   0.0   0.0   0.0	 0.0   0.0   0.0   0.0	 0.0   0.01  0.0   0.0	 0.0   0.0   0.0   0.0	 0.0   0.0   0.0   0.0	 0.0   0.0   0.0   0.0	 0.0   0.0   0.0
SHCA   0.0   0.0   1.0	 0.0   0.0   0.0   0.0	 0.0   0.0   0.0   0.0	 0.01  0.0   0.1   0.5	 0.0   0.0   0.0   0.0	 0.0   0.0   0.0   0.0	 0.0   0.0   0.0   0.0	 0.0   0.0   0.0
SYAL   0.0   0.0   0.0	 0.0   0.0   0.0   0.0	 0.0   0.0   0.0   0.0	 0.0   0.0   0.0   0.0	 0.0   0.0   0.0   0.0	 0.0   0.0   0.0   0.0	 0.0   0.0   0.0   0.0	 0.0   0.0   0.0
VAMY   0.1   0.01  0.5	 0.5   1.0   0.0   0.0	 0.0   0.0   0.0   0.1	 1.0   3.0   4.0   0.5	 1.0   0.5   1.0   1.0	 1.0   0.0   0.0   0.0	 0.0   0.0   0.0   0.0	 0.0   0.0   0.0
VAVI   1.0   0.0   7.0	10.0   3.0   0.0   0.0	 0.0   0.0   0.0   0.5	 5.0   7.0   9.0   9.0	 9.0  10.0   5.0   5.0	 3.0   0.0   0.0   0.0	 0.0   0.0   0.0   0.0	 0.0   0.0   0.0
ACMI   0.01  0.0   0.0	 0.0   0.0   0.0   0.0	 0.0   0.0   0.0   0.0	 0.0   0.0   0.0   0.0	 0.0   0.0   0.0   0.0	 0.0   0.0   0.0   0.0	 0.0   0.0   0.0   0.0	 0.0   0.0   0.0
ANMU   0.01  0.01  0.01  0.01  0.0   0.0   0.0	 0.0   0.0   0.0   0.01  0.0   0.1   0.01  0.01  0.1   0.01  0.1   0.01  0.01  0.0   0.0   0.0	 0.0   0.0   0.0   0.0	 0.0   0.0   0.0

QUAD  0A    0C	  0E	0G    0I    0a	  0c	0e    0g    0i	  4A	4C    4E    4G	  4I	6I    6G    6E	  6C	6A    6i    6g	  6e	6c    6a    4a	  4c	4e    4g    4i
ANPA   0.01  0.01  0.0	 0.01  0.0   0.0   0.0	 0.0   0.0   0.0   0.01  0.0   0.01  0.01  0.01  0.0   0.0   0.0   0.01  0.0   0.0   0.0   0.0	 0.0   0.0   0.0   0.0	 0.0   0.0   0.0
ANRA   0.0   0.0   0.0	 0.5   0.0   0.0   0.0	 0.0   0.0   0.0   0.0	 0.0   0.5   0.0   0.0	 0.0   0.0   0.0   0.0	 0.0   0.0   0.0   0.0	 0.0   0.0   0.0   0.0	 0.0   0.0   0.0
ARCA   0.0   0.0   0.0	 0.0   0.0   0.0   0.0	 0.0   0.0   0.0   0.0	 0.0   0.0   0.0   0.0	 0.0   0.0   0.0   0.0	 0.0   0.0   0.0   0.0	 0.0   0.0   0.0   0.0	 0.0   0.0   0.0
ASLA   0.1   0.01  0.1	 0.1   0.01  0.0   0.0	 0.0   0.0   0.0   0.1	 0.1   0.1   0.1   0.01  0.1   0.0   0.1   0.1	 0.1   0.0   0.0   0.0	 0.0   0.0   0.0   0.0	 0.0   0.0   0.0
CARO   0.01  0.0   0.01  0.01  0.01  0.0   0.0	 0.0   0.0   0.0   0.0	 0.0   0.01  0.0   0.01  0.01  0.01  0.01  0.01  0.01  0.0   0.0   0.0	 0.0   0.0   0.0   0.0	 0.0   0.0   0.0
EPAN   0.0   0.0   0.0	 0.0   0.0   0.0   0.0	 0.0   0.0   0.0   0.01  0.0   0.0   0.0   0.0	 0.0   0.0   0.0   0.0	 0.0   0.0   0.0   0.0	 0.0   0.0   0.0   0.0	 0.0   0.0   0.0
ERGL   0.0   0.0   0.0	 0.0   0.0   0.0   0.0	 0.0   0.0   0.0   0.0	 0.0   0.0   0.0   0.0	 0.0   0.0   0.0   0.0	 0.0   0.0   0.0   0.0	 0.0   0.0   0.0   0.0	 0.0   0.0   0.0
FRVI   0.01  0.0   0.0	 0.01  0.0   0.0   0.0	 0.0   0.0   0.0   0.0	 0.0   0.5   0.0   0.0	 0.0   0.0   0.0   0.0	 0.0   0.0   0.0   0.0	 0.0   0.0   0.0   0.0	 0.0   0.0   0.0
GABO   0.1   0.01  0.0	 0.1   0.1   0.0   0.0	 0.0   0.0   0.0   0.1	 0.1   0.1   0.01  0.01  0.01  0.0   0.01  0.01  0.1   0.0   0.0   0.0	 0.0   0.0   0.0   0.0	 0.0   0.0   0.0
GELI   0.0   0.0   0.0	 2.0   1.0   0.0   0.0	 0.0   0.0   0.0   0.0	 0.0   0.0   0.0   0.0	 0.0   0.0   0.0   0.0	 0.0   0.0   0.0   0.0	 0.0   0.0   0.0   0.0	 0.0   0.0   0.0
HIUM   0.0   0.0   0.0	 0.0   0.0   0.0   0.0	 0.0   0.0   0.0   0.01  0.01  0.0   0.0   0.01  0.0   0.0   0.01  0.1	 0.1   0.0   0.0   0.0	 0.0   0.0   0.0   0.0	 0.0   0.0   0.0
LAOC   0.0   0.0   0.01  0.0   0.0   0.0   0.0	 0.0   0.0   0.0   0.0	 0.0   0.0   0.0   0.0	 0.0   0.0   0.0   0.0	 0.0   0.0   0.0   0.0	 0.0   0.0   0.0   0.0	 0.0   0.0   0.0
LIBO   0.0   0.0   0.0	 1.0   3.0   0.0   0.0	 0.0   0.0   0.0   0.0	 0.1   3.0   2.0   0.0	 0.1   0.1   0.0   0.5	 0.5   0.0   0.0   0.0	 0.0   0.0   0.0   0.0	 0.0   0.0   0.0
LIPH   0.0   0.0   0.0	 0.0   0.0   0.0   0.0	 0.0   0.0   0.0   0.0	 0.0   0.0   0.0   0.0	 0.0   0.0   0.0   0.0	 0.0   0.0   0.0   0.0	 0.0   0.0   0.0   0.0	 0.0   0.0   0.0
MACA   0.5   0.1   0.5	 1.0   3.0   0.0   0.0	 0.0   0.0   0.0   0.5	 2.0   1.0   2.0   0.5	 0.5   0.1   1.0   1.0	 1.0   0.0   0.0   0.0	 0.0   0.0   0.0   0.0	 0.0   0.0   0.0
ORSE   0.0   0.0   0.0	 0.0   0.0   0.0   0.0	 0.0   0.0   0.0   0.0	 0.0   0.1   0.0   0.0	 0.0   0.0   0.0   0.0	 0.0   0.0   0.0   0.0	 0.0   0.0   0.0   0.0	 0.0   0.0   0.0
PYCH   0.0   0.0   0.0	 0.0   0.0   0.0   0.0	 0.0   0.0   0.0   0.1	 0.0   0.1   0.1   0.5	 0.0   0.0   0.0   0.1	 0.1   0.0   0.0   0.0	 0.0   0.0   0.0   0.0	 0.0   0.0   0.0
SOSP   0.1   0.01  0.0	 0.0   0.01  0.0   0.0	 0.0   0.0   0.0   0.1	 0.0   0.0   0.0   0.0	 0.01  0.0   0.01  0.0	 0.0   0.0   0.0   0.0	 0.0   0.0   0.0   0.0	 0.0   0.0   0.0
VIAD   0.0   0.0   0.01  0.01  0.0   0.0   0.0	 0.0   0.0   0.0   0.01  0.01  0.01  0.0   0.01  0.0   0.0   0.0   0.0	 0.0   0.0   0.0   0.0	 0.0   0.0   0.0   0.0	 0.0   0.0   0.0
CXSI   0.0   0.0   0.0	 0.0   0.0   0.0   0.0	 0.0   0.0   0.0   0.0	 0.0   0.0   0.0   0.0	 0.0   0.0   0.0   0.0	 0.0   0.0   0.0   0.0	 0.0   0.0   0.0   0.0	 0.0   0.0   0.0
CXRI   0.5   0.5   0.1	 0.1   0.01  0.0   0.0	 0.0   0.0   0.0   0.1	 0.1   0.1   0.1   0.1	 0.01  0.01  0.1   0.1	 0.5   0.0   0.0   0.0	 0.0   0.0   0.0   0.0	 0.0   0.0   0.0

QUAD  0A    0C	  0E	0G    0I    0i	  0g	0e    0c    0a	  4A	4C    4E    4G	  4I	6I    6G    6E	  6C	6A    6i    6g	  6e	6c    6a    4a	  4c	4e    4g    4i
ELGL   0.01  0.01  0.0	 0.0   0.0   0.0   0.0	 0.0   0.0   0.0   0.0	 0.0   0.0   0.0   0.0	 0.0   0.0   0.0   0.0	 0.0   0.0   0.0   0.0	 0.0   0.0   0.0   0.0	 0.0   0.0   0.0
ELIN   0.01  0.01  0.01  0.01  0.1   0.0   0.0	 0.0   0.0   0.0   0.1	 0.01  0.5   0.1   0.01  0.0   0.0   0.01  0.0	 0.01  0.0   0.0   0.0	 0.0   0.0   0.0   0.0	 0.0   0.0   0.0
ORAS   0.01  0.0   0.01  0.01  0.0   0.0   0.0	 0.0   0.0   0.0   0.0	 0.01  0.01  0.01  0.01  0.01  0.0   0.0   0.01  0.0   0.0   0.0   0.0	 0.0   0.0   0.0   0.0	 0.0   0.0   0.0
ORPU   0.01  0.01  0.1	 0.01  0.01  0.0   0.0	 0.0   0.0   0.0   0.1	 0.1   0.01  0.1   0.01  0.01  0.01  0.01  0.01  0.1   0.0   0.0   0.0	 0.0   0.0   0.0   0.0	 0.0   0.0   0.0
SCPU   0.0   0.0   0.0	 0.0   0.0   0.0   0.0	 0.0   0.0   0.0   0.0	 0.0   0.0   0.0   0.0	 0.0   0.0   0.0   0.0	 0.0   0.0   0.0   0.0	 0.0   0.0   0.0   0.0	 0.0   0.0   0.0
EQVA   0.01  0.01  0.0	 0.01  0.0   0.0   0.0	 0.0   0.0   0.0   0.01  0.01  0.1   0.1   0.01  0.01  0.01  0.01  0.1	 0.1   0.0   0.0   0.0	 0.0   0.0   0.0   0.0	 0.0   0.0   0.0
LYCO   0.0   0.0   0.0	 0.0   0.0   0.0   0.0	 0.0   0.0   0.0   0.0	 2.0   2.0   0.0   0.0	 0.0   0.0   0.0   0.1	 0.0   0.0   0.0   0.0	 0.0   0.0   0.0   0.0	 0.0   0.0   0.0
GEAM   0.0   0.0   0.0	 0.0   0.0   0.0   0.0	 0.0   0.0   0.0   0.0	 0.0   0.0   0.0   0.0	 0.0   0.0   0.0   0.0	 0.0   0.0   0.0   0.0	 0.0   0.0   0.0   0.0	 0.0   0.0   0.0
ROWO   0.0   0.0   0.0	 0.0   0.0   0.0   0.0	 0.0   0.0   0.0   0.0	 0.0   0.0   0.0   0.0	 0.0   0.0   0.0   0.0	 0.0   0.0   0.0   0.0	 0.0   0.0   0.0   0.0	 0.0   0.0   0.0
MELI   0.0   0.0   0.0	 0.0   0.0   0.0   0.0	 0.0   0.0   0.0   0.0	 0.0   0.0   0.0   0.0	 0.0   0.0   0.0   0.0	 0.0   0.0   0.0   0.0	 0.0   0.0   0.0   0.0	 0.0   0.0   0.0
AGSC   0.0   0.0   0.0	 0.0   0.0   0.0   0.0	 0.0   0.0   0.0   0.0	 0.0   0.0   0.0   0.0	 0.0   0.0   0.0   0.0	 0.0   0.0   0.0   0.0	 0.0   0.0   0.0   0.0	 0.0   0.0   0.0
ARLY   0.0   0.0   0.0	 0.0   0.0   0.0   0.0	 0.0   0.0   0.0   0.0	 0.0   0.0   0.0   0.0	 0.0   0.0   0.0   0.0	 0.0   0.0   0.0   0.0	 0.0   0.0   0.0   0.0	 0.0   0.0   0.0
VIRE   0.0   0.0   0.0	 0.0   0.0   0.0   0.0	 0.0   0.0   0.0   0.0	 0.0   0.0   0.0   0.0	 0.0   0.0   0.0   0.0	 0.0   0.0   0.0   0.0	 0.0   0.0   0.0   0.0	 0.0   0.0   0.0
AGSU   0.0   0.0   0.0	 0.0   0.0   0.0   0.0	 0.0   0.0   0.0   0.0	 0.0   0.0   0.0   0.0	 0.0   0.0   0.0   0.0	 0.0   0.0   0.0   0.0	 0.0   0.0   0.0   0.0	 0.0   0.0   0.0
temp  52    51	  51	51    50				  52	53    52    52	  52	53    52    53	  53	53
