STAND 1, SURVEY DATE: 8 Sep 1983, OBSERVERS: G.H. La Roi (#1), ROWS: 4E,4G,4I, M.S. Ross (#3), ROWS: 0,2,4A.4C, DATA ENTRY: 20 Nov 1995  (GHLR used "M" thermometer)

QUAD  0A    0C	  0E	0G    0I    2I	  2G	2E    2C    2A	  4A	4C    4E    4G	  4I	6I    6G    6E	  6C	6A    8A    8C	  8E	8G    8I    4a	  4c	4e    4g    4i

PIBA   1.0  12.0   7.0	 5.0  11.0   4.0   8.0	 5.0   8.0  10.0   4.0	 7.0   4.0   6.0   6.0	 6.0  20.0   4.0   5.0	 7.0   1.0  20.0   3.0	13.0   7.0
PIGL   0.0   0.0   0.0	 0.0   0.0   0.0   0.0	 0.0   0.0   0.0   0.0	 0.0   0.0   0.0   0.5	 0.0   0.0   0.0   0.0	 0.0   0.0   0.0   0.0	 0.0   0.0
POTR   0.0   0.0   0.0	 0.0   0.0   0.0   0.0	 0.0   0.0   0.0   0.0	 0.0   2.0   0.0   0.0	 0.0   0.0   0.0   0.0	 0.0   0.0   0.0   0.0	 0.0   0.0
ALCR   0.0   0.0   1.0	 0.5  18.0   5.0   0.0	 0.0   0.0   0.5   0.0	 0.0   0.0   0.0   0.0	 0.0   0.0   0.0   0.0	 0.1   0.0   0.0   0.0	 0.0   0.0
AMAL   1.0   0.5   0.5	 0.1   1.0   0.0   1.0	 2.0   0.5   0.0   0.5	 1.0   3.0   0.1   0.0	 0.1   1.0   2.0   2.0	 2.0   0.0   0.5   2.0	 0.5   0.1
ARUV   9.0   1.0  12.0	12.0   3.0   7.0   5.0	 8.0   6.0   6.0   0.0	 8.0  10.0  28.0  17.0	25.0  25.0  18.0  19.0	20.0  10.0  25.0  19.0	18.0  29.0
PRPE   0.5   0.1   0.0	 0.1   0.0   1.0   0.1	 0.01  0.0   0.0   0.0	 0.0   0.0   0.0   1.0	 0.0   0.0   0.0   0.0	 0.0   0.0   0.0   0.0	 0.0   0.0
PRVI   0.0   0.0   0.0	 0.0   0.0   0.0   0.0	 0.0   0.0   0.0   0.0	 0.0   0.0   0.0   0.0	 0.0   0.0   0.0   0.0	 0.0   0.0   0.0   0.0	 0.0   0.1
ROAC   0.5   0.1   0.0	 0.1   0.5   0.1   0.0	 0.01  0.5   0.5   0.01  3.0   5.0   1.0   0.5	 0.01  2.0   2.0   0.0	 0.5   0.0   0.0   0.1	 1.0   0.5
RUID   0.0   0.0   0.0	 0.1   0.5   0.5   0.0	 0.0   0.0   0.0   0.0	 0.0   0.0   0.0   0.0	 0.0   0.0   0.0   0.0	 0.0   0.0   0.0   0.0	 0.0   0.0
SABE   0.0   0.0   0.0	 0.0   0.0   0.0   0.0	 0.0   0.0   0.0   0.0	 0.0   1.0   0.0   0.0	 0.0   0.0   0.0   0.0	 0.0   0.0   0.0   0.0	 0.0   0.0
SHCA   0.0   0.0   0.5	 0.0   0.0   0.0   0.0	 0.1   0.0   2.0   0.0	 0.0   0.0   0.1   0.1	 0.0   0.0   0.0   0.0	 0.0   0.0   0.0   0.0	 0.0   0.0
SYAL   0.0   0.0   0.0	 0.0   0.0   0.0   0.0	 0.0   0.0   0.0   0.0	 0.0   0.0   0.0   0.0	 0.0   0.0   0.0   0.0	 0.0   0.0   0.0   0.0	 0.0   0.0
VAMY   0.01  0.1   0.1	 0.5   2.0   4.0   0.1	 0.5   0.5   2.0   0.1	 0.5   4.0   4.0   0.1	 3.0   0.5   1.0   2.0	 2.0   0.0   3.0   0.1	 1.0   0.0
VAVI   0.5   0.1   3.0	12.0   5.0   4.0   6.0	 5.0   2.0   3.0   0.0	 2.0  15.0  14.0   8.0	15.0  17.0  12.0  14.0	10.0   2.0  13.0   6.0	 8.0   3.0
ACMI   0.1   0.0   0.0	 0.0   0.0   0.0   0.0	 0.0   0.0   0.0   0.0	 0.0   0.0   0.0   0.0	 0.0   0.0   0.0   0.0	 0.0   0.0   0.0   0.0	 0.0   0.01
ANMU   0.1   0.01  0.01  0.1   0.0   0.1   0.1	 0.1   0.1   0.0   0.1	 0.1   0.01  0.1   0.01  0.01  0.0   0.01  0.1	 0.1   0.01  0.01  0.0	 0.5   0.1

QUAD  0A    0C	  0E	0G    0I    2I	  2G	2E    2C    2A	  4A	4C    4E    4G	  4I	6I    6G    6E	  6C	6A    8A    8C	  8E	8G    8I    4a	  4c	4e    4g    4i
ANPA   0.01  0.0   0.0	 0.1   0.0   0.01  0.1	 0.01  0.1   0.1   0.1	 0.0   0.1   0.01  0.01  0.01  0.1   0.01  0.1	 0.01  0.0   0.1   0.0	 0.1   0.01
ANRA   0.0   0.0   0.0	 0.0   0.0   0.0   0.0	 0.0   0.0   0.0   0.0	 0.0   0.0   0.0   0.0	 0.0   0.0   0.0   0.0	 0.0   0.0   0.0   0.0	 0.0   0.0
ARCA   0.0   0.0   0.0	 0.0   0.0   0.0   0.0	 0.0   0.0   0.0   0.01  0.0   0.0   0.0   0.0	 0.0   0.0   0.0   0.0	 0.0   0.01  0.0   0.01  0.0   0.0
ASLA   0.5   0.1   0.5	 0.5   0.0   0.5   0.1	 0.5   0.1   0.0   1.0	 1.0   2.0   1.0   1.0	 1.0   0.5   2.0   1.0	 2.0   2.0   1.0   1.0	 1.0   2.0
CARO   0.01  0.0   0.01  0.01  0.01  0.0   0.01  0.0   0.01  0.01  0.0	 0.0   0.01  0.01  0.0	 0.01  0.0   0.01  0.01  0.01  0.0   0.01  0.0	 0.01  0.01
EPAN   0.0   0.0   0.0	 0.0   0.0   0.0   0.0	 0.0   0.0   0.0   0.0	 0.0   0.0   0.0   0.0	 0.0   0.0   0.0   0.0	 0.01  0.0   0.0   0.0	 0.0   0.0
ERGL   0.1   0.0   0.01  0.1   0.0   0.01  0.0	 0.0   0.0   0.0   0.1	 0.0   0.1   0.0   0.0	 0.0   0.0   0.0   0.0	 0.5   0.1   0.1   0.5	 0.0   0.0
FRVI   0.0   0.0   0.0	 0.1   0.0   0.1   0.0	 0.0   0.0   0.0   0.0	 0.0   0.5   0.0   0.0	 0.0   0.0   0.0   0.0	 0.0   0.0   0.0   0.0	 0.0   0.0
GABO   0.1   0.1   0.01  0.1   0.1   0.1   0.1	 0.1   0.0   0.0   0.1	 0.1   0.5   0.01  0.01  0.1   0.01  0.1   0.1	 0.5   0.1   0.5   0.5	 0.1   0.1
GELI   0.0   0.0   0.0	 0.0   0.1   0.0   0.0	 0.0   0.0   0.0   0.0	 0.0   0.0   0.0   0.0	 0.0   0.0   0.0   0.0	 0.0   0.0   0.0   0.0	 0.0   0.0
HIUM   0.1   0.0   0.0	 0.0   0.0   0.01  0.01  0.01  0.01  0.0   0.0	 0.1   0.0   0.0   0.1	 0.0   0.01  0.01  0.1	 0.1   0.1   0.1   0.5	 0.1   0.0
LAOC   0.0   0.0   0.01  0.0   0.0   0.0   0.0	 0.0   0.0   0.0   0.0	 0.0   0.0   0.0   0.0	 0.0   0.0   0.0   0.0	 0.0   0.0   0.0   0.0	 0.0   0.0
LIBO   0.0   0.0   0.0	 1.0   2.0   3.0   0.5	 0.0   0.0   0.1   0.0	 0.0   6.0   3.0   0.1	 0.0   0.0   0.0   0.5	 1.0   0.0   0.1   0.0	 0.5   0.1
LIPH   0.0   0.0   0.0	 0.0   0.0   0.0   0.0	 0.0   0.0   0.0   0.0	 0.0   0.0   0.0   0.0	 0.0   0.0   0.0   0.0	 0.0   0.0   0.0   0.0	 0.0   0.0
MACA   0.01  0.0   0.1	 0.1   0.5   1.0   0.1	 0.0   0.01  0.1   0.0	 0.1   0.1   0.01  0.1	 0.5   0.5   1.0   1.0	 0.5   0.1   0.5   0.1	 0.5   0.5
ORSE   0.0   0.0   0.0	 0.0   0.0   0.0   0.0	 0.0   0.0   0.1   0.0	 0.0   0.1   0.0   0.0	 0.0   0.0   0.0   0.0	 0.0   0.0   0.0   0.0	 0.0   0.0
PYCH   0.0   0.0   0.0	 0.0   0.0   0.0   0.0	 0.0   0.01  0.0   0.0	 0.0   0.1   0.0   0.5	 0.0   0.0   0.0   0.0	 0.1   0.1   0.0   0.0	 0.0   0.0
SOSP   0.01  0.1   0.5	 0.5   0.0   0.0   0.01  0.5   0.01  0.0   0.1	 0.1   0.1   0.1   0.5	 0.0   0.01  0.01  0.0	 0.1   0.01  0.1   0.1	 0.1   0.1
VIAD   0.01  0.01  0.01  0.1   0.0   0.0   0.1	 0.0   0.0   0.0   0.0	 0.1   0.1   0.1   0.1	 0.0   0.0   0.1   0.1	 0.0   0.0   0.1   0.0	 0.1   0.1
CXSI   0.0   0.0   0.01  0.0   0.0   0.01  0.0	 0.0   0.0   0.01  0.0	 0.0   0.0   0.0   0.0	 0.0   0.0   0.0   0.0	 0.0   0.0   0.0   0.0	 0.0   0.0
CXRI   0.1   2.0   0.1	 0.5   0.1   0.1   0.1	 0.5   0.1   0.1   2.0	 0.5   1.0   0.5   1.0	 0.1   0.5   1.0   1.0	 0.1   0.5   1.0   1.0	 1.0   1.0

QUAD  0A    0C	  0E	0G    0I    2I	  2G	2E    2C    2A	  4A	4C    4E    4G	  4I	6I    6G    6E	  6C	6A    8A    8C	  8E	8G    8I    4a	  4c	4e    4g    4i
ELGL   0.0   0.01  0.0	 0.0   0.0   0.1   0.0	 0.0   0.0   0.0   0.0	 0.0   0.0   0.01  0.0	 0.0   0.0   0.01  0.0	 0.0   0.5   0.0   0.1	 0.1   0.0
ELIN   0.1   0.1   0.1	 0.1   1.0   1.0   0.0	 0.5   0.5   0.0   0.5	 0.5   0.5   0.1   0.1	 0.0   0.0   0.1   0.01  0.1   0.5   0.01  0.0	 0.0   0.1
ORAS   0.01  0.01  0.01  0.5   0.01  0.1   0.5	 0.0   0.0   0.0   0.1	 0.0   1.0   0.1   0.01  0.0   0.0   0.1   0.0	 0.0   0.1   0.1   0.01  0.0   0.0
ORPU   0.5   0.5   0.5	 0.5   0.1   0.5   0.5	 0.5   0.5   0.1   1.0	 0.5   1.0   0.1   0.1	 0.5   0.1   0.1   1.0	 0.1   0.5   0.5   0.5	 0.1   0.5
SCPU   0.0   0.0   0.0	 0.0   0.0   0.0   0.0	 0.0   0.0   0.0   0.0	 0.0   1.0   0.0   0.0	 0.0   0.0   0.0   0.0	 0.0   0.0   0.0   0.0	 0.0   0.0
EQVA   0.5   0.1   0.1	 0.01  0.0   0.0   0.01  0.1   0.1   0.01  0.1	 0.1   0.1   0.01  0.01  0.01  0.1   0.01  0.01  0.1   0.1   0.1   0.01  0.01  0.1
LYCO   0.0   0.0   0.0	 0.0   0.0   0.0   0.0	 0.0   0.5   1.0   0.0	 0.5   2.0   0.0   0.0	 0.0   0.0   0.0   0.0	 0.0   0.0   0.0   0.0	 0.0   0.0
GEAM   0.0   0.0   0.0	 0.0   0.0   0.0   0.0	 0.0   0.0   0.0   0.0	 0.0   0.0   0.0   0.0	 0.0   0.0   0.0   0.0	 0.0   0.0   0.0   0.0	 0.0   0.0
ROWO   0.0   0.0   0.0	 0.0   0.0   0.0   0.0	 0.0   0.0   0.0   0.0	 0.0   0.0   0.0   0.0	 0.0   0.0   0.0   0.0	 0.0   0.0   0.0   0.0	 0.0   0.0
MELI   0.0   0.0   0.0	 0.0   0.0   0.0   0.0	 0.0   0.0   0.0   0.0	 0.0   0.0   0.0   0.0	 0.0   0.0   0.0   0.0	 0.0   0.0   0.0   0.0	 0.0   0.0
AGSC   0.0   0.0   0.0	 0.0   0.0   0.0   0.0	 0.0   0.0   0.0   0.0	 0.0   0.0   0.0   0.0	 0.0   0.0   0.0   0.0	 0.0   0.0   0.0   0.0	 0.0   0.0
ARLY   0.0   0.0   0.0	 0.0   0.0   0.0   0.0	 0.0   0.0   0.0   0.0	 0.0   0.0   0.0   0.0	 0.0   0.0   0.0   0.0	 0.0   0.0   0.0   0.0	 0.0   0.0
VIRE   0.0   0.0   0.0	 0.0   0.0   0.0   0.0	 0.0   0.0   0.0   0.0	 0.0   0.0   0.0   0.0	 0.0   0.0   0.0   0.0	 0.0   0.0   0.0   0.0	 0.0   0.0
AGSU   0.0   0.0   0.0	 0.0   0.0   0.0   0.0	 0.0   0.0   0.0   0.0	 0.0   0.0   0.0   0.0	 0.0   0.0   0.0   0.0	 0.0   0.0   0.0   0.0	 0.0   0.0
temp  46    48	  48	47    48    49	  47	48    48    49	  49	49    50    50	  49	51    50    50	  49	50    51    50	  50	49    48
