STAND 1, SURVEY DATE: 6 Oct 1983, OBSERVERS:  G.H. La Roi (#1), ROWS: 0,2,4A,  M.S. Ross (#3), ROWS: 4C,4E,4G,4I,6,8,  DATA ENTRY: 20 Nov 1995

QUAD  0A    0C	  0E	0G    0I    2I	  2G	2E    2C    2A	  4A	4C    4E    4G	  4I	6I    6G    6E	  6C	6A    8A    8C	  8E	8G    8I    4a	  4c	4e    4g    4i

PIBA   2.0  22.0  11.0	 6.0  13.0   3.0   9.0	11.0  15.0  17.0   9.0	 7.0   2.0   2.0   6.0	 4.0  11.0   3.0   4.0	 4.0   0.5  15.0   0.5	10.0   3.0
PIGL   0.0   0.0   0.0	 0.0   0.0   0.0   0.0	 0.0   0.0   0.0   0.0	 0.0   0.0   0.0   0.1	 0.0   0.0   0.0   0.0	 0.0   0.0   0.0   0.0	 0.0   0.0
POTR   0.0   0.0   0.0	 0.0   0.0   0.0   0.0	 0.0   0.0   0.0   0.0	 0.0   0.01  0.0   0.0	 0.0   0.0   0.0   0.0	 0.0   0.0   0.0   0.0	 0.0   0.0
ALCR   0.0   0.0   1.0	 0.01  4.0   4.0   0.0	 0.0   0.0   0.5   0.0	 0.0   0.0   0.0   0.0	 0.0   0.0   0.0   0.0	 0.0   0.0   0.0   0.0	 0.0   0.0
AMAL   0.01  0.01  0.01  0.01  0.01  0.0   0.01  0.01  0.01  0.01  0.01  0.01  0.01  0.0   0.0	 0.01  0.01  0.01  0.01  0.01  0.0   0.0   0.01  0.01  0.0
ARUV  18.0   2.0  25.0	23.0   6.0  15.0  15.0	25.0  19.0   8.0   8.0	12.0  10.0  22.0  30.0	25.0  25.0  16.0  20.0	14.0   7.0  25.0   8.0	15.0  12.0
PRPE   0.01  0.0   0.0	 0.01  0.0   0.01  0.01  0.0   0.0   0.0   0.0	 0.0   0.0   0.0   0.01  0.0   0.0   0.0   0.0	 0.0   0.0   0.0   0.0	 0.0   0.0
PRVI   0.0   0.0   0.0	 0.0   0.0   0.0   0.0	 0.0   0.0   0.0   0.0	 0.0   0.0   0.0   0.0	 0.0   0.0   0.0   0.0	 0.0   0.0   0.0   0.0	 0.0   0.0
ROAC   0.01  0.0   0.0	 0.0   0.01  0.01  0.01  0.0   0.01  0.01  0.01  0.01  0.01  0.01  0.01  0.0   0.01  0.01  0.0	 0.01  0.0   0.0   0.0	 0.01  0.01
RUID   0.0   0.0   0.0	 0.1   0.1   0.5   0.0	 0.0   0.0   0.0   0.0	 0.0   0.0   0.0   0.0	 0.0   0.0   0.0   0.0	 0.0   0.0   0.0   0.0	 0.0   0.0
SABE   0.0   0.0   0.0	 0.0   0.0   0.0   0.0	 0.0   0.0   0.0   0.0	 0.0   0.0   0.0   0.0	 0.0   0.0   0.0   0.0	 0.0   0.0   0.0   0.0	 0.0   0.0
SHCA   0.0   0.0   0.1	 0.0   0.0   0.0   0.0	 0.1   0.0   0.5   0.0	 0.0   0.0   0.01  0.01  0.0   0.0   0.0   0.0	 0.0   0.0   0.0   0.0	 0.0   0.0
SYAL   0.0   0.0   0.0	 0.0   0.0   0.0   0.0	 0.0   0.0   0.0   0.0	 0.0   0.0   0.0   0.0	 0.0   0.0   0.0   0.0	 0.0   0.0   0.0   0.0	 0.0   0.0
VAMY   0.1   0.0   0.1	 0.5   2.0   3.0   0.1	 0.5   0.5   1.0   0.1	 0.1   0.5   0.5   0.0	 0.1   0.1   0.1   0.1	 0.1   0.0   0.1   0.01  0.1   0.0
VAVI   7.0   0.01 12.0	20.0  11.0   9.0  15.0	12.0   8.0   8.0   2.0	 3.0  15.0   6.0   0.5	 4.0  10.0   6.0   4.0	 3.0   0.1   4.0   1.0	 1.0   2.0
ACMI   0.01  0.0   0.0	 0.0   0.0   0.0   0.0	 0.0   0.0   0.0   0.0	 0.0   0.0   0.0   0.0	 0.0   0.0   0.0   0.0	 0.0   0.0   0.0   0.0	 0.0   0.0
ANMU   0.0   0.01  0.0	 0.01  0.0   0.01  0.01  0.0   0.0   0.0   0.01  0.0   0.01  0.01  0.01  0.0   0.0   0.0   0.01  0.0   0.0   0.01  0.0	 0.0   0.01

QUAD  0A    0C	  0E	0G    0I    2I	  2G	2E    2C    2A	  4A	4C    4E    4G	  4I	6I    6G    6E	  6C	6A    8A    8C	  8E	8G    8I    4a	  4c	4e    4g    4i
ANPA   0.01  0.0   0.0	 0.0   0.0   0.01  0.01  0.0   0.0   0.0   0.0	 0.0   0.0   0.0   0.0	 0.0   0.0   0.0   0.0	 0.0   0.0   0.0   0.0	 0.0   0.0
ANRA   0.0   0.0   0.0	 0.5   0.0   0.0   0.0	 0.0   0.0   0.0   0.0	 0.0   0.01  0.0   0.0	 0.0   0.0   0.0   0.0	 0.0   0.0   0.0   0.0	 0.0   0.0
ARCA   0.0   0.0   0.0	 0.0   0.0   0.0   0.0	 0.0   0.0   0.0   0.01  0.0   0.0   0.0   0.0	 0.0   0.0   0.0   0.0	 0.0   0.0   0.0   0.0	 0.0   0.0
ASLA   0.1   0.01  0.1	 0.5   0.1   0.1   0.5	 0.1   0.1   0.0   0.1	 0.01  0.1   0.1   0.1	 0.01  0.01  0.01  0.01  0.01  0.1   0.01  0.1	 0.01  0.1
CARO   0.01  0.0   0.0	 0.01  0.01  0.0   0.0	 0.0   0.01  0.01  0.0	 0.0   0.0   0.0   0.0	 0.0   0.0   0.01  0.0	 0.0   0.0   0.0   0.0	 0.0   0.0
EPAN   0.0   0.0   0.0	 0.0   0.0   0.0   0.0	 0.0   0.0   0.0   0.0	 0.0   0.0   0.0   0.0	 0.0   0.0   0.0   0.0	 0.0   0.0   0.0   0.0	 0.0   0.0
ERGL   0.1   0.0   0.1	 0.1   0.0   0.01  0.0	 0.1   0.0   0.0   0.0	 0.0   0.0   0.0   0.0	 0.0   0.0   0.01  0.0	 0.0   0.0   0.1   0.01  0.0   0.0
FRVI   0.0   0.0   0.0	 0.0   0.0   0.1   0.0	 0.0   0.0   0.0   0.0	 0.0   0.1   0.0   0.0	 0.0   0.0   0.0   0.0	 0.0   0.0   0.0   0.0	 0.0   0.0
GABO   0.01  0.01  0.0	 0.01  0.0   0.01  0.01  0.01  0.01  0.0   0.1	 0.01  0.01  0.1   0.0	 0.01  0.0   0.01  0.0	 0.0   0.01  0.0   0.0	 0.0   0.0
GELI   0.0   0.0   0.0	 0.0   0.0   0.0   0.0	 0.0   0.0   0.0   0.0	 0.0   0.0   0.0   0.0	 0.0   0.0   0.0   0.0	 0.0   0.0   0.0   0.0	 0.0   0.0
HIUM   0.0   0.0   0.0	 0.0   0.0   0.0   0.0	 0.0   0.0   0.0   0.0	 0.0   0.01  0.0   0.0	 0.0   0.0   0.0   0.0	 0.0   0.0   0.0   0.0	 0.0   0.0
LAOC   0.0   0.0   0.0	 0.0   0.0   0.0   0.0	 0.0   0.0   0.0   0.0	 0.0   0.0   0.0   0.0	 0.0   0.0   0.0   0.0	 0.0   0.0   0.0   0.0	 0.0   0.0
LIBO   0.0   0.0   0.0	 4.0   2.0   3.0   2.0	 0.0   0.0   1.0   0.0	 0.0   2.0   0.1   0.1	 0.0   0.0   0.0   0.0	 0.1   0.0   0.1   0.0	 0.0   0.0
LIPH   0.0   0.0   0.0	 0.0   0.0   0.0   0.0	 0.0   0.0   0.0   0.0	 0.0   0.0   0.0   0.0	 0.0   0.0   0.0   0.0	 0.0   0.0   0.0   0.0	 0.0   0.0
MACA   0.0   0.0   0.0	 0.0   0.0   0.0   0.0	 0.0   0.0   0.0   0.0	 0.0   0.0   0.0   0.0	 0.0   0.0   0.0   0.0	 0.0   0.0   0.0   0.0	 0.0   0.0
ORSE   0.0   0.0   0.0	 0.0   0.0   0.1   0.0	 0.0   0.0   0.1   0.0	 0.0   0.1   0.0   0.0	 0.0   0.0   0.0   0.0	 0.0   0.0   0.0   0.0	 0.0   0.0
PYCH   0.0   0.0   0.0	 0.0   0.0   0.0   0.0	 0.0   0.0   0.0   0.0	 0.0   0.1   0.0   0.5	 0.0   0.0   0.0   0.0	 0.0   0.01  0.0   0.0	 0.0   0.0
SOSP   0.1   0.1   0.1	 0.1   0.0   0.0   0.0	 0.1   0.1   0.0   0.1	 0.0   0.1   0.0   0.0	 0.0   0.0   0.0   0.0	 0.01  0.0   0.0   0.0	 0.1   0.0
VIAD   0.0   0.01  0.0	 0.01  0.0   0.0   0.0	 0.0   0.0   0.0   0.0	 0.01  0.0   0.01  0.01  0.01  0.0   0.01  0.0	 0.01  0.01  0.0   0.0	 0.01  0.01
CXSI   0.0   0.01  0.0	 0.0   0.0   0.0   0.0	 0.0   0.0   0.01  0.0	 0.01  0.0   0.0   0.0	 0.0   0.0   0.0   0.0	 0.0   0.0   0.0   0.0	 0.0   0.0
CXRI   1.0   1.0   0.5	 1.0   0.1   1.0   0.5	 2.0   0.5   0.1   3.0	 0.5   1.0   0.1   0.5	 0.1   0.1   0.01  0.1	 0.5   0.1   0.1   0.1	 0.5   0.5

QUAD  0A    0C	  0E	0G    0I    2I	  2G	2E    2C    2A	  4A	4C    4E    4G	  4I	6I    6G    6E	  6C	6A    8A    8C	  8E	8G    8I    4a	  4c	4e    4g    4i
ELGL   0.01  0.01  0.0	 0.01  0.0   0.01  0.0	 0.0   0.0   0.0   0.0	 0.0   0.0   0.0   0.0	 0.0   0.0   0.0   0.0	 0.0   0.0   0.0   0.0	 0.0   0.0
ELIN   0.01  0.0   0.1	 0.01  0.5   0.1   0.01  0.1   0.01  0.0   0.1	 0.1   2.0   0.5   0.01  0.0   0.0   0.1   0.0	 0.01  0.1   0.0   0.0	 0.0   0.1
ORAS   0.0   0.0   0.01  0.01  0.0   0.01  0.1	 0.0   0.0   0.0   0.0	 0.0   0.1   0.01  0.01  0.01  0.0   0.01  0.0	 0.0   0.0   0.01  0.0	 0.0   0.0
ORPU   0.01  0.1   0.1	 0.1   0.01  0.1   0.1	 0.1   0.01  0.01  0.5	 0.01  0.1   0.1   0.1	 0.01  0.01  0.01  0.01  0.01  0.0   0.01  0.01  0.01  0.01
SCPU   0.0   0.0   0.0	 0.0   0.0   0.0   0.0	 0.0   0.0   0.0   0.0	 0.0   0.0   0.0   0.0	 0.0   0.0   0.0   0.0	 0.0   0.0   0.0   0.0	 0.0   0.0
EQVA   0.01  0.1   0.1	 0.1   0.0   0.01  0.01  0.01  0.1   0.01  0.1	 0.1   0.1   0.1   0.0	 0.1   0.01  0.01  0.1	 0.1   0.01  0.5   0.0	 0.0   0.01
LYCO   0.0   0.0   0.0	 0.0   0.0   0.0   0.0	 0.0   0.0   0.0   0.0	 0.0   0.0   0.0   0.0	 0.0   0.0   0.0   0.0	 0.0   0.0   0.0   0.0	 0.0   0.0
GEAM   0.0   0.0   0.0	 0.0   0.0   0.0   0.0	 0.0   0.0   0.0   0.0	 0.0   0.0   0.0   0.0	 0.0   0.0   0.0   0.0	 0.0   0.0   0.0   0.0	 0.0   0.0
ROWO   0.0   0.0   0.0	 0.0   0.0   0.0   0.0	 0.0   0.0   0.0   0.0	 0.0   0.0   0.0   0.0	 0.0   0.0   0.0   0.0	 0.0   0.0   0.0   0.0	 0.0   0.0
MELI   0.0   0.0   0.0	 0.0   0.0   0.0   0.0	 0.0   0.0   0.0   0.0	 0.0   0.0   0.0   0.0	 0.0   0.0   0.0   0.0	 0.0   0.0   0.0   0.0	 0.0   0.0
AGSC   0.0   0.0   0.0	 0.0   0.0   0.0   0.0	 0.0   0.0   0.0   0.0	 0.0   0.0   0.0   0.0	 0.0   0.0   0.0   0.0	 0.0   0.0   0.0   0.0	 0.0   0.0
ARLY   0.0   0.0   0.0	 0.0   0.0   0.0   0.0	 0.0   0.0   0.0   0.0	 0.0   0.0   0.0   0.0	 0.0   0.0   0.0   0.0	 0.0   0.0   0.0   0.0	 0.0   0.0
VIRE   0.0   0.0   0.0	 0.0   0.0   0.0   0.0	 0.0   0.0   0.0   0.0	 0.0   0.0   0.0   0.0	 0.0   0.0   0.0   0.0	 0.0   0.0   0.0   0.0	 0.0   0.0
AGSU   0.0   0.0   0.0	 0.0   0.0   0.0   0.0	 0.0   0.0   0.0   0.0	 0.0   0.0   0.0   0.0	 0.0   0.0   0.0   0.0	 0.0   0.0   0.0   0.0	 0.0   0.0
temp  49    53	  48	47    46    45	  45	46    46    46	  47	45    45    43	  45	46    46    46	  45	43    47    48	  46	47    46
