1982 021 017 015 065 044 020 030 007 034 022
1981 026 017 019 061 073 039 040 010 071 057
1980 032 025 016 108 067 045 056 015 076 061
1979 054 056 032 073 065 045 044 011 095 031
1978 051 038 041 064 066 054 041 012 102 038
1977 053 059 036 042 091 055 065 023 121 040
1976 060 067 037 064 095 086 074 056 107 061
1975 078 042 022 070 077 062 072 077 136 051
1974 069 039 036 054 048 028 046 066 137 044
1973 034 044 022 034 058 028 037 043 099 028 
1972 021 061 038 039 095 043 050 045 075 028
1971 043 059 038 047 075 074 059 041 075 059
1970 075 089 040 056 079 055 048 053 080 035
1969 074 077 019 033 070 045 037 047 113 041
1968 071 114 044 029 061 034 050 057 081 029
1967 055 080 051 017 096 035 047 069 080 040 
1966 047 080 055 039 115 065 049 095 116 043
1965 064 070 030 078 135 065 056 087 149 073
1964 097 087 027 086 094 063 073 081 159 067
1963 114 093 035 067 065 052 083 089 172 060
1962 128 097 044 051 084 032 058 064 133 052
1961 087 051 052 077 110 057 069 060 145 064
1960 091 062 051 097 110 089 089 076 141 069
1959 101 070 037 070 106 076 092 048 134 068
1958 108 067 053 080 115 087 092 054 119 075
1957 111 086 034 143 126 053 116 055 161 098
1956 126 101 039 096 083 051 119 053 221 096
1955 100 104 035 085 061 037 065 081 148 081
1954 076 081 071 067 075 041 055 076 083 058
1953 050 061 082 057 067 049 062 077 068 091
