1982 033 035 033 082 036 061 041 020 090 022
1981 043 024 035 139 039 049 034 023 066 014
1980 041 035 032 147 064 051 044 030 057 034
1979 051 038 019 146 060 066 022 024 083 047
1978 078 045 027 176 051 069 012 015 056 046
1977 089 051 045 155 053 069 036 024 058 054
1976 088 064 058 189 076 085 037 023 100 087
1975 056 089 053 189 079 049 038 021 089 047
1974 060 051 031 158 080 051 026 011 083 065
1973 114 062 058 181 100 023 034 017 041 058
1972 131 136 064 189 096 016 066 034 049 092
1971 129 150 113 235 160 042 064 041 067 184
1970 123 177 072 293 111 052 064 042 071 132
1969 132 127 059 238 142 080 063 027 056 124
1968 122 106 077 326 160 076 064 041 049 150
1967 145 121 076 249 176 122 059 041 047 171
1966 157 106 068 260 188 143 071 053 071 084
1965 177 098 097 261 218 077 105 052 072 080
1964 218 119 115 327 230 149 147 127 097 071
1963 256 153 135 369 227     169 093 131 208
1962 159 119 123 365 205     134 084 138 217
1961 179 101 079 366 231     134 070 118 166
1960 173 129 146 409 236     187 092 071 142
1959 248 166 136 337 219     216 106 080 171
1958 223 182 177 495 211     251 150 106 183
1957 187 173 194 396 162     215 122 176 264
1956 232 168 168 423 235     265 131 141   
1955     204 191 438         346 214 132
1954                             166 150
1953                                 175
