STAND 1, SURVEY DATE: 3 Aug 1990, OBSERVER: G.H. La Roi (# ), ROWS:0,2,4,6,8,  DATA ENTRY: 16 Oct 1995

QUAD  0A    0C	  0E	0G    0I    2I	  2G	2E    2C    2A	  4A	4C    4E    4G	  4I	6I    6G    6E	  6C	6A    8A    8C	  8E	8G    8I    4a	  4c	4e    4g    4i

PIBA   2.0  21.0   8.0	 9.0  16.0   8.0  13.0	 8.0  14.0  15.0   8.0	 8.0   6.0   5.0   8.0	 5.0  20.0   5.0  10.0	 8.0   2.0  22.0   2.0	16.0  11.0
PIGL   0.0   0.0   0.0	 0.0   0.0   0.0   0.0	 0.0   0.0   0.0   0.0	 0.0   0.0   0.0   1.0	 0.0   0.0   0.0   0.0	 0.0   0.0   0.0   0.0	 0.0   0.0
POTR   0.0   0.0   0.0	 0.0   0.0   0.0   0.0	 0.0   0.0   0.0   0.0	 0.0   1.0   0.0   0.0	 0.0   0.0   0.0   0.0	 0.0   0.0   0.0   0.0	 0.0   0.0
ALCR   0.0   0.0   2.0	 3.0   9.0   5.0   0.0	 0.0   0.0   2.0   0.0	 0.0   0.0   0.0   0.0	 0.0   0.0   0.0   0.0	 0.1   0.0   0.0   0.0	 0.0   0.0
AMAL   1.0   0.5   0.1	 0.1   2.0   0.0   1.0	 2.0   0.5   0.0   1.0	 1.0   2.0   0.1   0.0	 0.1   1.0   2.0   2.0	 2.0   0.0   0.1   1.0	 0.5   0.5
ARUV  14.0   1.0  15.0	16.0   5.0  13.0  17.0	21.0  18.0  13.0  10.0	12.0  11.0  18.0  19.0	26.0  32.0  13.0  12.0	13.0  25.0  30.0  19.0	20.0  20.0
PRPE   0.5   0.01  0.0	 0.5   0.0   1.0   0.0	 0.0   0.0   0.0   0.0	 0.0   0.0   0.0   0.5	 0.0   0.0   0.0   0.0	 0.0   0.0   0.0   0.0	 0.0   0.0
PRVI   0.0   0.0   0.0	 0.0   0.0   0.0   0.0	 0.0   0.0   0.0   0.0	 0.0   0.0   0.0   0.0	 0.0   0.0   0.0   0.0	 0.0   0.0   0.0   0.0	 0.0   0.1
ROAC   1.0   0.1   0.0	 0.01  0.5   1.0   0.1	 0.5   0.5   1.0   0.0	 3.0   4.0   1.0   0.1	 0.1   1.0   2.0   0.0	 1.0   0.0   0.0   0.0	 0.0   0.1
RUID   0.0   0.0   0.0	 0.0   0.5   1.0   0.0	 0.0   0.0   0.0   0.0	 0.0   0.0   0.0   0.0	 0.0   0.0   0.0   0.0	 0.0   0.0   0.0   0.0	 0.0   0.0
SABE   0.0   0.0   0.0	 0.0   0.0   0.0   0.0	 0.0   0.0   0.0   0.0	 0.0   0.5   0.0   0.0	 0.0   0.0   0.0   0.0	 0.0   0.0   0.0   0.0	 0.0   0.0
SHCA   0.0   0.0   1.0	 0.0   0.0   0.0   0.0	 1.0   0.0   4.0   0.0	 0.5   0.5   0.5   1.0	 0.0   0.0   0.0   0.1	 0.0   0.0   0.0   0.0	 0.0   0.0
SYAL   0.0   0.0   0.0	 0.0   0.0   0.0   0.0	 0.0   0.0   0.0   0.0	 0.0   0.0   0.0   0.0	 0.0   0.0   0.0   0.0	 0.0   0.0   0.0   0.0	 0.0   0.0
VAMY   0.5   0.1   0.5	 0.5   0.5   5.0   0.5	 1.0   0.5   1.0   0.5	 1.0   4.0   5.0   1.0	 2.0   1.0   1.0   1.0	 1.0   0.0   3.0   0.5	 2.0   0.0
VAVI   3.0   0.01  6.0	14.0   5.0   4.0  13.0	 8.0  10.0   6.0   1.0	 4.0  11.0   6.0   5.0	 7.0  10.0   4.0   4.0	 4.0   2.0  14.0   3.0	 4.0   6.0
ACMI   0.01  0.0   0.0	 0.0   0.0   0.0   0.0	 0.0   0.0   0.0   0.0	 0.0   0.0   0.0   0.0	 0.0   0.0   0.0   0.0	 0.0   0.0   0.0   0.0	 0.0   0.0
ANMU   0.0   0.0   0.01  0.0   0.0   0.1   0.1	 0.0   0.1   0.0   0.01  0.01  0.1   0.01  0.01  0.5   0.0   0.01  0.01  0.1   0.1   0.1   0.0	 0.1   0.1

QUAD  0A    0C	  0E	0G    0I    2I	  2G	2E    2C    2A	  4A	4C    4E    4G	  4I	6I    6G    6E	  6C	6A    8A    8C	  8E	8G    8I    4a	  4c	4e    4g    4i
ANPA   0.1   0.01  0.0	 0.1   0.0   0.5   0.0	 0.1   0.01  0.1   0.1	 0.01  0.5   0.01  0.1	 0.1   0.1   0.01  0.5	 0.1   0.1   0.1   0.0	 0.1   0.1
ANRA   0.0   0.0   0.0	 0.5   0.0   0.0   0.0	 0.0   0.0   0.0   0.0	 0.0   1.0   0.0   0.0	 0.0   0.0   0.0   0.0	 0.0   0.0   0.0   0.1	 0.0   0.0
ARCA   0.01  0.0   0.0	 0.0   0.0   0.0   0.0	 0.0   0.0   0.0   0.0	 0.0   0.0   0.0   0.0	 0.0   0.0   0.0   0.0	 0.0   0.01  0.0   0.0	 0.0   0.0
ASLA   1.0   0.1   0.1	 0.5   0.1   0.0   0.1	 0.5   0.5   0.0   0.5	 0.1   1.0   0.5   0.1	 0.1   0.5   1.0   1.0	 0.5   0.5   0.1   2.0	 0.5   0.5
CARO   0.01  0.0   0.01  0.01  0.01  0.01  0.01  0.01  0.01  0.0   0.01  0.0   0.1   0.01  0.0	 0.0   0.01  0.01  0.01  0.01  0.0   0.0   0.01  0.01  0.0
EPAN   0.0   0.0   0.0	 0.0   0.0   0.0   0.0	 0.0   0.0   0.0   0.1	 0.0   0.0   0.0   0.0	 0.0   0.0   0.0   0.0	 0.1   0.0   0.0   0.0	 0.0   0.0
ERGL   0.0   0.0   0.0	 0.1   0.0   0.0   0.0	 0.1   0.0   0.0   0.1	 0.0   0.0   0.0   0.0	 0.0   0.0   0.0   0.0	 0.0   0.0   0.1   0.1	 0.0   0.0
FRVI   0.1   0.0   0.0	 0.01  0.0   0.1   0.1	 0.0   0.0   0.0   0.0	 0.0   0.5   0.0   0.0	 0.0   0.0   0.0   0.0	 0.0   0.0   0.0   0.0	 0.0   0.0
GABO   0.1   0.1   0.01  0.1   0.1   0.5   0.1	 0.1   0.1   0.0   0.5	 0.5   0.5   0.1   0.01  0.1   0.0   0.5   0.1	 0.5   0.1   0.5   0.5	 0.1   0.1
GELI   0.0   0.0   0.01  2.0   2.0   0.0   0.0	 0.0   0.0   0.0   0.0	 0.0   0.0   0.0   0.0	 0.0   0.0   0.0   0.0	 0.0   0.0   0.0   0.0	 0.0   0.0
HIUM   0.0   0.0   0.0	 0.0   0.0   0.0   0.0	 0.0   0.0   0.0   0.1	 0.01  0.0   0.0   0.1	 0.0   0.0   0.01  0.5	 0.1   0.1   0.5   0.5	 0.1   0.01
LAOC   0.0   0.0   0.01  0.0   0.0   0.0   0.0	 0.0   0.0   0.0   0.0	 0.0   0.0   0.0   0.0	 0.0   0.0   0.0   0.0	 0.0   0.0   0.0   0.0	 0.0   0.0
LIBO   0.0   0.0   0.0	 2.0   4.0   7.0   1.0	 0.0   0.0   2.0   0.0	 0.5   7.0   2.0   0.1	 0.5   0.5   0.0   1.0	 1.0   0.0   0.5   0.0	 0.5   0.1
LIPH   0.0   0.0   0.0	 0.0   0.0   0.0   0.0	 0.0   0.0   0.0   0.0	 0.0   0.01  0.0   0.0	 0.0   0.0   0.0   0.0	 0.0   0.0   0.0   0.0	 0.0   0.0
MACA   1.0   0.5   1.0	 4.0   7.0   3.0   1.0	 1.0   3.0   1.0   1.0	 3.0   3.0   3.0   3.0	 3.0   0.5   3.0   2.0	 1.0   0.1   1.0   1.0	 3.0   0.5
ORSE   0.0   0.0   0.0	 0.0   0.0   0.1   0.0	 0.0   0.0   1.0   0.0	 0.0   0.1   0.0   0.0	 0.0   0.0   0.0   0.0	 0.0   0.0   0.0   0.0	 0.0   0.0
PYCH   0.0   0.0   0.0	 0.1   0.0   0.0   0.5	 0.0   0.0   0.0   0.1	 0.0   0.1   0.1   0.5	 0.0   0.0   0.0   0.0	 0.1   0.1   0.0   0.0	 0.0   0.0
SOSP   0.1   0.1   0.1	 0.01  0.0   0.0   0.0	 0.1   0.1   0.0   0.1	 0.1   0.1   0.0   0.1	 0.0   0.0   0.1   0.0	 0.1   0.5   0.1   0.0	 0.1   0.1
VIAD   0.0   0.01  0.1	 0.1   0.0   0.0   0.0	 0.0   0.0   0.0   0.0	 0.1   0.1   0.0   0.1	 0.0   0.0   0.1   0.0	 0.0   0.0   0.0   0.0	 0.1   0.1
CXSI   0.0   0.01  0.0	 0.0   0.0   0.0   0.0	 0.0   0.0   0.01  0.0	 0.0   0.0   0.0   0.0	 0.0   0.0   0.0   0.0	 0.0   0.0   0.0   0.0	 0.0   0.0
CXRI   1.0   1.0   0.5	 0.5   0.1   0.1   0.1	 0.1   0.1   0.1   1.0	 0.1   0.5   0.1   0.1	 0.5   0.5   0.5   0.5	 1.0   0.0   0.5   0.5	 0.5   0.1

QUAD  0A    0C	  0E	0G    0I    2I	  2G	2E    2C    2A	  4A	4C    4E    4G	  4I	6I    6G    6E	  6C	6A    8A    8C	  8E	8G    8I    4a	  4c	4e    4g    4i
ELGL   0.01  0.01  0.0	 0.0   0.0   0.0   0.0	 0.0   0.0   0.0   0.01  0.0   0.0   0.0   0.0	 0.0   0.0   0.0   0.0	 0.0   0.0   0.0   0.0	 0.0   0.0
ELIN   0.0   0.0   0.1	 0.0   0.1   0.1   0.0	 0.5   0.0   0.0   0.5	 0.1   0.0   0.1   0.01  0.0   0.0   0.1   0.0	 0.01  0.01  0.0   0.0	 0.0   0.1
ORAS   0.01  0.0   0.01  0.1   0.1   0.5   0.1	 0.1   0.01  0.01  0.0	 0.01  0.5   0.01  0.1	 0.01  0.0   0.01  0.01  0.01  0.1   0.01  0.0	 0.0   0.0
ORPU   0.1   0.01  0.1	 0.1   0.01  0.1   0.1	 0.1   0.1   0.01  0.5	 0.1   0.1   0.01  0.1	 0.01  0.01  0.01  0.1	 0.1   0.0   0.1   0.1	 0.1   0.1
SCPU   0.0   0.0   0.0	 0.0   0.0   0.0   0.0	 0.0   0.0   0.0   0.0	 0.0   0.0   0.0   0.0	 0.0   0.0   0.0   0.0	 0.0   0.0   0.0   0.0	 0.0   0.0
EQVA   0.1   0.01  0.01  0.01  0.0   0.01  0.01  0.1   0.01  0.01  0.1	 0.01  0.1   0.01  0.01  0.01  0.1   0.01  0.1	 0.1   0.1   0.1   0.01  0.01  0.01
LYCO   0.0   0.0   0.0	 0.0   0.0   0.0   0.0	 0.0   3.0   2.0   0.0	 3.0   2.0   0.0   0.0	 0.0   0.0   0.0   0.5	 0.0   0.0   0.0   0.0	 0.0   0.0
GEAM   0.0   0.0   0.0	 0.0   0.0   0.0   0.0	 0.0   0.0   0.0   0.0	 0.0   0.0   0.0   0.0	 0.0   0.0   0.0   0.0	 0.0   0.0   0.0   0.0	 0.0   0.0
ROWO   0.0   0.0   0.0	 0.0   0.0   0.0   0.0	 0.0   0.0   0.0   0.0	 0.0   0.0   0.0   0.0	 0.0   0.1   0.0   0.0	 0.0   0.0   0.0   0.1	 0.1   0.0
MELI   0.0   0.0   0.0	 0.0   0.0   1.0   0.0	 0.0   0.0   0.0   0.0	 0.0   0.0   0.5   2.0	 0.0   0.0   0.0   0.0	 0.0   0.0   0.0   0.0	 0.0   0.0
AGSC   0.0   0.0   0.0	 0.0   0.0   0.0   0.0	 0.0   0.0   0.0   0.0	 0.0   0.0   0.0   0.0	 0.0   0.0   0.0   0.0	 0.0   0.0   0.0   0.0	 0.0   0.0
ARLY   0.0   0.0   0.0	 0.0   0.0   0.0   0.0	 0.0   0.0   0.0   0.0	 0.0   0.0   0.0   0.0	 0.0   0.0   0.0   0.0	 0.0   0.0   0.0   0.01  0.0   0.0
VIRE   0.0   0.0   0.0	 0.01  0.0   0.0   0.0	 0.0   0.0   0.0   0.0	 0.0   0.0   0.0   0.0	 0.0   0.0   0.0   0.0	 0.0   0.0   0.0   0.0	 0.0   0.0
temp  48    51	  50	51    51    52	  51	51    51    53	  53	53    52    53	  53	54    54    54	  55	55    56     55   57	57    57




