STAND 1, SURVEY DATE: 14 Jul 1981, OBSERVERS: G.H. La Roi (#1 ), ROWS: 4G,4I,6,8, R.A. Ellis (#2), ROWS: 0,2,4A,4C,4E, DATA ENTRY: 8 Nov 1995  (started using "." cover symbol = 0.01%; no soil temp data; not sure why?)

QUAD  0A    0C	  0E	0G    0I    2I	  2G	2E    2C    2A	  4A	4C    4E    4G	  4I	6I    6G    6E	  6C	6A    8A    8C	  8E	8G    8I    4a	  4c	4e    4g    4i

PIBA   2.0  30.0  12.0	10.0  15.0   5.0  15.0	 8.0  10.0  15.0   7.0	 7.0   5.0   5.0   5.0	 4.0  15.0   3.0   4.0	 6.0   1.0  20.0   1.0	10.0   7.0
PIGL   0.0   0.0   0.0	 0.0   0.0   0.0   0.0	 0.0   0.0   0.0   0.0	 0.0   0.0   0.0   0.1	 0.0   0.0   0.0   0.0	 0.0   0.0   0.0   0.0	 0.0   0.0
POTR   0.0   0.0   0.0	 0.0   0.0   0.0   0.0	 0.0   0.0   0.0   0.0	 0.0   0.5   0.0   0.0	 0.0   0.0   0.0   0.0	 0.0   0.0   0.0   0.0	 0.0   0.0
ALCR   0.0   0.0   2.0	 2.0  25.0   6.0   0.0	 0.0   0.0   0.0   0.0	 0.0   0.0   0.0   0.0	 0.0   0.0   0.0   0.0	 0.0   0.0   0.0   0.0	 0.0   0.0
AMAL   1.0   1.0   0.5	 0.5   0.5   0.0   0.5	 2.0   1.0   0.5   0.5	 1.0   2.0   0.1   0.01  0.1   0.5   0.5   1.0	 1.0   0.0   0.5   1.0	 0.5   0.1
ARUV  25.0   2.0  30.0	15.0   4.0  10.0  10.0	25.0  20.0  10.0  10.0	20.0  12.0  15.0  30.0	20.0  20.0  15.0  15.0	12.0   6.0  30.0  15.0	20.0  25.0
PRPE   0.5   0.1   0.0	 0.5   0.0   1.0   0.0	 0.0   0.0   0.0   0.0	 0.0   0.0   0.0   0.5	 0.0   0.0   0.0   0.0	 0.0   0.0   0.0   0.0	 0.0   0.0
PRVI   0.0   0.0   0.0	 0.0   0.0   0.0   0.0	 0.0   0.0   0.0   0.0	 0.0   0.0   0.0   0.0	 0.0   0.0   0.0   0.0	 0.0   0.0   0.0   0.0	 0.0   0.1
ROAC   2.0   1.0   0.0	 0.5   2.0   2.0   0.0	 0.1   0.5   3.0   0.5	 3.0  10.0   0.5   0.5	 0.1   0.5   1.0   0.0	 0.5   0.0   0.0   0.1	 0.5   0.1
RUID   0.0   0.0   0.0	 0.5   0.5   2.0   0.0	 0.0   0.0   0.0   0.0	 0.0   0.0   0.0   0.0	 0.0   0.0   0.0   0.0	 0.0   0.0   0.0   0.0	 0.0   0.0
SABE   0.0   0.0   0.0	 0.0   0.0   0.0   0.0	 0.0   0.0   0.0   0.0	 0.0   0.5   0.0   0.0	 0.0   0.0   0.0   0.0	 0.0   0.0   0.0   0.0	 0.0   0.0
SHCA   0.0   0.0   1.0	 0.0   0.0   0.0   0.0	 0.0   0.0   3.0   0.0	 0.0   0.0   0.1   0.1	 0.0   0.0   0.0   0.0	 0.0   0.0   0.0   0.0	 0.0   0.0
SYAL   0.0   0.0   0.0	 0.0   0.0   0.0   0.0	 0.0   0.0   0.0   0.0	 0.0   0.0   0.0   0.0	 0.0   0.0   0.0   0.0	 0.0   0.0   0.0   0.0	 0.01  0.0
VAMY   1.0   0.5   0.5	 1.0   2.0   5.0   0.5	 1.0   2.0   4.0   0.0	 0.5   3.0   2.0   0.1	 2.0   0.5   0.5   0.5	 1.0   0.0   2.0   0.5	 0.5   0.0
VAVI   0.5   0.0   5.0	15.0  12.0   7.0  20.0	 4.0   2.0   5.0   0.5	10.0  20.0  15.0   6.0	12.0  10.0  10.0   6.0	 3.0   0.1  10.0   2.0	 7.0   7.0
ACMI   0.0   0.0   0.0	 0.0   0.0   0.0   0.0	 0.0   0.0   0.0   0.0	 0.0   0.01  0.0   0.0	 0.0   0.0   0.0   0.0	 0.0   0.0   0.0   0.0	 0.0   0.0
ANMU   0.1   0.1   0.01  0.5   0.1   0.5   0.1	 0.5   0.5   0.1   0.1	 0.5   0.5   0.0   0.0	 0.0   0.0   0.0   0.0	 0.0   0.0   0.0   0.0	 0.0   0.0

QUAD  0A    0C	  0E	0G    0I    2I	  2G	2E    2C    2A	  4A	4C    4E    4G	  4I	6I    6G    6E	  6C	6A    8A    8C	  8E	8G    8I    4a	  4c	4e    4g    4i
ANPA   0.0   0.0   0.0	 0.0   0.0   0.0   0.0	 0.0   0.0   0.0   0.0	 0.0   0.0   0.5   0.5	 0.1   0.1   0.5   0.1	 0.1   0.1   0.1   0.1	 0.5   0.1
ANRA   0.0   0.0   0.0	 0.0   0.0   0.0   0.0	 0.0   0.0   0.0   0.0	 0.0   0.1   0.0   0.0	 0.0   0.0   0.0   0.0	 0.0   0.0   0.0   0.0	 0.0   0.0
ARCA   0.0   0.0   0.0	 0.0   0.0   0.0   0.0	 0.0   0.0   0.0   0.1	 0.0   0.0   0.0   0.0	 0.0   0.0   0.0   0.0	 0.0   0.0   0.0   0.1	 0.0   0.0
ASLA   1.0   0.1   0.5	 1.0   1.0   1.0   1.0	 1.0   1.0   0.1   1.0	 1.0   2.0   0.5   0.5	 0.5   0.1   0.5   1.0	 0.5   0.5   0.5   1.0	 0.5   0.5
CARO   0.01  0.01  0.1	 0.1   0.1   0.0   0.1	 0.1   0.1   0.01  0.0	 0.0   0.01  0.01  0.0	 0.01  0.01  0.1   0.1	 0.1   0.0   0.01  0.01  0.01  0.01
EPAN   0.0   0.0   0.0	 0.0   0.1   0.0   0.0	 0.0   0.0   0.01  0.0	 0.0   0.0   0.0   0.0	 0.0   0.0   0.0   0.0	 0.1   0.0   0.0   0.0	 0.0   0.0
ERGL   0.0   0.1   0.0	 0.5   0.0   0.0   0.0	 0.1   0.0   0.0   0.1	 0.1   0.1   0.0   0.0	 0.0   0.0   0.1   0.0	 0.1   0.1   0.1   0.01  0.0   0.0
FRVI   0.0   0.0   0.0	 0.5   0.0   0.5   0.0	 0.0   0.0   0.0   0.0	 0.0   1.0   0.0   0.0	 0.0   0.0   0.0   0.0	 0.0   0.0   0.0   0.0	 0.0   0.0
GABO   0.1   0.1   0.1	 0.5   0.5   1.0   1.0	 0.1   0.5   0.0   0.5	 0.5   0.5   1.0   0.1	 0.5   0.5   0.1   1.0	 0.1   0.5   0.5   0.5	 0.1   0.5
GELI   0.0   0.0   0.0	 0.5   2.0   0.0   0.0	 0.0   0.0   0.0   0.0	 0.0   0.0   0.0   0.0	 0.0   0.0   0.0   0.0	 0.0   0.0   0.0   0.0	 0.0   0.0
HIUM   0.01  0.0   0.0	 0.0   0.0   0.0   0.0	 0.0   0.1   0.01  0.0	 0.1   0.0   0.0   0.1	 0.0   0.0   0.1   0.01  0.1   0.1   0.1   0.1	 0.1   0.0
LAOC   0.0   0.0   0.1	 0.0   0.0   0.0   0.0	 0.0   0.0   0.0   0.0	 0.0   0.0   0.0   0.0	 0.0   0.0   0.0   0.0	 0.0   0.0   0.0   0.0	 0.0   0.0
LIBO   0.0   0.0   0.0	 1.0   3.0   4.0   0.5	 0.0   0.0   2.0   0.0	 0.0   7.0   3.0   0.5	 0.0   0.1   0.0   0.5	 1.0   0.0   2.0   0.0	 0.5   0.0
LIPH   0.0   0.0   0.0	 0.0   0.0   0.0   0.0	 0.0   0.0   0.0   0.0	 0.0   0.5   0.0   0.0	 0.0   0.0   0.0   0.0	 0.0   0.0   0.0   0.0	 0.0   0.0
MACA   0.5   0.5   1.0	 2.0   4.0   3.0   2.0	 0.5   2.0   1.0   0.5	 2.0   0.5   1.0   0.5	 0.5   0.1   1.0   0.5	 0.1   0.1   0.5   0.1	 1.0   0.1
ORSE   0.0   0.0   0.0	 0.0   0.0   0.0   0.0	 0.0   0.0   0.1   0.0	 0.0   0.1   0.0   0.0	 0.0   0.0   0.0   0.0	 0.0   0.0   0.0   0.0	 0.0   0.0
PYCH   0.0   0.0   0.0	 0.0   0.0   0.0   0.0	 0.0   0.0   0.1   0.5	 0.0   0.5   0.0   0.5	 0.0   0.0   0.0   0.0	 0.0   0.01  0.0   0.0	 0.0   0.0
SOSP   0.5   0.5   0.1	 0.1   0.01  0.0   0.0	 1.0   0.5   0.0   0.5	 0.5   0.1   0.1   0.1	 0.1   0.01  0.1   0.0	 0.1   0.1   0.1   0.1	 0.1   0.1
VIAD   0.0   0.01  0.0	 0.0   0.1   0.0   0.0	 0.1   0.1   0.1   0.1	 0.1   0.1   0.1   0.1	 0.0   0.0   0.01  0.01  0.0   0.0   0.1   0.1	 0.1   0.1
CXSI   0.0   0.0   0.0	 0.0   0.0   0.0   0.0	 0.0   0.0   0.0   0.0	 0.0   0.0   0.0   0.0	 0.0   0.0   0.0   0.0	 0.0   0.0   0.0   0.0	 0.0   0.0
CXRI   1.0   1.0   1.0	 1.0   0.5   1.0   0.5	 2.0   0.5   0.1   0.5	 1.0   0.5   0.5   0.5	 0.5   0.1   1.0   0.1	 0.5   1.0   0.5   0.5	 0.1   1.0

QUAD  0A    0C	  0E	0G    0I    2I	  2G	2E    2C    2A	  4A	4C    4E    4G	  4I	6I    6G    6E	  6C	6A    8A    8C	  8E	8G    8I    4a	  4c	4e    4g    4i
ELGL   0.0   0.0   0.0	 0.0   0.1   0.0   0.0	 0.0   0.0   0.0   0.0	 0.0   0.0   0.0   0.0	 0.0   0.0   0.1   0.0	 0.0   0.1   0.01  0.1	 0.0   0.0
ELIN   0.5   0.5   0.0	 0.0   2.0   3.0   1.0	 0.5   1.0   0.1   0.5	 0.5   1.0   0.5   0.1	 0.0   0.01  0.1   0.0	 0.1   0.1   0.1   0.01  0.1   0.1
ORAS   0.0   0.0   0.5	 0.5   0.0   0.0   0.5	 0.0   0.0   0.0   0.0	 0.0   2.0   0.5   0.0	 0.1   0.0   0.1   0.1	 0.1   0.01  0.1   0.01  0.0   0.01
ORPU   0.5   0.5   1.0	 2.0   0.5   2.0   0.5	 2.0   0.5   0.1   4.0	 1.0   0.5   1.0   0.5	 0.5   0.1   0.5   0.5	 0.5   0.5   0.1   0.5	 0.5   0.5
SCPU   0.0   0.0   0.0	 0.0   0.0   0.0   0.0	 0.0   0.0   0.0   0.0	 0.0   0.0   0.0   0.0	 0.0   0.0   0.0   0.0	 0.0   0.0   0.0   0.0	 0.0   0.0
EQVA   0.1   0.1   0.1	 0.0   0.01  0.0   0.01  0.1   0.1   0.01  0.1	 0.01  0.1   0.1   0.0	 0.1   0.01  0.01  0.1	 0.5   0.1   0.5   0.1	 0.0   0.1
LYCO   0.0   0.0   0.0	 0.0   0.0   0.0   0.0	 0.0   4.0   6.0   0.0	 3.0   1.0   0.0   0.0	 0.0   0.0   0.0   0.0	 0.0   0.0   0.0   0.0	 0.0   0.0
GEAM   0.0   0.0   0.0	 0.0   0.0   0.0   0.0	 0.0   0.0   0.0   0.0	 0.0   0.0   0.0   0.0	 0.0   0.0   0.0   0.0	 0.0   0.0   0.0   0.0	 0.0   0.0
ROWO   0.0   0.0   0.0	 0.0   0.0   0.0   0.0	 0.0   0.0   0.0   0.0	 0.0   0.0   0.0   0.0	 0.0   0.0   0.0   0.0	 0.0   0.0   0.0   0.0	 0.0   0.0
MELI   0.0   0.0   0.0	 0.0   0.0   0.0   0.0	 0.0   0.0   0.0   0.0	 0.0   0.0   0.0   0.0	 0.0   0.0   0.0   0.0	 0.0   0.0   0.0   0.0	 0.0   0.0
AGSC   0.0   0.0   0.0	 0.0   0.0   0.0   0.0	 0.0   0.0   0.0   0.0	 0.0   0.0   0.0   0.0	 0.0   0.0   0.0   0.0	 0.0   0.0   0.0   0.0	 0.0   0.0
ARLY   0.0   0.0   0.0	 0.0   0.0   0.0   0.0	 0.0   0.0   0.0   0.0	 0.0   0.0   0.0   0.0	 0.0   0.0   0.0   0.0	 0.0   0.0   0.0   0.0	 0.0   0.0
VIRE   0.0   0.0   0.0	 0.0   0.0   0.0   0.0	 0.0   0.0   0.0   0.0	 0.0   0.0   0.0   0.0	 0.0   0.0   0.0   0.0	 0.0   0.0   0.0   0.0	 0.0   0.0
AGSU   0.0   0.0   0.0	 0.0   0.0   0.0   0.0	 0.0   0.0   0.0   0.0	 0.0   0.0   0.0   0.0	 0.0   0.0   0.0   0.0	 0.0   0.0   0.0   0.0	 0.0   0.0
temp
