STAND 1,  7 OCT 1986, OBSERVER:GHLR (#1), ROWS:0,6,  DATA ENTRY:10 OCT 1994

QUAD  0A    0C	  0E	0G    0I    2I	  2G	2E    2C    2A	  4A	4C    4E    4G	  4I	6I    6G    6E	  6C	6A    8A    8C	  8E	8G    8I    4a	  4c	4e    4g    4i

PIBA   2.0  20.0   8.0	 5.0  13.0   0.0   0.0	 0.0   0.0   0.0   0.0	 0.0   0.0   0.0   0.0	 6.0  15.0   5.0   6.0	 9.0   0.0   0.0   0.0	 0.0   0.0
PIGL   0.0   0.0   0.0	 0.0   0.0   0.0   0.0	 0.0   0.0   0.0   0.0	 0.0   0.0   0.0   0.0	 0.0   0.0   0.0   0.0	 0.0   0.0   0.0   0.0	 0.0   0.0
POTR   0.0   0.0   0.0	 0.0   0.0   0.0   0.0	 0.0   0.0   0.0   0.0	 0.0   0.0   0.0   0.0	 0.0   0.0   0.0   0.0	 0.0   0.0   0.0   0.0	 0.0   0.0
ALCR   0.0   0.0   0.1	 0.01  2.0   0.0   0.0	 0.0   0.0   0.0   0.0	 0.0   0.0   0.0   0.0	 0.0   0.0   0.0   0.0	 0.0   0.0   0.0   0.0	 0.0   0.0
AMAL   0.01  0.01  0.01  0.01  0.01  0.0   0.0	 0.0   0.0   0.0   0.0	 0.0   0.0   0.0   0.0	 0.0   0.01  0.01  0.1	 0.01  0.0   0.0   0.0	 0.0   0.0
ARUV  17.0   1.0  18.0	20.0   5.0   0.0   0.0	 0.0   0.0   0.0   0.0	 0.0   0.0   0.0   0.0	24.0  20.0  15.0  17.0	10.0   0.0   0.0   0.0	 0.0   0.0
PRPE   0.0   0.0   0.0	 0.01  0.0   0.0   0.0	 0.0   0.0   0.0   0.0	 0.0   0.0   0.0   0.0	 0.0   0.0   0.0   0.0	 0.0   0.0   0.0   0.0	 0.0   0.0
PRVI   0.0   0.0   0.0	 0.0   0.0   0.0   0.0	 0.0   0.0   0.0   0.0	 0.0   0.0   0.0   0.0	 0.0   0.0   0.0   0.0	 0.0   0.0   0.0   0.0	 0.0   0.0
ROAC   0.01  0.01  0.0	 0.01  0.01  0.0   0.0	 0.0   0.0   0.0   0.0	 0.0   0.0   0.0   0.0	 0.01  0.01  0.1   0.01  0.01  0.0   0.0   0.0	 0.0   0.0
RUID   0.0   0.0   0.0	 0.01  0.01  0.0   0.0	 0.0   0.0   0.0   0.0	 0.0   0.0   0.0   0.0	 0.0   0.0   0.0   0.0	 0.0   0.0   0.0   0.0	 0.0   0.0
SABE   0.0   0.0   0.0	 0.0   0.0   0.0   0.0	 0.0   0.0   0.0   0.0	 0.0   0.0   0.0   0.0	 0.0   0.0   0.0   0.0	 0.0   0.0   0.0   0.0	 0.0   0.0
SHCA   0.0   0.0   0.01  0.0   0.0   0.0   0.0	 0.0   0.0   0.0   0.0	 0.0   0.0   0.0   0.0	 0.0   0.0   0.0   0.0	 0.0   0.0   0.0   0.0	 0.0   0.0
SYAL   0.0   0.0   0.0	 0.0   0.0   0.0   0.0	 0.0   0.0   0.0   0.0	 0.0   0.0   0.0   0.0	 0.0   0.0   0.0   0.0	 0.0   0.0   0.0   0.0	 0.0   0.0
VAMY   0.01  0.0   0.0	 0.01  0.1   0.0   0.0	 0.0   0.0   0.0   0.0	 0.0   0.0   0.0   0.0	 0.1   0.1   0.1   0.1	 0.01  0.0   0.0   0.0	 0.0   0.0
VAVI   1.0   0.1   9.0	16.0   6.0   0.0   0.0	 0.0   0.0   0.0   0.0	 0.0   0.0   0.0   0.0	 8.0  16.0   7.0   6.0	 4.0   0.0   0.0   0.0	 0.0   0.0
ACMI   0.0   0.0   0.0	 0.0   0.0   0.0   0.0	 0.0   0.0   0.0   0.0	 0.0   0.0   0.0   0.0	 0.0   0.0   0.0   0.0	 0.0   0.0   0.0   0.0	 0.0   0.0
ANMU   0.0   0.0   0.0	 0.01  0.0   0.0   0.0	 0.0   0.0   0.0   0.0	 0.0   0.0   0.0   0.0	 0.0   0.0   0.0   0.0	 0.0   0.0   0.0   0.0	 0.0   0.0

QUAD  0A    0C	  0E	0G    0I    2I	  2G	2E    2C    2A	  4A	4C    4E    4G	  4I	6I    6G    6E	  6C	6A    8A    8C	  8E	8G    8I    4a	  4c	4e    4g    4i
ANPA   0.0   0.0   0.0	 0.0   0.0   0.0   0.0	 0.0   0.0   0.0   0.0	 0.0   0.0   0.0   0.0	 0.0   0.0   0.0   0.0	 0.0   0.0   0.0   0.0	 0.0   0.0
ANRA   0.0   0.0   0.0	 0.5   0.0   0.0   0.0	 0.0   0.0   0.0   0.0	 0.0   0.0   0.0   0.0	 0.0   0.0   0.0   0.0	 0.0   0.0   0.0   0.0	 0.0   0.0
ARCA   0.0   0.0   0.0	 0.0   0.0   0.0   0.0	 0.0   0.0   0.0   0.0	 0.0   0.0   0.0   0.0	 0.0   0.0   0.0   0.0	 0.0   0.0   0.0   0.0	 0.0   0.0
ASLA   0.5   0.1   0.1	 0.1   0.0   0.0   0.0	 0.0   0.0   0.0   0.0	 0.0   0.0   0.0   0.0	 0.1   0.1   0.5   0.1	 0.1   0.0   0.0   0.0	 0.0   0.0
CARO   0.0   0.0   0.0	 0.01  0.0   0.0   0.0	 0.0   0.0   0.0   0.0	 0.0   0.0   0.0   0.0	 0.0   0.0   0.01  0.0	 0.0   0.0   0.0   0.0	 0.0   0.0
EPAN   0.0   0.0   0.0	 0.0   0.0   0.0   0.0	 0.0   0.0   0.0   0.0	 0.0   0.0   0.0   0.0	 0.0   0.0   0.0   0.0	 0.0   0.0   0.0   0.0	 0.0   0.0
ERGL   0.0   0.0   0.1	 0.0   0.0   0.0   0.0	 0.0   0.0   0.0   0.0	 0.0   0.0   0.0   0.0	 0.0   0.0   0.0   0.0	 0.1   0.0   0.0   0.0	 0.0   0.0
FRVI   0.01  0.0   0.0	 0.1   0.0   0.0   0.0	 0.0   0.0   0.0   0.0	 0.0   0.0   0.0   0.0	 0.0   0.0   0.0   0.0	 0.0   0.0   0.0   0.0	 0.0   0.0
GABO   0.0   0.0   0.0	 0.0   0.0   0.0   0.0	 0.0   0.0   0.0   0.0	 0.0   0.0   0.0   0.0	 0.0   0.0   0.0   0.0	 0.0   0.0   0.0   0.0	 0.0   0.0
GELI   0.0   0.0   0.0	 0.0   0.0   0.0   0.0	 0.0   0.0   0.0   0.0	 0.0   0.0   0.0   0.0	 0.0   0.0   0.0   0.0	 0.0   0.0   0.0   0.0	 0.0   0.0
HIUM   0.0   0.0   0.0	 0.0   0.0   0.0   0.0	 0.0   0.0   0.0   0.0	 0.0   0.0   0.0   0.0	 0.0   0.0   0.0   0.0	 0.0   0.0   0.0   0.0	 0.0   0.0
LAOC   0.0   0.0   0.0	 0.0   0.0   0.0   0.0	 0.0   0.0   0.0   0.0	 0.0   0.0   0.0   0.0	 0.0   0.0   0.0   0.0	 0.0   0.0   0.0   0.0	 0.0   0.0
LIBO   0.0   0.0   0.0	 2.0   2.0   0.0   0.0	 0.0   0.0   0.0   0.0	 0.0   0.0   0.0   0.0	 0.1   0.5   0.0   0.1	 0.5   0.0   0.0   0.0	 0.0   0.0
LIPH   0.0   0.0   0.0	 0.0   0.0   0.0   0.0	 0.0   0.0   0.0   0.0	 0.0   0.0   0.0   0.0	 0.0   0.0   0.0   0.0	 0.0   0.0   0.0   0.0	 0.0   0.0
MACA   0.0   0.0   0.0	 0.0   0.0   0.0   0.0	 0.0   0.0   0.0   0.0	 0.0   0.0   0.0   0.0	 0.0   0.0   0.0   0.0	 0.0   0.0   0.0   0.0	 0.0   0.0
ORSE   0.0   0.0   0.0	 0.0   0.0   0.0   0.0	 0.0   0.0   0.0   0.0	 0.0   0.0   0.0   0.0	 0.0   0.0   0.0   0.0	 0.0   0.0   0.0   0.0	 0.0   0.0
PYCH   0.0   0.0   0.0	 0.0   0.0   0.0   0.0	 0.0   0.0   0.0   0.0	 0.0   0.0   0.0   0.0	 0.0   0.0   0.0   0.1	 0.0   0.0   0.0   0.0	 0.0   0.0
SOSP   0.1   0.01  0.01  0.1   0.0   0.0   0.0	 0.0   0.0   0.0   0.0	 0.0   0.0   0.0   0.0	 0.0   0.0   0.1   0.01  0.1   0.0   0.0   0.0	 0.0   0.0
VIAD   0.01  0.0   0.0	 0.0   0.0   0.0   0.0	 0.0   0.0   0.0   0.0	 0.0   0.0   0.0   0.0	 0.0   0.0   0.0   0.0	 0.0   0.0   0.0   0.0	 0.0   0.0
CXSI   0.0   0.0   0.0	 0.0   0.0   0.0   0.0	 0.0   0.0   0.0   0.0	 0.0   0.0   0.0   0.0	 0.0   0.0   0.0   0.0	 0.0   0.0   0.0   0.0	 0.0   0.0
CXRI   1.0   0.5   0.01  0.1   0.1   0.0   0.0	 0.0   0.0   0.0   0.0	 0.0   0.0   0.0   0.0	 0.1   0.1   0.5   0.1	 1.0   0.0   0.0   0.0	 0.0   0.0

QUAD  0A    0C	  0E	0G    0I    2I	  2G	2E    2C    2A	  4A	4C    4E    4G	  4I	6I    6G    6E	  6C	6A    8A    8C	  8E	8G    8I    4a	  4c	4e    4g    4i
ELGL   0.01  0.01  0.0	 0.0   0.0   0.0   0.0	 0.0   0.0   0.0   0.0	 0.0   0.0   0.0   0.0	 0.0   0.0   0.0   0.0	 0.0   0.0   0.0   0.0	 0.0   0.0
ELIN   0.0   0.0   0.01  0.01  0.1   0.0   0.0	 0.0   0.0   0.0   0.0	 0.0   0.0   0.0   0.0	 0.0   0.0   0.01  0.0	 0.01  0.0   0.0   0.0	 0.0   0.0
ORAS   0.0   0.0   0.0	 0.01  0.0   0.0   0.0	 0.0   0.0   0.0   0.0	 0.0   0.0   0.0   0.0	 0.0   0.0   0.0   0.0	 0.0   0.0   0.0   0.0	 0.0   0.0
ORPU   0.01  0.01  0.1	 0.01  0.01  0.0   0.0	 0.0   0.0   0.0   0.0	 0.0   0.0   0.0   0.0	 0.01  0.01  0.01  0.01  0.01  0.0   0.0   0.0	 0.0   0.0
SCPU   0.0   0.0   0.0	 0.0   0.0   0.0   0.0	 0.0   0.0   0.0   0.0	 0.0   0.0   0.0   0.0	 0.0   0.0   0.0   0.0	 0.0   0.0   0.0   0.0	 0.0   0.0
EQVA   0.01  0.01  0.1	 0.01  0.0   0.0   0.0	 0.0   0.0   0.0   0.0	 0.0   0.0   0.0   0.0	 0.01  0.01  0.01  0.01  0.01  0.0   0.0   0.0	 0.0   0.0
LYCO   0.0   0.0   0.0	 0.0   0.0   0.0   0.0	 0.0   0.0   0.0   0.0	 0.0   0.0   0.0   0.0	 0.0   0.0   0.0   0.1	 0.0   0.0   0.0   0.0	 0.0   0.0
GEAM   0.0   0.0   0.0	 0.0   0.0   0.0   0.0	 0.0   0.0   0.0   0.0	 0.0   0.0   0.0   0.0	 0.0   0.0   0.0   0.0	 0.0   0.0   0.0   0.0	 0.0   0.0
ROWO   0.0   0.0   0.0	 0.0   0.0   0.0   0.0	 0.0   0.0   0.0   0.0	 0.0   0.0   0.0   0.0	 0.0   0.0   0.0   0.0	 0.0   0.0   0.0   0.0	 0.0   0.0
MELI   0.0   0.0   0.0	 0.0   0.0   0.0   0.0	 0.0   0.0   0.0   0.0	 0.0   0.0   0.0   0.0	 0.0   0.0   0.0   0.0	 0.0   0.0   0.0   0.0	 0.0   0.0
AGSC   0.0   0.0   0.0	 0.0   0.0   0.0   0.0	 0.0   0.0   0.0   0.0	 0.0   0.0   0.0   0.0	 0.0   0.0   0.0   0.0	 0.0   0.0   0.0   0.0	 0.0   0.0
temp  43    43	  43	43    45								43    44    43	  42	40



